数据由邢不行整理
股票代码,股票名称,交易日期,开盘价,最高价,最低价,收盘价,前收盘价,成交量,成交额,流通市值,总市值
sz000551,苏物贸Ａ,1994-01-06,8.8,9.0,7.8,8.95,4.6,3816500.0,32505000.0,241650000.0,671250000.0
sz000551,苏物贸Ａ,1994-01-07,9.0,9.3,8.75,9.05,8.95,4598000.0,41867000.0,244350000.0,678750000.0
sz000551,苏物贸Ａ,1994-01-10,9.05,9.05,8.7,8.8,9.05,1296800.0,11569000.0,237600000.0,660000000.0
sz000551,苏物贸Ａ,1994-01-11,8.7,8.8,8.35,8.35,8.8,707200.0,6042000.0,225450000.0,626250000.0
sz000551,苏物贸Ａ,1994-01-12,8.35,8.55,8.2,8.25,8.35,260400.0,2177000.0,222750000.0,618750000.0
sz000551,苏物贸Ａ,1994-01-13,8.3,8.35,8.0,8.3,8.25,364100.0,2970000.0,224100000.0,622500000.0
sz000551,苏物贸Ａ,1994-01-14,8.4,8.4,7.7,7.9,8.3,365600.0,2938000.0,213300000.0,592500000.0
sz000551,苏物贸Ａ,1994-01-17,7.95,8.05,7.6,7.85,7.9,379600.0,2980000.0,211950000.0,588750000.0
sz000551,苏物贸Ａ,1994-01-18,8.0,8.2,7.75,8.15,7.85,400900.0,3185000.0,220050000.0,611250000.0
sz000551,苏物贸Ａ,1994-01-19,8.15,8.15,7.75,7.8,8.15,251500.0,1975000.0,210600000.0,585000000.0
sz000551,苏物贸Ａ,1994-01-20,7.7,7.85,7.6,7.7,7.8,176400.0,1359000.0,207900000.0,577500000.0
sz000551,苏物贸Ａ,1994-01-21,7.8,7.85,7.7,7.75,7.7,112400.0,875000.0,209250000.0,581250000.0
sz000551,苏物贸Ａ,1994-01-24,7.8,7.95,7.75,7.75,7.75,118900.0,926000.0,209250000.0,581250000.0
sz000551,苏物贸Ａ,1994-01-25,7.7,7.7,7.55,7.55,7.75,133600.0,1017000.0,203850000.0,566250000.0
sz000551,苏物贸Ａ,1994-01-26,7.5,7.5,7.35,7.45,7.55,116100.0,863000.0,201150000.0,558750000.0
sz000551,苏物贸Ａ,1994-01-27,7.4,7.65,7.3,7.65,7.45,114500.0,852000.0,206550000.0,573750000.0
sz000551,苏物贸Ａ,1994-01-28,7.6,7.6,7.35,7.35,7.65,162100.0,1202000.0,198450000.0,551250000.0
sz000551,苏物贸Ａ,1994-01-31,7.3,7.3,6.95,6.95,7.35,108200.0,763000.0,187650000.0,521250000.0
sz000551,苏物贸Ａ,1994-02-01,6.7,7.2,6.7,6.9,6.95,349100.0,2444000.0,186300000.0,517500000.0
sz000551,苏物贸Ａ,1994-02-02,6.9,7.1,6.9,7.05,6.9,132400.0,928000.0,190350000.0,528750000.0
sz000551,苏物贸Ａ,1994-02-03,7.15,7.4,7.0,7.4,7.05,672000.0,4869000.0,199800000.0,555000000.0
sz000551,苏物贸Ａ,1994-02-04,7.6,8.3,7.45,8.25,7.4,1270400.0,10058000.0,222750000.0,618750000.0
sz000551,苏物贸Ａ,1994-02-14,8.45,8.5,7.4,7.4,8.25,477500.0,3699000.0,199800000.0,555000000.0
sz000551,苏物贸Ａ,1994-02-15,7.25,7.6,7.15,7.55,7.4,295900.0,2188000.0,203850000.0,566250000.0
sz000551,苏物贸Ａ,1994-02-16,7.55,8.0,7.35,7.6,7.55,967100.0,7457000.0,205200000.0,570000000.0
sz000551,苏物贸Ａ,1994-02-17,7.4,7.85,7.4,7.7,7.6,325000.0,2466000.0,207900000.0,577500000.0
sz000551,苏物贸Ａ,1994-02-18,7.75,7.8,7.6,7.7,7.7,339000.0,2619000.0,207900000.0,577500000.0
sz000551,苏物贸Ａ,1994-02-21,7.7,7.7,7.4,7.4,7.7,252000.0,1883000.0,199800000.0,555000000.0
sz000551,苏物贸Ａ,1994-02-22,7.7,8.1,7.6,7.7,7.4,859800.0,6724000.0,207900000.0,577500000.0
sz000551,苏物贸Ａ,1994-02-23,7.8,7.85,7.5,7.75,7.7,303800.0,2325000.0,209250000.0,581250000.0
sz000551,苏物贸Ａ,1994-02-24,7.85,8.0,7.65,7.95,7.75,719600.0,5670000.0,214650000.0,596250000.0
sz000551,苏物贸Ａ,1994-02-25,8.05,8.1,7.7,7.85,7.95,1110000.0,8838000.0,211950000.0,588750000.0
sz000551,苏物贸Ａ,1994-02-28,7.95,8.05,7.85,7.85,7.85,513300.0,4086000.0,211950000.0,588750000.0
sz000551,苏物贸Ａ,1994-03-01,7.8,7.9,7.8,7.8,7.85,180600.0,1412000.0,210600000.0,585000000.0
sz000551,苏物贸Ａ,1994-03-02,7.8,7.85,7.65,7.7,7.8,157200.0,1216000.0,207900000.0,577500000.0
sz000551,苏物贸Ａ,1994-03-03,7.65,7.7,7.55,7.6,7.7,176200.0,1342000.0,205200000.0,570000000.0
sz000551,苏物贸Ａ,1994-03-04,7.55,7.6,7.45,7.5,7.6,214100.0,1612000.0,202500000.0,562500000.0
sz000551,苏物贸Ａ,1994-03-07,7.55,7.9,7.55,7.8,7.5,968600.0,7516000.0,210600000.0,585000000.0
sz000551,苏物贸Ａ,1994-03-08,7.9,8.1,7.85,8.1,7.8,1910100.0,15338000.0,218700000.0,607500000.0
sz000551,苏物贸Ａ,1994-03-09,8.2,8.2,7.9,7.9,8.1,1101500.0,8853000.0,213300000.0,592500000.0
sz000551,苏物贸Ａ,1994-03-10,8.05,8.1,7.9,8.05,7.9,1440000.0,11504000.0,217350000.0,603750000.0
sz000551,苏物贸Ａ,1994-03-11,8.05,8.3,7.95,8.1,8.05,995600.0,8072000.0,218700000.0,607500000.0
sz000551,苏物贸Ａ,1994-03-14,8.3,8.6,8.25,8.5,8.1,1649700.0,13835000.0,229500000.0,637500000.0
sz000551,苏物贸Ａ,1994-03-15,8.55,8.85,8.4,8.55,8.5,4069500.0,34953000.0,230850000.0,641250000.0
sz000551,苏物贸Ａ,1994-03-16,8.55,8.95,8.4,8.95,8.55,2260400.0,19729000.0,241650000.0,671250000.0
sz000551,苏物贸Ａ,1994-03-17,8.95,9.65,8.75,9.65,8.95,11476500.0,106538000.0,260550000.0,723750000.0
sz000551,苏物贸Ａ,1994-03-18,9.75,9.8,9.4,9.7,9.65,8210700.0,79134000.0,261900000.0,727500000.0
sz000551,苏物贸Ａ,1994-03-21,9.5,9.5,8.4,8.45,9.7,3379000.0,30543000.0,228150000.0,633750000.0
sz000551,苏物贸Ａ,1994-03-22,8.35,8.7,8.2,8.6,8.45,1614700.0,13775000.0,232200000.0,645000000.0
sz000551,苏物贸Ａ,1994-03-23,8.5,8.55,8.25,8.45,8.6,1083600.0,9114000.0,228150000.0,633750000.0
sz000551,苏物贸Ａ,1994-03-24,8.3,8.55,8.2,8.4,8.45,549100.0,4595000.0,226800000.0,630000000.0
sz000551,苏物贸Ａ,1994-03-25,8.4,8.75,8.35,8.6,8.4,2464800.0,21163000.0,230850000.0,641250000.0
sz000551,苏物贸Ａ,1994-03-28,8.55,8.7,8.55,8.65,8.55,2826600.0,24402000.0,233550000.0,648750000.0
sz000551,苏物贸Ａ,1994-03-29,8.55,8.65,8.35,8.65,8.65,1241200.0,10602000.0,233550000.0,648750000.0
sz000551,苏物贸Ａ,1994-03-30,8.65,8.65,8.0,8.45,8.65,2656400.0,22641000.0,228150000.0,633750000.0
sz000551,苏物贸Ａ,1994-03-31,8.4,8.5,8.05,8.1,8.45,1518800.0,12573000.0,218700000.0,607500000.0
sz000551,苏物贸Ａ,1994-04-01,8.0,8.4,7.8,8.4,8.1,1300100.0,10453000.0,226800000.0,630000000.0
sz000551,苏物贸Ａ,1994-04-04,8.25,8.3,8.0,8.0,8.4,599900.0,4866000.0,216000000.0,600000000.0
sz000551,苏物贸Ａ,1994-04-05,7.95,8.3,7.95,8.2,8.0,560000.0,4580000.0,221400000.0,615000000.0
sz000551,苏物贸Ａ,1994-04-06,8.2,8.3,8.15,8.3,8.2,551300.0,4546000.0,224100000.0,622500000.0
sz000551,苏物贸Ａ,1994-04-07,8.3,8.45,8.0,8.05,8.3,1704900.0,14173000.0,217350000.0,603750000.0
sz000551,苏物贸Ａ,1994-04-08,8.05,8.1,7.7,7.8,8.05,1190400.0,9337000.0,210600000.0,585000000.0
sz000551,苏物贸Ａ,1994-04-11,7.7,7.8,7.45,7.5,7.8,507600.0,3875000.0,202500000.0,562500000.0
sz000551,苏物贸Ａ,1994-04-12,7.45,7.7,7.4,7.55,7.5,1475500.0,11157000.0,203850000.0,566250000.0
sz000551,苏物贸Ａ,1994-04-13,7.7,7.7,7.1,7.2,7.55,873700.0,6422000.0,194400000.0,540000000.0
sz000551,苏物贸Ａ,1994-04-14,7.0,7.15,6.8,6.9,7.2,926100.0,6441000.0,186300000.0,517500000.0
sz000551,苏物贸Ａ,1994-04-15,6.75,7.3,6.5,7.2,6.9,1877200.0,12821000.0,194400000.0,540000000.0
sz000551,苏物贸Ａ,1994-04-19,6.0,6.6,6.0,6.2,7.2,880100.0,5518000.0,167400000.0,465000000.0
sz000551,苏物贸Ａ,1994-04-20,6.05,6.35,5.8,6.0,6.2,1979900.0,11969000.0,162000000.0,450000000.0
sz000551,苏物贸Ａ,1994-04-21,6.2,6.65,6.0,6.5,6.0,2546700.0,16264000.0,175500000.0,487500000.0
sz000551,苏物贸Ａ,1994-04-22,6.4,6.65,6.15,6.35,6.5,2457900.0,15771000.0,171450000.0,476250000.0
sz000551,苏物贸Ａ,1994-04-25,6.2,6.45,6.15,6.45,6.35,676600.0,4246000.0,174150000.0,483750000.0
sz000551,苏物贸Ａ,1994-04-26,6.5,7.0,6.4,7.0,6.45,1411700.0,9434000.0,189000000.0,525000000.0
sz000551,苏物贸Ａ,1994-04-27,6.95,7.38,6.9,7.3,7.0,2305000.0,16592000.0,197100000.0,547500000.0
sz000551,苏物贸Ａ,1994-04-28,7.4,7.4,6.8,6.95,7.3,4074700.0,28936000.0,187650000.0,521250000.0
sz000551,苏物贸Ａ,1994-04-29,6.9,7.15,6.85,7.1,6.95,1892600.0,13210000.0,191700000.0,532500000.0
sz000551,苏物贸Ａ,1994-05-03,7.14,7.74,7.05,7.62,7.1,2245100.0,16576000.0,205740000.0,571500000.0
sz000551,苏物贸Ａ,1994-05-04,7.83,8.58,7.5,7.5,7.62,1664000.0,13136000.0,202500000.0,562500000.0
sz000551,苏物贸Ａ,1994-05-05,7.2,7.35,6.9,7.15,7.5,1182600.0,8479000.0,193050000.0,536250000.0
sz000551,苏物贸Ａ,1994-05-06,7.1,7.45,6.8,7.24,7.15,1823100.0,12957000.0,195480000.0,543000000.0
sz000551,苏物贸Ａ,1994-05-09,7.5,7.9,7.35,7.9,7.24,4291700.0,32679000.0,213300000.0,592500000.0
sz000551,苏物贸Ａ,1994-05-10,7.99,8.2,7.75,8.19,7.9,4248800.0,34145000.0,221130000.0,614250000.0
sz000551,苏物贸Ａ,1994-05-11,6.91,7.14,6.7,6.75,8.19,6367200.0,44736000.0,182250000.0,506250000.0
sz000551,苏物贸Ａ,1994-05-12,6.6,6.9,6.5,6.54,6.75,2581200.0,17317000.0,176580000.0,490500000.0
sz000551,苏物贸Ａ,1994-05-13,6.6,7.0,6.55,6.95,6.54,2258600.0,15240000.0,187650000.0,521250000.0
sz000551,苏物贸Ａ,1994-05-16,7.1,7.1,6.76,6.88,6.95,2491300.0,17285000.0,227040000.0,557280000.0
sz000551,苏物贸Ａ,1994-05-17,6.85,6.88,6.6,6.61,6.88,945600.0,6351000.0,218130000.0,535410000.0
sz000551,苏物贸Ａ,1994-05-18,6.5,6.67,6.45,6.49,6.61,726900.0,4759000.0,214170000.0,525690000.0
sz000551,苏物贸Ａ,1994-05-19,6.55,6.75,6.38,6.66,6.49,781900.0,5120000.0,219780000.0,539460000.0
sz000551,苏物贸Ａ,1994-05-20,6.74,6.74,6.5,6.5,6.66,495400.0,3281000.0,214500000.0,526500000.0
sz000551,苏物贸Ａ,1994-05-23,6.45,6.56,6.4,6.43,6.5,208900.0,1345000.0,212190000.0,520830000.0
sz000551,苏物贸Ａ,1994-05-24,6.43,6.55,6.43,6.51,6.43,146900.0,953000.0,214830000.0,527310000.0
sz000551,苏物贸Ａ,1994-05-25,6.5,6.5,6.32,6.35,6.51,242000.0,1545000.0,209550000.0,514350000.0
sz000551,苏物贸Ａ,1994-05-26,6.35,6.45,6.17,6.17,6.35,409800.0,2560000.0,203610000.0,499770000.0
sz000551,苏物贸Ａ,1994-05-27,6.2,6.3,6.08,6.12,6.17,484800.0,2997000.0,201960000.0,495720000.0
sz000551,苏物贸Ａ,1994-05-30,6.0,6.0,5.77,5.8,6.12,488400.0,2847000.0,191400000.0,469800000.0
sz000551,苏物贸Ａ,1994-05-31,5.8,6.0,5.7,5.92,5.8,553100.0,3232000.0,195360000.0,479520000.0
sz000551,苏物贸Ａ,1994-06-01,5.92,5.92,5.55,5.56,5.92,293800.0,1675000.0,183480000.0,450360000.0
sz000551,苏物贸Ａ,1994-06-02,5.56,5.65,5.5,5.55,5.56,288500.0,1603000.0,183150000.0,449550000.0
sz000551,苏物贸Ａ,1994-06-03,5.55,5.8,5.55,5.62,5.55,259900.0,1481000.0,185460000.0,455220000.0
sz000551,苏物贸Ａ,1994-06-06,5.6,5.6,5.44,5.5,5.62,165100.0,909000.0,181500000.0,445500000.0
sz000551,苏物贸Ａ,1994-06-07,5.45,5.51,5.4,5.45,5.5,59400.0,323000.0,179850000.0,441450000.0
sz000551,苏物贸Ａ,1994-06-08,5.35,5.59,5.3,5.47,5.45,292600.0,1595000.0,180510000.0,443070000.0
sz000551,苏物贸Ａ,1994-06-09,5.48,5.52,5.23,5.25,5.47,307300.0,1644000.0,173250000.0,425250000.0
sz000551,苏物贸Ａ,1994-06-10,5.2,5.23,5.11,5.14,5.25,543000.0,2803000.0,169620000.0,416340000.0
sz000551,苏物贸Ａ,1994-06-13,5.06,5.06,4.85,4.86,5.14,328200.0,1635000.0,160380000.0,393660000.0
sz000551,苏物贸Ａ,1994-06-14,4.84,5.05,4.8,4.89,4.86,759400.0,3710000.0,161370000.0,396090000.0
sz000551,苏物贸Ａ,1994-06-15,4.89,5.01,4.89,5.0,4.89,695000.0,3458000.0,165000000.0,405000000.0
sz000551,苏物贸Ａ,1994-06-16,5.0,5.32,4.95,5.27,5.0,1122300.0,5830000.0,173910000.0,426870000.0
sz000551,苏物贸Ａ,1994-06-17,5.3,5.46,5.07,5.42,5.27,2837000.0,15156000.0,178860000.0,439020000.0
sz000551,苏物贸Ａ,1994-06-20,5.35,5.4,5.08,5.09,5.42,2105300.0,11046000.0,167970000.0,412290000.0
sz000551,苏物贸Ａ,1994-06-21,5.02,5.08,4.98,5.03,5.09,655700.0,3293000.0,165990000.0,407430000.0
sz000551,苏物贸Ａ,1994-06-22,5.0,5.22,5.0,5.11,5.03,399200.0,2045000.0,168630000.0,413910000.0
sz000551,苏物贸Ａ,1994-06-23,5.11,5.16,5.04,5.05,5.11,242900.0,1235288.0,166650000.0,409050000.0
sz000551,苏物贸Ａ,1994-06-24,5.05,5.1,5.0,5.02,5.05,442100.0,2223296.0,165660000.0,406620000.0
sz000551,苏物贸Ａ,1994-06-27,4.9,4.9,4.75,4.76,5.02,521800.0,2503453.0,157080000.0,385560000.0
sz000551,苏物贸Ａ,1994-06-28,4.7,4.81,4.66,4.74,4.76,201300.0,956656.0,156420000.0,383940000.0
sz000551,苏物贸Ａ,1994-06-29,4.8,4.8,4.65,4.66,4.74,181400.0,857743.0,153780000.0,377460000.0
sz000551,苏物贸Ａ,1994-06-30,4.65,4.8,4.56,4.69,4.66,500400.0,2330999.0,154770000.0,379890000.0
sz000551,苏物贸Ａ,1994-07-01,4.7,4.7,4.56,4.58,4.69,674400.0,3119144.0,151140000.0,370980000.0
sz000551,苏物贸Ａ,1994-07-04,4.5,4.51,4.42,4.47,4.58,274900.0,1232126.0,147510000.0,362070000.0
sz000551,苏物贸Ａ,1994-07-08,4.38,4.65,4.36,4.58,4.47,455500.0,2047192.0,151140000.0,370980000.0
sz000551,苏物贸Ａ,1994-07-11,4.58,4.58,4.38,4.4,4.58,365400.0,1621220.0,145200000.0,356400000.0
sz000551,苏物贸Ａ,1994-07-12,4.4,4.45,4.36,4.37,4.4,189200.0,832460.0,144210000.0,353970000.0
sz000551,苏物贸Ａ,1994-07-13,4.38,4.55,4.38,4.48,4.37,2495100.0,11199649.0,147840000.0,362880000.0
sz000551,苏物贸Ａ,1994-07-14,4.5,4.52,4.36,4.38,4.48,754900.0,3363448.0,144540000.0,354780000.0
sz000551,苏物贸Ａ,1994-07-15,4.35,4.38,4.18,4.2,4.38,635100.0,2696277.0,138600000.0,340200000.0
sz000551,苏物贸Ａ,1994-07-18,4.11,4.11,3.94,3.95,4.2,360200.0,1446248.0,130350000.0,319950000.0
sz000551,苏物贸Ａ,1994-07-19,3.91,4.05,3.89,3.98,3.95,435200.0,1719751.0,131340000.0,322380000.0
sz000551,苏物贸Ａ,1994-07-20,4.03,4.05,3.8,3.82,3.98,257500.0,1012975.0,126060000.0,309420000.0
sz000551,苏物贸Ａ,1994-07-21,3.71,3.83,3.71,3.78,3.82,323500.0,1214894.0,124740000.0,306180000.0
sz000551,苏物贸Ａ,1994-07-22,3.75,3.88,3.73,3.75,3.78,244000.0,929349.0,123750000.0,303750000.0
sz000551,苏物贸Ａ,1994-07-25,3.72,3.9,3.7,3.9,3.75,625800.0,2387999.0,128700000.0,315900000.0
sz000551,苏物贸Ａ,1994-07-26,3.95,4.12,3.87,4.06,3.9,1699100.0,6786477.0,133980000.0,328860000.0
sz000551,苏物贸Ａ,1994-07-27,4.07,4.12,3.8,3.86,4.06,1491500.0,5922738.0,127380000.0,312660000.0
sz000551,苏物贸Ａ,1994-07-28,3.81,3.81,3.5,3.5,3.86,963600.0,3510542.0,115500000.0,283500000.0
sz000551,苏物贸Ａ,1994-07-29,3.45,3.5,3.33,3.33,3.5,1263200.0,4286103.0,109890000.0,269730000.0
sz000551,苏物贸Ａ,1994-08-01,4.3,4.43,3.9,4.35,3.33,6727500.0,28150700.0,143550000.0,352350000.0
sz000551,苏物贸Ａ,1994-08-02,4.48,4.96,4.26,4.3,4.35,6621200.0,30973038.0,141900000.0,348300000.0
sz000551,苏物贸Ａ,1994-08-03,4.3,5.0,4.18,4.98,4.3,6322900.0,28583364.0,164340000.0,403380000.0
sz000551,苏物贸Ａ,1994-08-04,5.4,5.6,4.75,5.0,4.98,9544900.0,49515101.0,165000000.0,405000000.0
sz000551,苏物贸Ａ,1994-08-05,5.1,5.85,5.06,5.82,5.0,7245100.0,38972213.0,192060000.0,471420000.0
sz000551,苏物贸Ａ,1994-08-08,6.05,6.18,5.58,5.82,5.82,8453800.0,49670538.0,192060000.0,471420000.0
sz000551,苏物贸Ａ,1994-08-09,5.75,5.75,5.28,5.35,5.82,3944800.0,21800465.0,176550000.0,433350000.0
sz000551,苏物贸Ａ,1994-08-10,5.2,6.12,5.2,6.03,5.35,5987300.0,33945703.0,198990000.0,488430000.0
sz000551,苏物贸Ａ,1994-08-11,6.3,6.4,5.72,5.83,6.03,7359000.0,45323027.0,192390000.0,472230000.0
sz000551,苏物贸Ａ,1994-08-12,5.7,6.1,5.6,5.8,5.83,3950300.0,23033841.0,191400000.0,469800000.0
sz000551,苏物贸Ａ,1994-08-15,5.65,5.8,5.5,5.58,5.8,1957700.0,10979911.0,184140000.0,451980000.0
sz000551,苏物贸Ａ,1994-08-16,5.5,5.85,5.5,5.63,5.58,1895300.0,10787927.0,185790000.0,456030000.0
sz000551,苏物贸Ａ,1994-08-17,5.7,5.78,5.6,5.75,5.63,1149900.0,6529991.0,189750000.0,465750000.0
sz000551,苏物贸Ａ,1994-08-18,5.88,6.08,5.75,5.9,5.75,3452800.0,20415730.0,194700000.0,477900000.0
sz000551,苏物贸Ａ,1994-08-19,5.9,6.0,5.7,5.73,5.9,2531800.0,14711756.0,189090000.0,464130000.0
sz000551,苏物贸Ａ,1994-08-22,5.6,5.7,5.48,5.52,5.73,1340500.0,7477961.0,182160000.0,447120000.0
sz000551,苏物贸Ａ,1994-08-23,5.52,5.65,5.4,5.58,5.52,1052900.0,5778802.0,184140000.0,451980000.0
sz000551,苏物贸Ａ,1994-08-24,5.65,6.08,5.55,5.8,5.58,4850000.0,28588557.0,191400000.0,469800000.0
sz000551,苏物贸Ａ,1994-08-25,5.75,5.9,5.5,5.53,5.8,1853300.0,10534629.0,182490000.0,447930000.0
sz000551,苏物贸Ａ,1994-08-26,5.2,5.55,5.2,5.23,5.53,2804600.0,14864817.0,188280000.0,423630000.0
sz000551,苏物贸Ａ,1994-08-29,5.01,5.23,4.99,5.0,5.23,1442600.0,7302458.0,180000000.0,405000000.0
sz000551,苏物贸Ａ,1994-08-30,5.2,5.2,4.7,4.88,5.0,2060500.0,10048139.0,175680000.0,395280000.0
sz000551,苏物贸Ａ,1994-08-31,4.9,5.18,4.9,5.16,4.88,2774900.0,13992902.0,185760000.0,417960000.0
sz000551,苏物贸Ａ,1994-09-01,5.35,5.64,5.28,5.5,5.16,4560400.0,25092523.0,198000000.0,445500000.0
sz000551,苏物贸Ａ,1994-09-02,5.41,6.5,5.41,6.5,5.5,3225400.0,18102605.0,234000000.0,526500000.0
sz000551,苏物贸Ａ,1994-09-05,6.5,7.5,6.41,7.32,6.5,11341500.0,78502856.0,263520000.0,592920000.0
sz000551,苏物贸Ａ,1994-09-06,7.6,7.9,7.05,7.62,7.32,7358700.0,55220713.0,274320000.0,617220000.0
sz000551,苏物贸Ａ,1994-09-07,7.75,7.8,6.75,6.9,7.62,4900500.0,35038480.0,248400000.0,558900000.0
sz000551,苏物贸Ａ,1994-09-08,6.8,7.5,6.8,7.46,6.9,5383700.0,38639112.0,268560000.0,604260000.0
sz000551,苏物贸Ａ,1994-09-09,7.5,7.55,6.85,6.85,7.46,4973200.0,35760578.0,246600000.0,554850000.0
sz000551,苏物贸Ａ,1994-09-12,7.23,7.75,7.15,7.5,6.85,7800400.0,58588024.0,270000000.0,607500000.0
sz000551,苏物贸Ａ,1994-09-13,7.7,7.85,7.21,7.39,7.5,4897200.0,37020172.0,266040000.0,598590000.0
sz000551,苏物贸Ａ,1994-09-14,7.4,7.45,6.98,7.15,7.39,2086200.0,14942675.0,257400000.0,579150000.0
sz000551,苏物贸Ａ,1994-09-15,6.98,7.25,6.9,7.0,7.15,1891900.0,13310637.0,252000000.0,567000000.0
sz000551,苏物贸Ａ,1994-09-16,7.25,7.25,7.0,7.15,7.0,2127500.0,15163125.0,257400000.0,579150000.0
sz000551,苏物贸Ａ,1994-09-19,7.1,7.5,6.91,7.21,7.15,2142700.0,15458553.0,259560000.0,584010000.0
sz000551,苏物贸Ａ,1994-09-20,7.05,7.18,6.9,7.05,7.21,1498100.0,10586945.0,253800000.0,571050000.0
sz000551,苏物贸Ａ,1994-09-21,7.05,7.34,7.05,7.29,7.05,1848200.0,13412748.0,262440000.0,590490000.0
sz000551,苏物贸Ａ,1994-09-22,7.45,7.48,7.0,7.13,7.29,1225900.0,8836294.0,256680000.0,577530000.0
sz000551,苏物贸Ａ,1994-09-23,6.98,7.05,6.9,6.95,7.13,1408200.0,9809569.0,250200000.0,562950000.0
sz000551,苏物贸Ａ,1994-09-26,6.85,7.24,6.85,7.1,6.95,852900.0,5994488.0,255600000.0,575100000.0
sz000551,苏物贸Ａ,1994-09-27,7.1,7.38,6.96,7.23,7.1,2750900.0,19774281.0,260280000.0,585630000.0
sz000551,苏物贸Ａ,1994-09-28,7.28,8.2,7.25,7.8,7.23,8087900.0,63181635.0,280800000.0,631800000.0
sz000551,苏物贸Ａ,1994-09-29,7.96,8.15,5.0,6.85,7.8,8172100.0,62725625.0,246600000.0,554850000.0
sz000551,苏物贸Ａ,1994-09-30,6.7,6.7,6.2,6.35,6.85,4643000.0,29762171.0,228600000.0,514350000.0
sz000551,苏物贸Ａ,1994-10-05,6.0,6.18,5.36,5.49,6.35,2072900.0,12068655.0,197640000.0,444690000.0
sz000551,苏物贸Ａ,1994-10-06,5.3,5.88,4.98,5.05,5.49,1826700.0,10026000.0,181800000.0,409050000.0
sz000551,苏物贸Ａ,1994-10-07,5.0,5.9,4.4,5.65,5.05,3444600.0,17355456.0,203400000.0,457650000.0
sz000551,苏物贸Ａ,1994-10-10,5.45,5.5,5.0,5.2,5.65,2542500.0,13402565.0,187200000.0,421200000.0
sz000551,苏物贸Ａ,1994-10-11,5.18,5.45,5.16,5.29,5.2,1299700.0,6875021.0,190440000.0,428490000.0
sz000551,苏物贸Ａ,1994-10-12,5.25,5.4,5.2,5.28,5.29,1076100.0,5707789.0,190080000.0,427680000.0
sz000551,苏物贸Ａ,1994-10-13,5.33,5.35,4.85,4.85,5.28,1384100.0,6918229.0,174600000.0,392850000.0
sz000551,苏物贸Ａ,1994-10-14,4.75,5.2,4.6,5.15,4.85,2355100.0,11626223.0,185400000.0,417150000.0
sz000551,苏物贸Ａ,1994-10-17,5.0,5.0,4.75,4.77,5.15,855400.0,4170102.0,171720000.0,386370000.0
sz000551,苏物贸Ａ,1994-10-18,4.7,4.9,4.7,4.8,4.77,514400.0,2468306.0,172800000.0,388800000.0
sz000551,苏物贸Ａ,1994-10-19,4.8,5.1,4.8,5.02,4.8,883900.0,4396265.0,180720000.0,406620000.0
sz000551,苏物贸Ａ,1994-10-20,5.1,5.38,4.98,5.38,5.02,2057500.0,10693352.0,193680000.0,435780000.0
sz000551,苏物贸Ａ,1994-10-21,5.45,5.5,5.01,5.07,5.38,3292700.0,17470361.0,182520000.0,410670000.0
sz000551,苏物贸Ａ,1994-10-24,5.15,5.7,5.15,5.63,5.07,3464500.0,18597623.0,202680000.0,456030000.0
sz000551,苏物贸Ａ,1994-10-25,5.7,5.71,5.25,5.34,5.63,3868000.0,21279356.0,192240000.0,432540000.0
sz000551,苏物贸Ａ,1994-10-26,5.25,5.38,5.15,5.24,5.34,1466700.0,7685695.0,188640000.0,424440000.0
sz000551,苏物贸Ａ,1994-10-27,5.2,5.35,5.18,5.32,5.24,603400.0,3172829.0,191520000.0,430920000.0
sz000551,苏物贸Ａ,1994-10-28,5.35,5.35,5.17,5.18,5.32,510400.0,2670507.0,186480000.0,419580000.0
sz000551,苏物贸Ａ,1994-10-31,5.15,5.15,4.9,4.91,5.18,909500.0,4543690.0,176760000.0,397710000.0
sz000551,苏物贸Ａ,1994-11-01,4.91,5.08,4.9,5.02,4.91,362900.0,1808910.0,180720000.0,406620000.0
sz000551,苏物贸Ａ,1994-11-02,5.02,5.05,4.95,4.98,5.02,230500.0,1152927.0,179280000.0,403380000.0
sz000551,苏物贸Ａ,1994-11-03,4.99,5.27,4.99,5.15,4.98,895500.0,4624572.0,185400000.0,417150000.0
sz000551,苏物贸Ａ,1994-11-04,5.22,5.27,5.0,5.07,5.15,764700.0,3888847.0,182520000.0,410670000.0
sz000551,苏物贸Ａ,1994-11-07,4.97,5.06,4.91,5.03,5.07,317600.0,1588162.0,181080000.0,407430000.0
sz000551,苏物贸Ａ,1994-11-08,5.05,5.25,5.04,5.17,5.03,899000.0,4624088.0,186120000.0,418770000.0
sz000551,苏物贸Ａ,1994-11-09,5.16,5.28,5.05,5.24,5.17,760000.0,3926720.0,188640000.0,424440000.0
sz000551,苏物贸Ａ,1994-11-10,5.26,5.35,5.08,5.09,5.24,928600.0,4868233.0,183240000.0,412290000.0
sz000551,苏物贸Ａ,1994-11-11,5.24,5.28,5.1,5.26,5.09,334700.0,1738427.0,189360000.0,426060000.0
sz000551,苏物贸Ａ,1994-11-14,5.35,5.4,5.2,5.32,5.26,880000.0,4676427.0,191520000.0,430920000.0
sz000551,苏物贸Ａ,1994-11-15,5.3,5.3,5.18,5.19,5.32,627300.0,3267053.0,186840000.0,420390000.0
sz000551,苏物贸Ａ,1994-11-16,5.18,5.24,5.14,5.24,5.19,259600.0,1346838.0,188640000.0,424440000.0
sz000551,苏物贸Ａ,1994-11-17,5.22,5.24,5.13,5.13,5.24,210500.0,1090730.0,184680000.0,415530000.0
sz000551,苏物贸Ａ,1994-11-18,5.1,5.14,5.07,5.11,5.13,224100.0,1142298.0,183960000.0,413910000.0
sz000551,苏物贸Ａ,1994-11-21,5.15,5.19,5.1,5.11,5.11,108800.0,557560.0,183960000.0,413910000.0
sz000551,苏物贸Ａ,1994-11-22,5.1,5.15,5.08,5.1,5.11,90500.0,462965.0,183600000.0,413100000.0
sz000551,苏物贸Ａ,1994-11-23,5.05,5.09,5.05,5.09,5.1,164300.0,833188.0,183240000.0,412290000.0
sz000551,苏物贸Ａ,1994-11-24,5.03,5.09,5.02,5.04,5.09,129400.0,652138.0,181440000.0,408240000.0
sz000551,苏物贸Ａ,1994-11-25,5.1,5.15,5.0,5.06,5.04,202400.0,1027103.0,182160000.0,409860000.0
sz000551,苏物贸Ａ,1994-11-28,5.09,5.09,5.0,5.02,5.06,264200.0,1326509.0,180720000.0,406620000.0
sz000551,苏物贸Ａ,1994-11-29,5.02,5.2,4.96,5.16,5.02,116200.0,584375.0,185760000.0,417960000.0
sz000551,苏物贸Ａ,1994-11-30,5.18,5.18,5.04,5.06,5.16,106100.0,542306.0,182160000.0,409860000.0
sz000551,苏物贸Ａ,1994-12-01,5.07,5.22,5.05,5.06,5.06,106700.0,542723.0,182160000.0,409860000.0
sz000551,苏物贸Ａ,1994-12-02,5.06,5.09,5.04,5.04,5.06,58400.0,295789.0,181440000.0,408240000.0
sz000551,苏物贸Ａ,1994-12-05,5.0,5.11,4.96,4.98,5.04,99100.0,495581.0,179280000.0,403380000.0
sz000551,苏物贸Ａ,1994-12-06,4.95,4.95,4.85,4.86,4.98,225900.0,1105740.0,174960000.0,393660000.0
sz000551,苏物贸Ａ,1994-12-07,4.92,4.92,4.81,4.92,4.86,106200.0,515355.0,177120000.0,398520000.0
sz000551,苏物贸Ａ,1994-12-08,4.94,4.94,4.78,4.8,4.92,135900.0,654076.0,172800000.0,388800000.0
sz000551,苏物贸Ａ,1994-12-09,4.8,4.8,4.7,4.75,4.8,131300.0,623750.0,171000000.0,384750000.0
sz000551,苏物贸Ａ,1994-12-12,4.7,4.7,4.58,4.6,4.75,149700.0,693179.0,165600000.0,372600000.0
sz000551,苏物贸Ａ,1994-12-13,4.6,4.8,4.58,4.73,4.6,305200.0,1426540.0,170280000.0,383130000.0
sz000551,苏物贸Ａ,1994-12-14,4.73,4.79,4.51,4.56,4.73,437100.0,2006746.0,164160000.0,369360000.0
sz000551,苏物贸Ａ,1994-12-15,4.55,5.1,4.5,5.06,4.56,1217000.0,5917400.0,182160000.0,409860000.0
sz000551,苏物贸Ａ,1994-12-16,5.06,5.25,4.9,4.96,5.06,2023600.0,10359262.0,178560000.0,401760000.0
sz000551,苏物贸Ａ,1994-12-19,4.96,5.14,4.85,4.85,4.96,737700.0,3665010.0,174600000.0,392850000.0
sz000551,苏物贸Ａ,1994-12-20,4.85,5.09,4.85,5.05,4.85,536800.0,2675074.0,181800000.0,409050000.0
sz000551,苏物贸Ａ,1994-12-21,5.0,5.14,4.95,4.98,5.05,643500.0,3251470.0,179280000.0,403380000.0
sz000551,苏物贸Ａ,1994-12-22,5.05,5.18,4.9,5.16,4.98,807200.0,4074589.0,185760000.0,417960000.0
sz000551,苏物贸Ａ,1994-12-26,5.01,5.08,4.86,4.86,5.16,438100.0,2157213.0,174960000.0,393660000.0
sz000551,苏物贸Ａ,1994-12-27,4.92,4.95,4.72,4.81,4.86,192700.0,926393.0,173160000.0,389610000.0
sz000551,苏物贸Ａ,1994-12-28,4.85,4.88,4.72,4.8,4.81,220600.0,1059808.0,172800000.0,388800000.0
sz000551,苏物贸Ａ,1994-12-29,4.87,4.87,4.75,4.76,4.8,182300.0,871573.0,171360000.0,385560000.0
sz000551,苏物贸Ａ,1994-12-30,4.76,4.9,4.73,4.85,4.76,241200.0,1160747.0,174600000.0,392850000.0
sz000551,苏物贸Ａ,1995-01-03,4.8,5.0,4.7,4.91,4.85,166000.0,802470.0,176760000.0,397710000.0
sz000551,苏物贸Ａ,1995-01-04,4.95,5.15,4.92,5.11,4.91,572400.0,2895063.0,183960000.0,413910000.0
sz000551,苏物贸Ａ,1995-01-05,5.1,5.2,4.98,5.0,5.11,566600.0,2885200.0,180000000.0,405000000.0
sz000551,苏物贸Ａ,1995-01-06,5.0,5.03,4.92,5.01,5.0,176400.0,877538.0,180360000.0,405810000.0
sz000551,苏物贸Ａ,1995-01-09,4.91,4.96,4.8,4.82,5.01,172900.0,840356.0,173520000.0,390420000.0
sz000551,苏物贸Ａ,1995-01-10,4.73,4.75,4.58,4.59,4.82,644200.0,2997445.0,165240000.0,371790000.0
sz000551,苏物贸Ａ,1995-01-11,4.73,4.73,4.6,4.63,4.59,263400.0,1219134.0,166680000.0,375030000.0
sz000551,苏物贸Ａ,1995-01-12,4.63,4.68,4.56,4.59,4.63,171300.0,788505.0,165240000.0,371790000.0
sz000551,苏物贸Ａ,1995-01-13,4.55,4.59,4.5,4.54,4.59,151800.0,686710.0,163440000.0,367740000.0
sz000551,苏物贸Ａ,1995-01-16,4.51,4.51,4.4,4.4,4.54,209700.0,929512.0,158400000.0,356400000.0
sz000551,苏物贸Ａ,1995-01-17,4.4,4.5,4.25,4.31,4.4,269300.0,1168524.0,155160000.0,349110000.0
sz000551,苏物贸Ａ,1995-01-18,4.39,4.4,4.28,4.4,4.31,239600.0,1041532.0,158400000.0,356400000.0
sz000551,苏物贸Ａ,1995-01-19,4.4,4.4,4.16,4.18,4.4,175700.0,745364.0,150480000.0,338580000.0
sz000551,苏物贸Ａ,1995-01-20,4.16,4.28,4.08,4.17,4.18,271600.0,1128926.0,150120000.0,337770000.0
sz000551,苏物贸Ａ,1995-01-23,4.2,4.2,4.1,4.1,4.17,89100.0,367154.0,147600000.0,332100000.0
sz000551,苏物贸Ａ,1995-01-24,4.08,4.17,3.69,4.1,4.1,180100.0,717916.0,147600000.0,332100000.0
sz000551,苏物贸Ａ,1995-01-25,4.1,4.16,4.1,4.14,4.1,151400.0,625155.0,149040000.0,335340000.0
sz000551,苏物贸Ａ,1995-01-26,4.16,4.17,4.05,4.06,4.14,136400.0,561109.0,146160000.0,328860000.0
sz000551,苏物贸Ａ,1995-01-27,4.05,4.15,4.05,4.1,4.06,200000.0,821945.0,147600000.0,332100000.0
sz000551,苏物贸Ａ,1995-02-13,4.0,4.08,3.95,4.07,4.1,141400.0,572075.0,146520000.0,329670000.0
sz000551,苏物贸Ａ,1995-02-14,4.06,4.1,4.0,4.05,4.07,64000.0,257439.0,145800000.0,328050000.0
sz000551,苏物贸Ａ,1995-02-15,4.05,4.05,4.01,4.04,4.05,80200.0,323860.0,145440000.0,327240000.0
sz000551,苏物贸Ａ,1995-02-16,4.01,4.04,4.0,4.02,4.04,73300.0,294087.0,144720000.0,325620000.0
sz000551,苏物贸Ａ,1995-02-17,4.02,4.05,4.0,4.02,4.02,58000.0,232962.0,144720000.0,325620000.0
sz000551,苏物贸Ａ,1995-02-20,4.0,4.03,3.98,4.0,4.02,61200.0,245306.0,144000000.0,324000000.0
sz000551,苏物贸Ａ,1995-02-21,3.98,4.05,3.98,4.05,4.0,88600.0,355049.0,145800000.0,328050000.0
sz000551,苏物贸Ａ,1995-02-22,4.04,4.6,4.03,4.53,4.05,679900.0,2993500.0,163080000.0,366930000.0
sz000551,苏物贸Ａ,1995-02-23,4.43,4.55,4.28,4.43,4.53,842000.0,3710526.0,159480000.0,358830000.0
sz000551,苏物贸Ａ,1995-02-24,4.4,4.43,4.1,4.13,4.43,358800.0,1514865.0,149400000.0,336150000.0
sz000551,苏物贸Ａ,1995-02-27,4.2,4.39,4.13,4.16,4.15,466100.0,1993893.0,149760000.0,336960000.0
sz000551,苏物贸Ａ,1995-02-28,4.16,4.16,4.05,4.1,4.16,158400.0,646659.0,147600000.0,332100000.0
sz000551,苏物贸Ａ,1995-03-01,4.14,4.2,4.1,4.17,4.1,143900.0,599545.0,150120000.0,337770000.0
sz000551,苏物贸Ａ,1995-03-02,4.2,4.26,4.15,4.23,4.17,200000.0,843216.0,152280000.0,342630000.0
sz000551,苏物贸Ａ,1995-03-03,4.25,4.48,4.23,4.4,4.23,752200.0,3300678.0,158400000.0,356400000.0
sz000551,苏物贸Ａ,1995-03-06,4.4,4.78,4.4,4.7,4.4,1194300.0,5471559.0,169200000.0,380700000.0
sz000551,苏物贸Ａ,1995-03-07,4.85,5.0,4.6,4.92,4.7,1845300.0,8897287.0,177120000.0,398520000.0
sz000551,苏物贸Ａ,1995-03-08,4.92,4.93,4.7,4.89,4.92,944900.0,4567774.0,176040000.0,396090000.0
sz000551,苏物贸Ａ,1995-03-09,4.73,4.85,4.65,4.68,4.89,481500.0,2293531.0,168480000.0,379080000.0
sz000551,苏物贸Ａ,1995-03-10,4.62,4.66,4.48,4.48,4.68,750900.0,3423332.0,161280000.0,362880000.0
sz000551,苏物贸Ａ,1995-03-13,4.6,4.61,4.43,4.48,4.48,451000.0,2035350.0,161280000.0,362880000.0
sz000551,苏物贸Ａ,1995-03-14,4.45,4.57,4.45,4.52,4.48,186300.0,841145.0,162720000.0,366120000.0
sz000551,苏物贸Ａ,1995-03-15,4.52,4.52,4.33,4.5,4.52,410300.0,1807877.0,162000000.0,364500000.0
sz000551,苏物贸Ａ,1995-03-16,4.45,4.5,4.38,4.49,4.5,216600.0,960896.0,161640000.0,363690000.0
sz000551,苏物贸Ａ,1995-03-17,4.5,4.58,4.4,4.56,4.49,443100.0,2008490.0,164160000.0,369360000.0
sz000551,苏物贸Ａ,1995-03-20,4.6,4.65,4.42,4.43,4.56,351600.0,1602982.0,159480000.0,358830000.0
sz000551,苏物贸Ａ,1995-03-21,4.43,4.53,4.4,4.51,4.43,129300.0,573617.0,162360000.0,365310000.0
sz000551,苏物贸Ａ,1995-03-22,4.5,4.65,4.5,4.63,4.51,328700.0,1508533.0,166680000.0,375030000.0
sz000551,苏物贸Ａ,1995-03-23,4.6,4.69,4.54,4.57,4.63,516500.0,2384574.0,164520000.0,370170000.0
sz000551,苏物贸Ａ,1995-03-24,4.53,4.66,4.52,4.63,4.57,186700.0,852894.0,166680000.0,375030000.0
sz000551,苏物贸Ａ,1995-03-27,4.65,4.75,4.64,4.71,4.63,450400.0,2108699.0,169560000.0,381510000.0
sz000551,苏物贸Ａ,1995-03-28,4.67,4.76,4.65,4.7,4.71,360400.0,1692824.0,169200000.0,380700000.0
sz000551,苏物贸Ａ,1995-03-29,4.68,4.77,4.62,4.75,4.7,264600.0,1242192.0,171000000.0,384750000.0
sz000551,苏物贸Ａ,1995-03-30,4.77,4.88,4.68,4.7,4.75,654000.0,3130491.0,169200000.0,380700000.0
sz000551,苏物贸Ａ,1995-03-31,4.79,4.85,4.7,4.83,4.7,380900.0,1825226.0,173880000.0,391230000.0
sz000551,苏物贸Ａ,1995-04-03,4.88,4.93,4.82,4.88,4.83,597300.0,2909844.0,175680000.0,395280000.0
sz000551,苏物贸Ａ,1995-04-04,4.88,4.9,4.83,4.9,4.88,388100.0,1887909.0,176400000.0,396900000.0
sz000551,苏物贸Ａ,1995-04-05,4.91,4.91,4.8,4.82,4.9,313200.0,1517862.0,173520000.0,390420000.0
sz000551,苏物贸Ａ,1995-04-06,4.8,4.87,4.78,4.86,4.82,318600.0,1533478.0,174960000.0,393660000.0
sz000551,苏物贸Ａ,1995-04-07,4.88,5.09,4.85,4.95,4.86,856700.0,4263258.0,178200000.0,400950000.0
sz000551,苏物贸Ａ,1995-04-10,4.95,5.1,4.9,4.93,4.95,972700.0,4874915.0,177480000.0,399330000.0
sz000551,苏物贸Ａ,1995-04-11,4.88,4.9,4.69,4.71,4.93,1010100.0,4834512.0,169560000.0,381510000.0
sz000551,苏物贸Ａ,1995-04-12,4.7,4.82,4.66,4.78,4.71,463000.0,2188985.0,172080000.0,387180000.0
sz000551,苏物贸Ａ,1995-04-13,4.79,4.82,4.7,4.7,4.78,357000.0,1700290.0,169200000.0,380700000.0
sz000551,苏物贸Ａ,1995-04-14,4.68,4.77,4.68,4.77,4.7,276200.0,1305619.0,171720000.0,386370000.0
sz000551,苏物贸Ａ,1995-04-17,4.52,4.52,4.38,4.39,4.77,1840500.0,8123145.0,158040000.0,355590000.0
sz000551,苏物贸Ａ,1995-04-18,4.39,4.45,4.39,4.39,4.39,474300.0,2090961.0,158040000.0,355590000.0
sz000551,苏物贸Ａ,1995-04-19,4.3,4.39,4.3,4.35,4.39,203200.0,888756.0,156960000.0,353160000.0
sz000551,苏物贸Ａ,1995-04-20,4.35,4.35,4.25,4.28,4.36,390700.0,1671839.0,154080000.0,346680000.0
sz000551,苏物贸Ａ,1995-04-21,4.28,4.3,4.14,4.15,4.28,507300.0,2138487.0,149400000.0,336150000.0
sz000551,苏物贸Ａ,1995-04-24,4.1,4.1,4.05,4.08,4.15,442900.0,1815503.0,146520000.0,329670000.0
sz000551,苏物贸Ａ,1995-04-25,4.05,4.12,4.0,4.12,4.07,271700.0,1100980.0,148320000.0,333720000.0
sz000551,苏物贸Ａ,1995-04-26,4.12,4.14,3.9,3.94,4.12,537700.0,2162665.0,141840000.0,319140000.0
sz000551,苏物贸Ａ,1995-04-27,3.85,4.07,3.6,3.8,3.94,708700.0,2682302.0,136800000.0,307800000.0
sz000551,苏物贸Ａ,1995-04-28,3.8,3.94,3.8,3.91,3.8,371000.0,1432928.0,140760000.0,316710000.0
sz000551,苏物贸Ａ,1995-05-02,3.95,3.95,3.7,3.86,3.91,156200.0,601596.0,140400000.0,315900000.0
sz000551,苏物贸Ａ,1995-05-03,3.89,3.91,3.78,3.8,3.9,135600.0,522403.0,136800000.0,307800000.0
sz000551,苏物贸Ａ,1995-05-04,3.78,3.84,3.7,3.75,3.8,142300.0,531968.0,136440000.0,306990000.0
sz000551,苏物贸Ａ,1995-05-05,3.75,3.8,3.73,3.77,3.79,106100.0,399977.0,135720000.0,305370000.0
sz000551,苏物贸Ａ,1995-05-08,3.78,3.79,3.73,3.75,3.77,60300.0,226012.0,135000000.0,303750000.0
sz000551,苏物贸Ａ,1995-05-09,3.73,3.8,3.73,3.78,3.75,91900.0,347154.0,136080000.0,306180000.0
sz000551,苏物贸Ａ,1995-05-10,3.81,3.81,3.63,3.65,3.78,164100.0,608141.0,131400000.0,295650000.0
sz000551,苏物贸Ａ,1995-05-11,3.65,3.73,3.65,3.7,3.65,146000.0,538744.0,133200000.0,299700000.0
sz000551,苏物贸Ａ,1995-05-12,3.7,3.88,3.55,3.78,3.7,253700.0,960360.0,136080000.0,306180000.0
sz000551,苏物贸Ａ,1995-05-15,3.9,3.9,3.75,3.8,3.78,86500.0,328645.0,136800000.0,307800000.0
sz000551,苏物贸Ａ,1995-05-16,3.8,3.85,3.76,3.8,3.8,117400.0,447345.0,136800000.0,307800000.0
sz000551,苏物贸Ａ,1995-05-17,3.75,3.98,3.75,3.83,3.8,338900.0,1317695.0,137880000.0,310230000.0
sz000551,苏物贸Ａ,1995-05-18,4.39,5.25,4.39,5.0,3.83,4272600.0,21167361.0,180000000.0,405000000.0
sz000551,苏物贸Ａ,1995-05-19,5.0,5.5,4.85,5.49,5.0,3775400.0,19990570.0,197280000.0,443880000.0
sz000551,苏物贸Ａ,1995-05-22,5.5,5.6,5.05,5.35,5.48,3304200.0,17820718.0,192600000.0,433350000.0
sz000551,苏物贸Ａ,1995-05-23,4.5,4.8,4.2,4.25,5.35,2839000.0,12848616.0,153000000.0,344250000.0
sz000551,苏物贸Ａ,1995-05-24,4.1,4.4,4.1,4.26,4.25,1816500.0,7669229.0,153360000.0,345060000.0
sz000551,苏物贸Ａ,1995-05-25,4.3,4.35,4.01,4.05,4.26,733300.0,3081456.0,145080000.0,326430000.0
sz000551,苏物贸Ａ,1995-05-26,4.1,4.55,4.0,4.17,4.03,781500.0,3299332.0,151200000.0,340200000.0
sz000551,苏物贸Ａ,1995-05-29,4.2,4.22,4.1,4.15,4.2,310000.0,1291792.0,149400000.0,336150000.0
sz000551,苏物贸Ａ,1995-05-30,4.2,4.2,4.11,4.16,4.15,151600.0,631000.0,149400000.0,336150000.0
sz000551,苏物贸Ａ,1995-05-31,4.15,4.15,4.08,4.08,4.15,148600.0,610000.0,147240000.0,331290000.0
sz000551,苏物贸Ａ,1995-06-01,4.1,4.2,4.06,4.2,4.09,169400.0,697484.0,151200000.0,340200000.0
sz000551,苏物贸Ａ,1995-06-02,4.2,4.23,4.1,4.15,4.2,328300.0,1375674.0,149400000.0,336150000.0
sz000551,苏物贸Ａ,1995-06-05,4.15,4.2,4.03,4.03,4.15,180600.0,741755.0,145080000.0,326430000.0
sz000551,苏物贸Ａ,1995-06-06,4.01,4.1,4.0,4.04,4.03,270700.0,1093575.0,145800000.0,328050000.0
sz000551,苏物贸Ａ,1995-06-07,4.06,4.18,4.05,4.17,4.05,181200.0,743902.0,150120000.0,337770000.0
sz000551,苏物贸Ａ,1995-06-08,4.17,4.17,4.05,4.06,4.17,235200.0,968955.0,146160000.0,328860000.0
sz000551,苏物贸Ａ,1995-06-09,4.06,4.12,4.03,4.09,4.06,137300.0,558419.0,147240000.0,331290000.0
sz000551,苏物贸Ａ,1995-06-12,4.05,4.09,4.01,4.05,4.09,179900.0,727082.0,145800000.0,328050000.0
sz000551,苏物贸Ａ,1995-06-13,4.01,4.1,4.0,4.06,4.05,149800.0,602968.0,146160000.0,328860000.0
sz000551,苏物贸Ａ,1995-06-14,4.06,4.09,4.0,4.03,4.06,154900.0,623194.0,145080000.0,326430000.0
sz000551,苏物贸Ａ,1995-06-15,4.05,4.05,3.8,3.85,4.03,492200.0,1909326.0,138600000.0,311850000.0
sz000551,苏物贸Ａ,1995-06-16,3.75,3.9,3.72,3.88,3.85,325800.0,1249593.0,139680000.0,314280000.0
sz000551,苏物贸Ａ,1995-06-19,3.88,3.88,3.78,3.84,3.88,82300.0,314263.0,138240000.0,311040000.0
sz000551,苏物贸Ａ,1995-06-20,3.82,3.88,3.78,3.79,3.84,165600.0,633549.0,136440000.0,306990000.0
sz000551,苏物贸Ａ,1995-06-21,3.85,3.89,3.82,3.89,3.79,186400.0,717610.0,140040000.0,315090000.0
sz000551,苏物贸Ａ,1995-06-22,3.82,3.88,3.8,3.86,3.89,152700.0,587022.0,138960000.0,312660000.0
sz000551,苏物贸Ａ,1995-06-23,3.84,3.92,3.84,3.9,3.86,235700.0,917072.0,140400000.0,315900000.0
sz000551,苏物贸Ａ,1995-06-26,3.9,4.28,3.9,4.25,3.9,1496700.0,6360569.0,153000000.0,344250000.0
sz000551,苏物贸Ａ,1995-06-27,4.25,4.34,4.07,4.09,4.25,925100.0,3884682.0,147240000.0,331290000.0
sz000551,苏物贸Ａ,1995-06-28,4.09,4.1,4.03,4.1,4.09,229300.0,931102.0,147600000.0,332100000.0
sz000551,苏物贸Ａ,1995-06-29,4.09,4.15,4.02,4.08,4.1,184200.0,752767.0,146880000.0,330480000.0
sz000551,苏物贸Ａ,1995-06-30,4.05,4.05,3.95,4.03,4.08,414900.0,1658000.0,144720000.0,325620000.0
sz000551,苏物贸Ａ,1995-07-03,3.96,3.96,3.86,3.88,4.02,249100.0,971982.0,139680000.0,314280000.0
sz000551,苏物贸Ａ,1995-07-04,3.85,4.0,3.84,4.0,3.88,238100.0,941676.0,144000000.0,324000000.0
sz000551,苏物贸Ａ,1995-07-05,4.0,4.05,3.95,3.99,4.0,209500.0,835492.0,143640000.0,323190000.0
sz000551,苏物贸Ａ,1995-07-06,3.99,4.1,3.96,3.98,3.99,388000.0,1561893.0,143280000.0,322380000.0
sz000551,苏物贸Ａ,1995-07-07,3.97,4.1,3.97,4.1,3.98,450700.0,1823004.0,147600000.0,332100000.0
sz000551,苏物贸Ａ,1995-07-10,4.15,4.3,4.07,4.26,4.1,1338400.0,5621733.0,153360000.0,345060000.0
sz000551,苏物贸Ａ,1995-07-11,4.28,4.34,4.1,4.11,4.26,911500.0,3843086.0,147960000.0,332910000.0
sz000551,苏物贸Ａ,1995-07-12,4.1,4.2,4.08,4.16,4.11,268400.0,1110396.0,149760000.0,336960000.0
sz000551,苏物贸Ａ,1995-07-13,4.15,4.28,4.13,4.28,4.16,876400.0,3700753.0,154080000.0,346680000.0
sz000551,苏物贸Ａ,1995-07-14,4.3,4.65,4.25,4.5,4.28,3160300.0,14003704.0,162000000.0,364500000.0
sz000551,苏物贸Ａ,1995-07-17,4.5,4.98,4.48,4.81,4.5,4687800.0,22513456.0,173160000.0,389610000.0
sz000551,苏物贸Ａ,1995-07-18,4.85,4.86,4.58,4.75,4.81,1936900.0,9100877.0,171000000.0,384750000.0
sz000551,苏物贸Ａ,1995-07-19,4.75,4.75,4.4,4.41,4.75,1241500.0,5652842.0,158760000.0,357210000.0
sz000551,苏物贸Ａ,1995-07-20,4.38,4.52,4.33,4.34,4.41,745200.0,3266873.0,156240000.0,351540000.0
sz000551,苏物贸Ａ,1995-07-21,4.35,4.44,4.32,4.34,4.34,447600.0,1946994.0,156240000.0,351540000.0
sz000551,苏物贸Ａ,1995-07-24,4.34,4.39,4.27,4.29,4.34,578800.0,2493773.0,154440000.0,347490000.0
sz000551,苏物贸Ａ,1995-07-25,4.26,4.46,4.18,4.36,4.29,544000.0,2327581.0,156960000.0,353160000.0
sz000551,苏物贸Ａ,1995-07-26,4.3,4.39,4.26,4.26,4.36,199300.0,862751.0,153360000.0,345060000.0
sz000551,苏物贸Ａ,1995-07-27,4.3,4.43,4.28,4.37,4.26,316400.0,1377639.0,157320000.0,353970000.0
sz000551,苏物贸Ａ,1995-07-28,4.35,4.37,4.3,4.32,4.37,180500.0,779537.0,155520000.0,349920000.0
sz000551,苏物贸Ａ,1995-07-31,4.32,4.32,4.24,4.26,4.32,143000.0,610098.0,153360000.0,345060000.0
sz000551,苏物贸Ａ,1995-08-01,4.26,4.39,4.24,4.35,4.26,299700.0,1295426.0,156600000.0,352350000.0
sz000551,苏物贸Ａ,1995-08-02,4.35,4.41,4.26,4.27,4.35,491900.0,2139007.0,153720000.0,345870000.0
sz000551,苏物贸Ａ,1995-08-03,4.26,4.32,4.25,4.28,4.27,132900.0,568648.0,154080000.0,346680000.0
sz000551,苏物贸Ａ,1995-08-07,4.25,4.35,4.16,4.35,4.28,643900.0,2737748.0,156600000.0,352350000.0
sz000551,苏物贸Ａ,1995-08-08,4.35,4.39,4.21,4.28,4.35,535300.0,2308776.0,154080000.0,346680000.0
sz000551,苏物贸Ａ,1995-08-09,4.29,4.29,4.23,4.28,4.28,205200.0,873299.0,154080000.0,346680000.0
sz000551,苏物贸Ａ,1995-08-10,4.31,4.35,4.25,4.32,4.28,613600.0,2643505.0,155520000.0,349920000.0
sz000551,苏物贸Ａ,1995-08-11,4.3,4.7,4.26,4.4,4.32,1369800.0,6077775.0,158400000.0,356400000.0
sz000551,苏物贸Ａ,1995-08-14,4.4,4.54,4.35,4.47,4.4,2004800.0,8899935.0,160920000.0,362070000.0
sz000551,苏物贸Ａ,1995-08-15,4.48,4.5,4.35,4.38,4.47,858700.0,3797586.0,157680000.0,354780000.0
sz000551,苏物贸Ａ,1995-08-16,4.39,4.42,4.31,4.4,4.38,344700.0,1505061.0,158400000.0,356400000.0
sz000551,苏物贸Ａ,1995-08-17,4.4,4.45,4.34,4.39,4.4,838900.0,3678868.0,158040000.0,355590000.0
sz000551,苏物贸Ａ,1995-08-18,4.39,4.58,4.32,4.47,4.39,1956100.0,8678693.0,160920000.0,362070000.0
sz000551,苏物贸Ａ,1995-08-21,4.47,4.47,4.32,4.37,4.47,972400.0,4271829.0,157320000.0,353970000.0
sz000551,苏物贸Ａ,1995-08-22,4.37,4.42,4.19,4.3,4.37,490900.0,2113112.0,154800000.0,348300000.0
sz000551,苏物贸Ａ,1995-08-23,4.3,4.3,4.16,4.19,4.3,344600.0,1450846.0,150840000.0,339390000.0
sz000551,苏物贸Ａ,1995-08-24,4.18,4.2,4.11,4.15,4.19,247600.0,1026238.0,149400000.0,336150000.0
sz000551,苏物贸Ａ,1995-08-25,4.17,4.25,4.12,4.16,4.15,220000.0,919427.0,149760000.0,336960000.0
sz000551,苏物贸Ａ,1995-08-28,4.15,4.28,4.1,4.14,4.16,125600.0,518784.0,149040000.0,335340000.0
sz000551,苏物贸Ａ,1995-08-29,4.18,4.25,4.1,4.12,4.14,156800.0,653005.0,148320000.0,333720000.0
sz000551,苏物贸Ａ,1995-08-30,4.17,4.17,4.05,4.12,4.12,300300.0,1238095.0,148320000.0,333720000.0
sz000551,苏物贸Ａ,1995-08-31,4.01,4.3,3.94,4.04,4.12,940600.0,3809078.0,145440000.0,327240000.0
sz000551,苏物贸Ａ,1995-09-04,4.02,4.23,3.97,4.13,4.04,1391000.0,5698185.0,148680000.0,334530000.0
sz000551,苏物贸Ａ,1995-09-05,4.18,4.18,4.0,4.05,4.13,1197000.0,4854086.0,145800000.0,328050000.0
sz000551,苏物贸Ａ,1995-09-06,3.82,3.84,3.75,3.82,4.05,601500.0,2288700.0,137520000.0,309420000.0
sz000551,苏物贸Ａ,1995-09-07,3.85,3.92,3.83,3.85,3.82,510800.0,1975821.0,138600000.0,311850000.0
sz000551,苏物贸Ａ,1995-09-08,3.85,3.86,3.8,3.8,3.85,277000.0,1059039.0,136800000.0,307800000.0
sz000551,苏物贸Ａ,1995-09-11,3.82,3.86,3.8,3.85,3.8,243000.0,928846.0,138600000.0,311850000.0
sz000551,苏物贸Ａ,1995-09-12,3.9,3.92,3.8,3.83,3.85,282200.0,1088452.0,137880000.0,310230000.0
sz000551,苏物贸Ａ,1995-09-13,3.8,3.86,3.78,3.82,3.83,192500.0,733027.0,137520000.0,309420000.0
sz000551,苏物贸Ａ,1995-09-14,3.82,3.85,3.79,3.81,3.82,442300.0,1686488.0,137160000.0,308610000.0
sz000551,苏物贸Ａ,1995-09-15,3.78,3.83,3.78,3.82,3.81,423400.0,1609096.0,137520000.0,309420000.0
sz000551,苏物贸Ａ,1995-09-18,3.88,3.95,3.83,3.87,3.82,377600.0,1454689.0,139320000.0,313470000.0
sz000551,苏物贸Ａ,1995-09-19,3.85,3.87,3.75,3.75,3.87,224400.0,853311.0,135000000.0,303750000.0
sz000551,苏物贸Ａ,1995-09-20,3.73,3.73,3.64,3.64,3.75,292400.0,1074151.0,131040000.0,294840000.0
sz000551,苏物贸Ａ,1995-09-21,3.73,3.73,3.63,3.67,3.64,271900.0,993429.0,132120000.0,297270000.0
sz000551,苏物贸Ａ,1995-09-22,3.68,3.72,3.62,3.69,3.67,220900.0,810231.0,132840000.0,298890000.0
sz000551,苏物贸Ａ,1995-09-25,3.72,3.72,3.61,3.64,3.69,121300.0,442893.0,131040000.0,294840000.0
sz000551,苏物贸Ａ,1995-09-26,3.62,3.75,3.62,3.7,3.64,300000.0,1110242.0,133200000.0,299700000.0
sz000551,苏物贸Ａ,1995-09-27,3.65,3.79,3.61,3.65,3.7,229500.0,842830.0,131400000.0,295650000.0
sz000551,苏物贸Ａ,1995-09-28,3.65,3.65,3.62,3.64,3.65,190000.0,690136.0,131040000.0,294840000.0
sz000551,苏物贸Ａ,1995-09-29,3.55,3.75,3.55,3.74,3.64,695000.0,2553289.0,172029528.0,376690182.0
sz000551,苏物贸Ａ,1995-10-04,3.75,3.75,3.65,3.68,3.74,199300.0,733535.0,169269696.0,370647024.0
sz000551,苏物贸Ａ,1995-10-05,3.65,3.7,3.65,3.69,3.68,130000.0,476747.0,169729668.0,371654217.0
sz000551,苏物贸Ａ,1995-10-06,3.67,3.69,3.64,3.66,3.69,180900.0,661666.0,168349752.0,368632638.0
sz000551,苏物贸Ａ,1995-10-09,3.62,3.67,3.56,3.57,3.66,213500.0,769841.0,164210004.0,359567901.0
sz000551,苏物贸Ａ,1995-10-10,3.55,3.6,3.52,3.52,3.57,190900.0,677914.0,161910144.0,354531936.0
sz000551,苏物贸Ａ,1995-10-11,3.52,3.53,3.46,3.5,3.52,186100.0,649664.0,160990200.0,352517550.0
sz000551,苏物贸Ａ,1995-10-12,3.51,3.57,3.48,3.5,3.5,206400.0,725104.0,160990200.0,352517550.0
sz000551,苏物贸Ａ,1995-10-13,3.5,3.6,3.48,3.52,3.5,169400.0,593223.0,161910144.0,354531936.0
sz000551,苏物贸Ａ,1995-10-16,3.52,3.55,3.5,3.51,3.52,129400.0,455995.0,161450172.0,353524743.0
sz000551,苏物贸Ａ,1995-10-17,3.56,3.56,3.52,3.54,3.51,142200.0,503343.0,162830088.0,356546322.0
sz000551,苏物贸Ａ,1995-10-18,3.55,3.62,3.52,3.6,3.54,181800.0,648349.0,165589920.0,362589480.0
sz000551,苏物贸Ａ,1995-10-19,3.6,3.65,3.54,3.54,3.6,172500.0,617936.0,162830088.0,356546322.0
sz000551,苏物贸Ａ,1995-10-20,3.54,3.78,3.52,3.78,3.54,810700.0,2977015.0,173869416.0,380718954.0
sz000551,苏物贸Ａ,1995-10-23,3.77,3.86,3.7,3.78,3.78,1108700.0,4197964.0,173869416.0,380718954.0
sz000551,苏物贸Ａ,1995-10-24,3.81,3.81,3.7,3.73,3.78,333600.0,1246945.0,171569556.0,375682989.0
sz000551,苏物贸Ａ,1995-10-25,3.83,3.99,3.78,3.86,3.73,1235300.0,4773193.0,177549192.0,388776498.0
sz000551,苏物贸Ａ,1995-10-26,3.83,3.85,3.68,3.68,3.86,475800.0,1789981.0,169269696.0,370647024.0
sz000551,苏物贸Ａ,1995-10-27,3.68,3.68,3.58,3.61,3.68,331000.0,1201295.0,166049892.0,363596673.0
sz000551,苏物贸Ａ,1995-10-30,3.61,3.61,3.52,3.55,3.61,191600.0,682765.0,163290060.0,357553515.0
sz000551,苏物贸Ａ,1995-10-31,3.58,3.58,3.5,3.54,3.55,230000.0,809854.0,162830088.0,356546322.0
sz000551,苏物贸Ａ,1995-11-01,3.54,3.6,3.51,3.55,3.54,160200.0,566740.0,163290060.0,357553515.0
sz000551,苏物贸Ａ,1995-11-02,3.58,3.6,3.54,3.55,3.55,98100.0,348788.0,163290060.0,357553515.0
sz000551,苏物贸Ａ,1995-11-03,3.53,3.58,3.53,3.58,3.55,125400.0,445519.0,164669976.0,360575094.0
sz000551,苏物贸Ａ,1995-11-06,3.59,3.7,3.55,3.66,3.58,302000.0,1088471.0,168349752.0,368632638.0
sz000551,苏物贸Ａ,1995-11-07,3.63,3.66,3.58,3.59,3.66,159000.0,573716.0,165129948.0,361582287.0
sz000551,苏物贸Ａ,1995-11-08,3.56,3.58,3.52,3.52,3.59,276400.0,978900.0,161910144.0,354531936.0
sz000551,苏物贸Ａ,1995-11-09,3.52,3.59,3.49,3.53,3.52,165900.0,583225.0,162370116.0,355539129.0
sz000551,苏物贸Ａ,1995-11-10,3.58,3.58,3.5,3.53,3.53,127700.0,451309.0,162370116.0,355539129.0
sz000551,苏物贸Ａ,1995-11-13,3.5,3.52,3.48,3.49,3.53,168200.0,588468.0,160530228.0,351510357.0
sz000551,苏物贸Ａ,1995-11-14,3.49,3.52,3.48,3.52,3.49,104200.0,365249.0,161910144.0,354531936.0
sz000551,苏物贸Ａ,1995-11-15,3.51,3.53,3.48,3.53,3.52,79100.0,276700.0,162370116.0,355539129.0
sz000551,苏物贸Ａ,1995-11-16,3.5,3.54,3.49,3.49,3.53,70700.0,248374.0,160530228.0,351510357.0
sz000551,苏物贸Ａ,1995-11-17,3.5,3.54,3.48,3.53,3.49,153300.0,537558.0,162370116.0,355539129.0
sz000551,苏物贸Ａ,1995-11-20,3.56,3.56,3.5,3.5,3.53,131400.0,462401.0,160990200.0,352517550.0
sz000551,苏物贸Ａ,1995-11-21,3.59,3.59,3.5,3.58,3.5,160000.0,567862.0,164669976.0,360575094.0
sz000551,苏物贸Ａ,1995-11-22,3.56,3.63,3.5,3.5,3.58,190900.0,678669.0,160990200.0,352517550.0
sz000551,苏物贸Ａ,1995-11-23,3.5,3.51,3.48,3.49,3.5,82300.0,288074.0,160530228.0,351510357.0
sz000551,苏物贸Ａ,1995-11-24,3.5,3.54,3.49,3.52,3.49,78900.0,276804.0,161910144.0,354531936.0
sz000551,苏物贸Ａ,1995-11-27,3.5,3.51,3.46,3.48,3.52,59900.0,208895.2,160070256.0,350503164.0
sz000551,苏物贸Ａ,1995-11-28,3.46,3.48,3.41,3.44,3.48,151600.0,522601.4,158230368.0,346474392.0
sz000551,苏物贸Ａ,1995-11-29,3.43,3.44,3.38,3.39,3.44,165300.0,563237.4,155930508.0,341438427.0
sz000551,苏物贸Ａ,1995-11-30,3.35,3.47,3.35,3.4,3.39,255500.0,870552.6,156390480.0,342445620.0
sz000551,苏物贸Ａ,1995-12-01,3.38,3.46,3.32,3.46,3.4,1862400.0,6366527.5,159150312.0,348488778.0
sz000551,苏物贸Ａ,1995-12-04,3.41,3.48,3.4,3.47,3.46,158800.0,548404.1,159610284.0,349495971.0
sz000551,苏物贸Ａ,1995-12-05,3.48,3.48,3.41,3.45,3.47,72000.0,248475.8,158690340.0,347481585.0
sz000551,苏物贸Ａ,1995-12-06,3.46,3.47,3.39,3.4,3.45,108800.0,371754.6,156390480.0,342445620.0
sz000551,苏物贸Ａ,1995-12-07,3.39,3.42,3.39,3.41,3.4,62500.0,213063.0,156850452.0,343452813.0
sz000551,苏物贸Ａ,1995-12-08,3.41,3.5,3.38,3.41,3.41,162300.0,554718.9,156850452.0,343452813.0
sz000551,苏物贸Ａ,1995-12-11,3.46,3.48,3.33,3.35,3.41,266700.0,905499.8,154090620.0,337409655.0
sz000551,苏物贸Ａ,1995-12-12,3.35,3.41,3.26,3.38,3.35,244700.0,808583.3,155470536.0,340431234.0
sz000551,苏物贸Ａ,1995-12-13,3.35,3.35,3.26,3.29,3.38,145200.0,480632.1,151330788.0,331366497.0
sz000551,苏物贸Ａ,1995-12-14,3.33,3.34,3.25,3.27,3.29,110900.0,364065.0,150410844.0,329352111.0
sz000551,苏物贸Ａ,1995-12-15,3.25,3.3,3.2,3.23,3.27,145300.0,471059.3,148570956.0,325323339.0
sz000551,苏物贸Ａ,1995-12-18,3.2,3.23,3.16,3.19,3.23,110800.0,353463.9,146731068.0,321294567.0
sz000551,苏物贸Ａ,1995-12-19,3.21,3.3,3.18,3.2,3.19,67400.0,216786.0,147191040.0,322301760.0
sz000551,苏物贸Ａ,1995-12-20,3.2,3.25,3.19,3.24,3.2,41900.0,135116.6,149030928.0,326330532.0
sz000551,苏物贸Ａ,1995-12-21,3.21,3.28,3.16,3.16,3.24,56200.0,181609.2,145351152.0,318272988.0
sz000551,苏物贸Ａ,1995-12-22,3.21,3.22,3.18,3.18,3.16,62200.0,198928.7,146271096.0,320287374.0
sz000551,苏物贸Ａ,1995-12-25,3.16,3.2,3.1,3.11,3.18,123000.0,386074.3,143051292.0,313237023.0
sz000551,苏物贸Ａ,1995-12-26,3.14,3.14,3.05,3.05,3.11,104700.0,322766.0,140291460.0,307193865.0
sz000551,苏物贸Ａ,1995-12-27,3.03,3.18,3.02,3.1,3.05,100700.0,307495.5,142591320.0,312229830.0
sz000551,苏物贸Ａ,1995-12-28,3.06,3.1,2.99,3.0,3.1,212700.0,642494.8,137991600.0,302157900.0
sz000551,苏物贸Ａ,1995-12-29,3.0,3.03,2.99,3.01,3.0,133400.0,400863.0,138451572.0,303165093.0
sz000551,苏物贸Ａ,1996-01-02,3.01,3.01,2.95,2.95,3.01,61800.0,183339.3,135691740.0,297121935.0
sz000551,苏物贸Ａ,1996-01-03,2.95,2.97,2.91,2.97,2.95,76000.0,223114.0,136611684.0,299136321.0
sz000551,苏物贸Ａ,1996-01-04,2.93,3.04,2.9,3.03,2.97,152700.0,457024.9,139371516.0,305179479.0
sz000551,苏物贸Ａ,1996-01-05,3.04,3.04,2.91,2.91,3.03,84100.0,250142.2,133851852.0,293093163.0
sz000551,苏物贸Ａ,1996-01-08,2.9,2.95,2.87,2.93,2.91,63900.0,186278.4,134771796.0,295107549.0
sz000551,苏物贸Ａ,1996-01-09,2.95,3.04,2.94,3.03,2.93,169600.0,505500.3,139371516.0,305179479.0
sz000551,苏物贸Ａ,1996-01-10,2.98,3.0,2.9,2.95,3.03,92600.0,272832.8,135691740.0,297121935.0
sz000551,苏物贸Ａ,1996-01-11,2.94,3.02,2.9,2.9,2.95,179400.0,522445.4,133391880.0,292085970.0
sz000551,苏物贸Ａ,1996-01-12,2.9,2.98,2.88,2.93,2.9,89300.0,260669.8,134771796.0,295107549.0
sz000551,苏物贸Ａ,1996-01-15,2.92,2.94,2.9,2.94,2.93,38200.0,112000.0,135691740.0,297121935.0
sz000551,苏物贸Ａ,1996-01-16,2.99,2.99,2.91,2.92,2.95,31800.0,94043.0,134311824.0,294100356.0
sz000551,苏物贸Ａ,1996-01-17,2.92,2.95,2.88,2.89,2.92,60500.0,176088.9,132931908.0,291078777.0
sz000551,苏物贸Ａ,1996-01-18,2.88,2.88,2.78,2.79,2.89,91200.0,257515.0,128332188.0,281006847.0
sz000551,苏物贸Ａ,1996-01-19,2.79,2.85,2.78,2.8,2.79,74600.0,208511.7,128792160.0,282014040.0
sz000551,苏物贸Ａ,1996-01-22,2.8,2.8,2.73,2.76,2.8,51300.0,141423.0,126952272.0,277985268.0
sz000551,苏物贸Ａ,1996-01-23,2.76,2.78,2.75,2.77,2.76,97800.0,270223.6,127412244.0,278992461.0
sz000551,苏物贸Ａ,1996-01-24,2.8,2.8,2.75,2.78,2.77,22800.0,63432.4,127872216.0,279999654.0
sz000551,苏物贸Ａ,1996-01-25,2.77,2.86,2.76,2.76,2.78,132400.0,373127.1,126952272.0,277985268.0
sz000551,苏物贸Ａ,1996-01-26,2.75,2.87,2.74,2.83,2.76,203600.0,571949.9,130172076.0,285035619.0
sz000551,苏物贸Ａ,1996-01-29,2.83,2.95,2.76,2.85,2.83,147800.0,418910.5,131092020.0,287050005.0
sz000551,苏物贸Ａ,1996-01-30,2.9,2.9,2.82,2.86,2.85,73800.0,210329.4,131551992.0,288057198.0
sz000551,苏物贸Ａ,1996-01-31,2.83,3.05,2.5,3.02,2.86,3231000.0,9334255.4,138911544.0,304172286.0
sz000551,苏物贸Ａ,1996-02-01,2.99,3.14,2.95,3.1,3.02,2685000.0,8216865.8,142591320.0,312229830.0
sz000551,苏物贸Ａ,1996-02-02,3.05,3.08,2.94,2.98,3.1,950700.0,2846470.6,137071656.0,300143514.0
sz000551,苏物贸Ａ,1996-02-05,3.03,3.06,2.86,2.88,2.98,612300.0,1818318.2,132471936.0,290071584.0
sz000551,苏物贸Ａ,1996-02-06,2.86,2.9,2.84,2.86,2.88,412500.0,1180515.8,131551992.0,288057198.0
sz000551,苏物贸Ａ,1996-02-07,2.87,3.08,2.84,2.91,2.86,280700.0,820143.6,133851852.0,293093163.0
sz000551,苏物贸Ａ,1996-02-08,2.93,2.93,2.81,2.85,2.91,295200.0,846493.8,131092020.0,287050005.0
sz000551,苏物贸Ａ,1996-02-09,2.85,2.9,2.85,2.87,2.85,158100.0,455638.0,132011964.0,289064391.0
sz000551,苏物贸Ａ,1996-02-12,2.85,2.89,2.84,2.89,2.87,116100.0,333811.3,132931908.0,291078777.0
sz000551,苏物贸Ａ,1996-02-13,2.88,2.96,2.88,2.94,2.89,261000.0,763802.7,135231768.0,296114742.0
sz000551,苏物贸Ａ,1996-02-14,2.91,2.98,2.87,2.88,2.94,252800.0,738293.2,132471936.0,290071584.0
sz000551,苏物贸Ａ,1996-02-15,2.86,2.93,2.86,2.93,2.88,189900.0,554191.6,134771796.0,295107549.0
sz000551,苏物贸Ａ,1996-02-16,2.9,2.99,2.9,2.97,2.93,496900.0,1473473.6,136611684.0,299136321.0
sz000551,苏物贸Ａ,1996-03-04,3.02,3.15,2.99,3.14,2.97,1217300.0,3734088.2,144431208.0,316258602.0
sz000551,苏物贸Ａ,1996-03-05,3.13,3.16,3.01,3.04,3.14,901800.0,2783979.5,139831488.0,306186672.0
sz000551,苏物贸Ａ,1996-03-06,3.01,3.05,2.95,2.96,3.04,499000.0,1495482.0,136151712.0,298129128.0
sz000551,苏物贸Ａ,1996-03-07,2.96,2.98,2.93,2.98,2.96,211100.0,624681.9,137071656.0,300143514.0
sz000551,苏物贸Ａ,1996-03-08,2.96,2.97,2.91,2.96,2.98,191400.0,562038.1,136151712.0,298129128.0
sz000551,苏物贸Ａ,1996-03-11,2.97,2.97,2.86,2.9,2.96,244400.0,707796.9,133391880.0,292085970.0
sz000551,苏物贸Ａ,1996-03-12,2.88,2.9,2.83,2.88,2.9,195300.0,558629.7,132471936.0,290071584.0
sz000551,苏物贸Ａ,1996-03-13,2.93,2.93,2.87,2.89,2.88,74200.0,214383.1,132931908.0,291078777.0
sz000551,苏物贸Ａ,1996-03-14,2.92,2.94,2.88,2.89,2.89,223600.0,649590.8,132931908.0,291078777.0
sz000551,苏物贸Ａ,1996-03-15,2.87,2.92,2.84,2.91,2.89,115300.0,332940.0,133851852.0,293093163.0
sz000551,苏物贸Ａ,1996-03-18,2.89,2.92,2.88,2.92,2.91,110900.0,321995.8,134311824.0,294100356.0
sz000551,苏物贸Ａ,1996-03-19,2.95,2.95,2.88,2.9,2.92,140500.0,409206.7,133391880.0,292085970.0
sz000551,苏物贸Ａ,1996-03-20,2.91,2.93,2.9,2.93,2.9,68700.0,200774.4,134771796.0,295107549.0
sz000551,苏物贸Ａ,1996-03-21,2.92,2.94,2.9,2.92,2.93,105500.0,309490.8,134311824.0,294100356.0
sz000551,苏物贸Ａ,1996-03-22,2.91,2.98,2.9,2.98,2.92,199300.0,585293.5,137071656.0,300143514.0
sz000551,苏物贸Ａ,1996-03-25,2.98,2.98,2.95,2.98,2.98,221000.0,656986.7,137071656.0,300143514.0
sz000551,苏物贸Ａ,1996-03-26,2.97,3.0,2.91,2.91,2.98,232900.0,686225.7,133851852.0,293093163.0
sz000551,苏物贸Ａ,1996-03-27,2.9,2.91,2.88,2.9,2.91,169700.0,490685.4,133391880.0,292085970.0
sz000551,苏物贸Ａ,1996-03-28,2.9,2.97,2.9,2.92,2.9,308600.0,908937.7,134311824.0,294100356.0
sz000551,苏物贸Ａ,1996-03-29,2.9,2.92,2.87,2.91,2.92,173800.0,503645.9,133851852.0,293093163.0
sz000551,苏物贸Ａ,1996-04-01,2.95,3.0,2.92,2.93,2.91,386422.0,1137843.1,134771796.0,295107549.0
sz000551,苏物贸Ａ,1996-04-02,2.9,2.93,2.86,2.88,2.93,167000.0,481380.5,132471936.0,290071584.0
sz000551,苏物贸Ａ,1996-04-03,2.85,2.91,2.85,2.89,2.88,43100.0,124464.1,132931908.0,291078777.0
sz000551,苏物贸Ａ,1996-04-04,2.86,2.91,2.86,2.9,2.89,67800.0,196000.0,133391880.0,292085970.0
sz000551,苏物贸Ａ,1996-04-05,2.9,3.03,2.9,2.99,2.9,831500.0,2483579.0,137531628.0,301150707.0
sz000551,苏物贸Ａ,1996-04-08,2.98,3.07,2.96,3.02,2.99,736900.0,2229667.5,138911544.0,304172286.0
sz000551,苏物贸Ａ,1996-04-09,3.01,3.13,3.0,3.07,3.02,1539400.0,4751987.2,141211404.0,309208251.0
sz000551,苏物贸Ａ,1996-04-10,3.06,3.16,3.04,3.15,3.07,1265400.0,3950238.2,144891180.0,317265795.0
sz000551,苏物贸Ａ,1996-04-11,3.15,3.25,3.12,3.25,3.15,2035700.0,6535731.4,149490900.0,327337725.0
sz000551,苏物贸Ａ,1996-04-12,3.25,3.37,3.18,3.18,3.25,2604800.0,8583677.1,146271096.0,320287374.0
sz000551,苏物贸Ａ,1996-04-15,3.18,3.24,3.16,3.21,3.18,1265000.0,4054845.5,147651012.0,323308953.0
sz000551,苏物贸Ａ,1996-04-16,3.21,3.35,3.18,3.29,3.21,1183000.0,3842542.8,151330788.0,331366497.0
sz000551,苏物贸Ａ,1996-04-17,3.3,3.35,3.24,3.26,3.29,1605000.0,5298282.6,149950872.0,328344918.0
sz000551,苏物贸Ａ,1996-04-18,3.25,3.38,3.22,3.36,3.26,1202300.0,3981114.9,154550592.0,338416848.0
sz000551,苏物贸Ａ,1996-04-19,3.39,3.48,3.3,3.34,3.36,1587700.0,5341311.1,153630648.0,336402462.0
sz000551,苏物贸Ａ,1996-04-22,3.3,3.42,3.25,3.33,3.34,1625900.0,5450925.5,153170676.0,335395269.0
sz000551,苏物贸Ａ,1996-04-23,3.34,3.57,3.33,3.54,3.33,1434700.0,4924534.4,162830088.0,356546322.0
sz000551,苏物贸Ａ,1996-04-24,3.55,3.8,3.54,3.79,3.54,2916600.0,10721611.5,174329388.0,381726147.0
sz000551,苏物贸Ａ,1996-04-25,3.85,4.0,3.5,3.51,3.79,3434700.0,12700700.1,161450172.0,353524743.0
sz000551,苏物贸Ａ,1996-04-26,3.52,4.15,3.52,4.08,3.51,5016800.0,19710813.8,187668576.0,410934744.0
sz000551,苏物贸Ａ,1996-04-29,4.38,4.86,4.27,4.73,4.08,7302700.0,33401702.7,217566756.0,476402289.0
sz000551,苏物贸Ａ,1996-04-30,4.75,4.8,4.3,4.35,4.73,3947900.0,17751337.6,200087820.0,438128955.0
sz000551,苏物贸Ａ,1996-05-02,4.68,4.75,4.0,4.1,4.35,3266900.0,13988657.6,188588520.0,412949130.0
sz000551,苏物贸Ａ,1996-05-03,4.1,4.25,4.03,4.21,4.1,1715200.0,7150487.0,193648212.0,424028253.0
sz000551,苏物贸Ａ,1996-05-06,4.35,4.6,4.35,4.51,4.21,2461500.0,10994596.4,207447372.0,454244043.0
sz000551,苏物贸Ａ,1996-05-07,4.55,4.59,4.2,4.4,4.51,1760800.0,7760907.7,202387680.0,443164920.0
sz000551,苏物贸Ａ,1996-05-08,4.35,4.42,4.24,4.31,4.4,1102600.0,4760083.3,197787960.0,433092990.0
sz000551,苏物贸Ａ,1996-05-09,4.27,4.38,4.11,4.15,4.31,1751900.0,7390539.4,190888380.0,417985095.0
sz000551,苏物贸Ａ,1996-05-10,4.09,4.18,4.02,4.15,4.15,1076300.0,4391880.3,190888380.0,417985095.0
sz000551,苏物贸Ａ,1996-05-13,4.2,4.42,4.17,4.37,4.15,1730700.0,7436988.4,201007764.0,440143341.0
sz000551,苏物贸Ａ,1996-05-14,4.4,4.55,4.35,4.36,4.37,4026300.0,17975602.7,200547792.0,439136148.0
sz000551,苏物贸Ａ,1996-05-15,4.35,4.65,4.3,4.65,4.36,3304300.0,14896439.1,213886980.0,468344745.0
sz000551,苏物贸Ａ,1996-05-16,4.78,5.0,4.69,4.78,4.65,6610700.0,32051751.0,219866616.0,481438254.0
sz000551,苏物贸Ａ,1996-05-17,4.8,4.9,4.7,4.89,4.78,3064700.0,14646418.8,224926308.0,492517377.0
sz000551,苏物贸Ａ,1996-05-20,5.0,5.2,4.7,4.89,4.89,4951500.0,25124304.0,224926308.0,492517377.0
sz000551,苏物贸Ａ,1996-05-21,4.84,4.88,4.4,4.44,4.89,2723100.0,12684000.0,201927708.0,442157727.0
sz000551,苏物贸Ａ,1996-05-22,4.4,4.61,4.35,4.61,4.39,2080300.0,9263631.3,212047092.0,464315973.0
sz000551,苏物贸Ａ,1996-05-23,4.67,4.68,4.19,4.27,4.61,2092500.0,9151329.1,196408044.0,430071411.0
sz000551,苏物贸Ａ,1996-05-24,4.22,4.4,4.19,4.27,4.27,1488200.0,6384534.9,196408044.0,430071411.0
sz000551,苏物贸Ａ,1996-05-27,4.25,4.35,4.2,4.2,4.27,601500.0,2550066.6,193188240.0,423021060.0
sz000551,苏物贸Ａ,1996-05-28,4.24,4.29,4.17,4.25,4.2,742500.0,3142750.4,195488100.0,428057025.0
sz000551,苏物贸Ａ,1996-05-29,4.28,4.38,4.23,4.38,4.25,768900.0,3327965.2,201467736.0,441150534.0
sz000551,苏物贸Ａ,1996-05-30,4.38,4.4,4.17,4.24,4.38,962000.0,4115796.6,195028128.0,427049832.0
sz000551,苏物贸Ａ,1996-05-31,4.18,4.46,4.18,4.36,4.24,1864800.0,8205187.3,201467736.0,441150534.0
sz000551,苏物贸Ａ,1996-06-03,4.4,4.58,4.2,4.45,4.38,2479000.0,10857264.0,204687540.0,448200885.0
sz000551,苏物贸Ａ,1996-06-04,4.5,4.62,4.4,4.48,4.45,2520600.0,11354290.7,206067456.0,451222464.0
sz000551,苏物贸Ａ,1996-06-05,4.53,4.56,4.4,4.45,4.48,1559600.0,6945736.8,204687540.0,448200885.0
sz000551,苏物贸Ａ,1996-06-07,4.68,4.78,4.52,4.56,4.45,2479600.0,11492136.8,209747232.0,459280008.0
sz000551,苏物贸Ａ,1996-06-10,4.6,4.81,4.55,4.63,4.56,2847400.0,13404671.6,212967036.0,466330359.0
sz000551,苏物贸Ａ,1996-06-11,4.63,4.65,4.46,4.56,4.63,1322200.0,5983267.2,209747232.0,459280008.0
sz000551,苏物贸Ａ,1996-06-12,4.56,4.72,4.5,4.6,4.56,1982700.0,9129451.2,211587120.0,463308780.0
sz000551,苏物贸Ａ,1996-06-13,4.73,4.74,4.58,4.73,4.6,2554100.0,11938611.4,217566756.0,476402289.0
sz000551,苏物贸Ａ,1996-06-14,4.8,4.98,4.62,4.65,4.73,4133600.0,20037847.5,213886980.0,468344745.0
sz000551,苏物贸Ａ,1996-06-17,4.62,4.65,4.48,4.5,4.65,1675900.0,7651903.4,206987400.0,453236850.0
sz000551,苏物贸Ａ,1996-06-18,4.55,4.65,4.46,4.65,4.5,964200.0,4353130.0,213886980.0,468344745.0
sz000551,苏物贸Ａ,1996-06-19,4.65,4.69,4.5,4.63,4.65,1578100.0,7257292.5,212967036.0,466330359.0
sz000551,苏物贸Ａ,1996-06-20,4.65,5.28,4.6,5.24,4.63,12260000.0,61931413.6,241025328.0,527769132.0
sz000551,苏物贸Ａ,1996-06-21,5.28,5.44,5.05,5.06,5.24,6822500.0,35790157.4,232745832.0,509639658.0
sz000551,苏物贸Ａ,1996-06-24,5.3,5.86,5.3,5.82,5.06,12426900.0,70652894.3,267703704.0,586186326.0
sz000551,苏物贸Ａ,1996-06-25,5.75,6.0,5.5,5.78,5.82,5509500.0,31842925.3,265863816.0,582157554.0
sz000551,苏物贸Ａ,1996-06-26,5.68,5.95,5.66,5.9,5.78,4197300.0,24466675.4,271383480.0,594243870.0
sz000551,苏物贸Ａ,1996-06-27,6.0,6.05,5.65,5.72,5.9,2768000.0,16078428.9,263103984.0,576114396.0
sz000551,苏物贸Ａ,1996-06-28,5.56,5.73,5.4,5.5,5.72,2666200.0,14668033.4,252984600.0,553956150.0
sz000551,苏物贸Ａ,1996-07-01,4.45,4.79,4.41,4.58,4.58,2178800.0,9990400.9,210667176.0,461294394.0
sz000551,苏物贸Ａ,1996-07-02,4.55,4.88,4.5,4.79,4.58,2634000.0,12410941.5,220326588.0,482445447.0
sz000551,苏物贸Ａ,1996-07-03,4.8,4.89,4.69,4.88,4.79,3831600.0,18405634.1,269359408.0,589812416.0
sz000551,苏物贸Ａ,1996-07-04,4.95,5.3,4.89,5.26,4.88,6504300.0,32999921.0,290334116.0,635740432.0
sz000551,苏物贸Ａ,1996-07-05,5.31,5.44,5.25,5.3,5.26,6749400.0,36031398.8,292541980.0,640574960.0
sz000551,苏物贸Ａ,1996-07-08,5.35,5.39,5.1,5.22,5.3,5122400.0,26857000.0,288126252.0,630905904.0
sz000551,苏物贸Ａ,1996-07-09,5.25,5.55,5.0,5.55,5.22,5426500.0,28570221.3,306341130.0,670790760.0
sz000551,苏物贸Ａ,1996-07-10,5.55,5.6,5.32,5.5,5.55,5763900.0,31541286.4,303581300.0,664747600.0
sz000551,苏物贸Ａ,1996-07-11,5.5,5.55,5.1,5.2,5.5,3863300.0,20506323.8,287022320.0,628488640.0
sz000551,苏物贸Ａ,1996-07-12,5.0,5.4,4.9,5.4,5.2,3493900.0,18294429.8,298061640.0,652661280.0
sz000551,苏物贸Ａ,1996-07-15,5.55,6.2,5.5,6.2,5.4,13904400.0,83122841.6,342218920.0,749351840.0
sz000551,苏物贸Ａ,1996-07-16,6.28,6.78,6.28,6.7,6.2,11681100.0,76457774.0,369817220.0,809783440.0
sz000551,苏物贸Ａ,1996-07-17,6.4,6.8,6.15,6.18,6.7,6756800.0,44338579.7,341114988.0,746934576.0
sz000551,苏物贸Ａ,1996-07-18,6.15,7.24,6.15,7.22,6.18,11603600.0,78383654.4,398519452.0,872632304.0
sz000551,苏物贸Ａ,1996-07-19,7.32,7.75,6.91,7.7,7.22,8741700.0,64424420.0,425013820.0,930646640.0
sz000551,苏物贸Ａ,1996-07-22,8.2,11.0,8.2,10.05,7.7,32011900.0,307200000.0,554725830.0,1214675160.0
sz000551,苏物贸Ａ,1996-07-23,10.0,10.08,8.9,9.65,10.05,12277700.0,116893745.4,532647190.0,1166329880.0
sz000551,苏物贸Ａ,1996-07-24,9.66,9.8,9.2,9.47,9.65,7290800.0,69158084.0,522711802.0,1144574504.0
sz000551,苏物贸Ａ,1996-07-25,9.3,9.59,8.88,9.0,9.47,7875300.0,71717917.2,496769400.0,1087768800.0
sz000551,苏物贸Ａ,1996-07-26,8.86,9.65,8.8,9.35,9.0,5120600.0,47719737.0,516088210.0,1130070920.0
sz000551,苏物贸Ａ,1996-07-29,9.35,10.34,9.1,10.34,9.35,9306700.0,91967477.0,570732844.0,1249725488.0
sz000551,苏物贸Ａ,1996-07-30,10.58,10.6,9.5,9.78,10.34,5967900.0,59571225.2,539822748.0,1182042096.0
sz000551,苏物贸Ａ,1996-07-31,9.7,9.7,8.61,9.24,9.78,4123100.0,38462769.2,510016584.0,1116775968.0
sz000551,苏物贸Ａ,1996-08-01,9.14,9.36,9.0,9.34,9.24,1902300.0,17529316.0,515536244.0,1128862288.0
sz000551,苏物贸Ａ,1996-08-02,9.38,9.45,8.6,8.85,9.34,2947100.0,26376130.2,488489910.0,1069639320.0
sz000551,苏物贸Ａ,1996-08-05,8.8,8.82,8.2,8.82,8.85,1907100.0,16269255.3,486834012.0,1066013424.0
sz000551,苏物贸Ａ,1996-08-06,8.75,9.1,8.43,9.04,8.82,2110800.0,18426154.9,498977264.0,1092603328.0
sz000551,苏物贸Ａ,1996-08-07,9.0,9.32,8.76,9.05,9.04,2549500.0,23263049.6,499529230.0,1093811960.0
sz000551,苏物贸Ａ,1996-08-08,9.0,9.23,8.85,8.91,9.05,1897100.0,17027091.3,491801706.0,1076891112.0
sz000551,苏物贸Ａ,1996-08-09,8.85,9.0,8.7,8.89,8.91,1598400.0,14080683.2,490697774.0,1074473848.0
sz000551,苏物贸Ａ,1996-08-12,8.8,8.95,8.61,8.7,8.89,1751400.0,15313361.8,480210420.0,1051509840.0
sz000551,苏物贸Ａ,1996-08-13,8.6,9.1,8.56,8.94,8.7,1976700.0,17550177.1,493457604.0,1080517008.0
sz000551,苏物贸Ａ,1996-08-14,9.05,9.1,8.7,8.74,8.94,1195400.0,10546000.0,482418284.0,1056344368.0
sz000551,苏物贸Ａ,1996-08-15,8.65,8.96,8.56,8.63,8.74,1203900.0,10441358.6,476346658.0,1043049416.0
sz000551,苏物贸Ａ,1996-08-16,8.58,8.62,8.28,8.42,8.63,1969200.0,16626049.9,464755372.0,1017668144.0
sz000551,苏物贸Ａ,1996-08-19,8.0,8.76,7.8,8.13,8.42,2599200.0,21372172.3,448748358.0,982617816.0
sz000551,苏物贸Ａ,1996-08-20,8.0,8.38,7.88,8.05,8.13,2554300.0,20850907.1,444332630.0,972948760.0
sz000551,苏物贸Ａ,1996-08-21,8.0,8.55,8.0,8.48,8.05,2530000.0,21141915.5,468067168.0,1024919936.0
sz000551,苏物贸Ａ,1996-08-22,8.6,8.8,8.35,8.45,8.48,3238500.0,27885811.3,466411270.0,1021294040.0
sz000551,苏物贸Ａ,1996-08-23,8.6,8.79,8.28,8.58,8.45,4239900.0,36221636.4,473586828.0,1037006256.0
sz000551,苏物贸Ａ,1996-08-26,8.48,8.95,8.45,8.72,8.58,2917000.0,25668165.6,481314352.0,1053927104.0
sz000551,苏物贸Ａ,1996-08-27,8.8,8.83,8.62,8.72,8.72,1656800.0,14451106.4,481314352.0,1053927104.0
sz000551,苏物贸Ａ,1996-08-28,8.7,8.89,8.6,8.86,8.72,2733800.0,23865886.9,489041876.0,1070847952.0
sz000551,苏物贸Ａ,1996-08-29,8.75,9.6,8.65,9.5,8.86,8098300.0,75322559.9,524367700.0,1148200400.0
sz000551,苏物贸Ａ,1996-08-30,9.6,10.25,9.6,9.9,9.5,11383400.0,114798034.1,546446340.0,1196545680.0
sz000551,苏物贸Ａ,1996-09-02,10.0,11.78,9.95,11.69,9.9,14941700.0,163194591.9,645248254.0,1412890808.0
sz000551,苏物贸Ａ,1996-09-03,11.7,12.8,11.42,12.5,11.69,11489000.0,139299902.6,689957500.0,1510790000.0
sz000551,苏物贸Ａ,1996-09-04,12.34,12.84,12.12,12.65,12.5,8084700.0,101522861.2,698236990.0,1528919480.0
sz000551,苏物贸Ａ,1996-09-05,12.9,13.5,12.5,13.0,12.65,9036900.0,117579485.5,717555800.0,1571221600.0
sz000551,苏物贸Ａ,1996-09-06,12.81,13.19,12.53,12.55,13.0,4230400.0,53853157.2,692717330.0,1516833160.0
sz000551,苏物贸Ａ,1996-09-09,12.8,13.18,12.3,12.99,12.55,7449000.0,95352279.3,717003834.0,1570012968.0
sz000551,苏物贸Ａ,1996-09-10,12.81,12.81,11.39,11.67,12.99,5020100.0,60885734.9,644144322.0,1410473544.0
sz000551,苏物贸Ａ,1996-09-11,11.68,11.97,11.09,11.65,11.67,3359200.0,39091996.2,643040390.0,1408056280.0
sz000551,苏物贸Ａ,1996-09-12,11.5,11.8,10.7,10.92,11.65,3614000.0,40944534.0,602746872.0,1319826144.0
sz000551,苏物贸Ａ,1996-09-13,10.67,11.45,10.48,11.33,10.92,4561500.0,50303361.9,625377478.0,1369380056.0
sz000551,苏物贸Ａ,1996-09-16,11.3,11.4,10.91,11.24,11.33,2814900.0,31456762.8,620409784.0,1358502368.0
sz000551,苏物贸Ａ,1996-09-17,11.45,12.78,11.4,12.5,11.24,10604700.0,129105281.2,689957500.0,1510790000.0
sz000551,苏物贸Ａ,1996-09-18,12.5,13.0,11.17,11.5,12.5,8377700.0,103213312.8,634760900.0,1389926800.0
sz000551,苏物贸Ａ,1996-09-19,11.35,11.6,11.01,11.6,11.5,2911900.0,32926116.1,640280560.0,1402013120.0
sz000551,苏物贸Ａ,1996-09-20,11.74,11.99,11.39,11.97,11.6,1948800.0,22699217.9,660703302.0,1446732504.0
sz000551,苏物贸Ａ,1996-09-23,11.9,12.0,11.5,11.52,11.97,1670000.0,19480649.1,635864832.0,1392344064.0
sz000551,苏物贸Ａ,1996-09-24,11.41,11.77,11.35,11.7,11.52,1526200.0,17737298.9,645800220.0,1414099440.0
sz000551,苏物贸Ａ,1996-09-25,11.81,12.0,11.26,11.39,11.7,2050000.0,23527123.3,628689274.0,1376631848.0
sz000551,苏物贸Ａ,1996-09-26,11.39,12.1,11.35,12.08,11.39,3711100.0,43747456.5,666774928.0,1460027456.0
sz000551,苏物贸Ａ,1996-09-27,12.3,13.25,12.3,13.01,12.08,10345600.0,132792240.3,718107766.0,1572430232.0
sz000551,苏物贸Ａ,1996-10-03,13.55,13.9,13.31,13.44,13.01,4595100.0,62827186.6,741842304.0,1624401408.0
sz000551,苏物贸Ａ,1996-10-04,13.4,13.7,13.01,13.36,13.44,2965900.0,39477802.8,737426576.0,1614732352.0
sz000551,苏物贸Ａ,1996-10-07,13.6,14.88,13.6,14.88,13.36,8075500.0,115167188.8,821325408.0,1798444416.0
sz000551,苏物贸Ａ,1996-10-08,15.05,15.7,14.7,15.55,14.88,7214000.0,109518456.9,858307130.0,1879422760.0
sz000551,苏物贸Ａ,1996-10-09,15.7,16.45,15.51,15.89,15.55,7747300.0,124284961.2,877073974.0,1920516248.0
sz000551,苏物贸Ａ,1996-10-10,15.85,16.1,15.5,15.8,15.89,4433900.0,69830000.9,872106280.0,1909638560.0
sz000551,苏物贸Ａ,1996-10-11,16.08,16.7,16.0,16.1,15.8,4870700.0,79626193.8,894184920.0,1957983840.0
sz000551,苏物贸Ａ,1996-10-14,16.58,16.7,15.58,15.9,16.1,8521900.0,136442632.4,877625940.0,1921724880.0
sz000551,苏物贸Ａ,1996-10-15,15.7,16.18,15.5,16.18,15.9,5303900.0,83717878.4,893080988.0,1955566576.0
sz000551,苏物贸Ａ,1996-10-16,16.3,17.3,16.26,16.95,16.18,9049700.0,151566266.2,935582370.0,2048631240.0
sz000551,苏物贸Ａ,1996-10-17,17.0,17.3,16.2,16.59,16.95,5366300.0,89922589.1,915711594.0,2005120488.0
sz000551,苏物贸Ａ,1996-10-18,16.5,16.51,15.0,15.25,16.59,5100200.0,79792838.8,841748150.0,1843163800.0
sz000551,苏物贸Ａ,1996-10-21,15.25,16.55,15.2,16.0,15.25,6697500.0,106176620.3,883145600.0,1933811200.0
sz000551,苏物贸Ａ,1996-10-22,15.35,15.79,14.5,15.29,16.0,3509300.0,54061094.2,843956014.0,1847998328.0
sz000551,苏物贸Ａ,1996-10-23,15.4,15.98,15.4,15.48,15.29,2741500.0,42804676.4,854443368.0,1870962336.0
sz000551,苏物贸Ａ,1996-10-24,15.38,15.81,15.2,15.28,15.48,2707500.0,41839408.8,843404048.0,1846789696.0
sz000551,苏物贸Ａ,1996-10-25,15.22,15.5,14.88,14.9,15.28,1920400.0,28832690.0,822429340.0,1800861680.0
sz000551,苏物贸Ａ,1996-10-28,14.9,15.86,14.7,15.6,14.9,3634700.0,56523842.8,861066960.0,1885465920.0
sz000551,苏物贸Ａ,1996-10-29,15.8,16.49,15.6,15.75,15.6,4581000.0,73595824.3,869346450.0,1903595400.0
sz000551,苏物贸Ａ,1996-10-30,15.75,16.0,15.11,15.2,15.75,2427100.0,37585687.2,838988320.0,1837120640.0
sz000551,苏物贸Ａ,1996-10-31,15.5,16.31,15.23,16.18,15.2,4243500.0,66964449.8,893080988.0,1955566576.0
sz000551,苏物贸Ａ,1996-11-01,15.6,15.98,15.03,15.28,16.18,2524000.0,39103236.5,843404048.0,1846789696.0
sz000551,苏物贸Ａ,1996-11-04,15.29,17.0,15.29,16.75,15.28,6479600.0,105898973.1,924543050.0,2024458600.0
sz000551,苏物贸Ａ,1996-11-05,17.0,17.18,15.8,16.17,16.75,5409700.0,89181119.6,892529022.0,1954357944.0
sz000551,苏物贸Ａ,1996-11-06,16.0,16.29,15.56,15.8,16.17,2017500.0,32051148.2,872106280.0,1909638560.0
sz000551,苏物贸Ａ,1996-11-07,16.0,16.1,15.51,15.75,15.8,1172900.0,18478799.5,869346450.0,1903595400.0
sz000551,苏物贸Ａ,1996-11-08,15.75,17.08,15.75,17.01,15.75,6942000.0,114566239.2,938894166.0,2055883032.0
sz000551,苏物贸Ａ,1996-11-11,17.65,18.2,17.31,17.76,17.01,7036000.0,125817719.7,980291616.0,2146530432.0
sz000551,苏物贸Ａ,1996-11-12,18.01,18.18,17.06,17.6,17.76,5245400.0,91852231.8,971460160.0,2127192320.0
sz000551,苏物贸Ａ,1996-11-13,17.8,18.5,17.65,18.08,17.6,6667400.0,120848990.2,997954528.0,2185206656.0
sz000551,苏物贸Ａ,1996-11-14,18.08,18.59,17.8,18.48,18.08,5923900.0,107774308.3,1020033168.0,2233551936.0
sz000551,苏物贸Ａ,1996-11-15,18.18,18.34,17.88,17.95,18.48,3007100.0,54279876.1,990778970.0,2169494440.0
sz000551,苏物贸Ａ,1996-11-18,17.75,18.07,17.01,17.25,17.95,4454200.0,77569248.5,952141350.0,2084890200.0
sz000551,苏物贸Ａ,1996-11-19,17.3,17.6,16.95,17.4,17.25,4206000.0,72805392.7,960420840.0,2103019680.0
sz000551,苏物贸Ａ,1996-11-20,17.2,18.5,16.99,18.0,17.4,4107700.0,73641749.4,993538800.0,2175537600.0
sz000551,苏物贸Ａ,1996-11-21,18.05,18.25,17.3,17.75,18.0,5571200.0,98457842.8,979739650.0,2145321800.0
sz000551,苏物贸Ａ,1996-11-22,17.5,19.9,17.4,19.9,17.75,12172900.0,228691274.8,1098412340.0,2405177680.0
sz000551,苏物贸Ａ,1996-11-25,20.5,21.85,20.15,21.4,19.9,6000500.0,125425525.1,1181207240.0,2586472480.0
sz000551,苏物贸Ａ,1996-11-26,21.4,21.58,20.18,21.18,21.4,7623600.0,157952424.4,1169063988.0,2559882576.0
sz000551,苏物贸Ａ,1996-11-27,21.48,22.2,21.0,21.98,21.18,4649000.0,100641783.8,1213221268.0,2656573136.0
sz000551,苏物贸Ａ,1996-11-28,21.95,22.3,21.5,21.88,21.98,2595900.0,56804287.7,1207701608.0,2644486816.0
sz000551,苏物贸Ａ,1996-11-29,21.88,22.29,21.55,21.75,21.88,2832000.0,61701680.5,1200526050.0,2628774600.0
sz000551,苏物贸Ａ,1996-12-02,22.0,22.38,20.8,20.98,21.75,2669500.0,56974337.1,1158024668.0,2535709936.0
sz000551,苏物贸Ａ,1996-12-03,20.97,22.68,20.51,22.68,20.98,2522100.0,54689386.7,1251858888.0,2741177376.0
sz000551,苏物贸Ａ,1996-12-04,22.98,24.19,22.68,23.79,22.68,2996800.0,70870451.7,1313127114.0,2875335528.0
sz000551,苏物贸Ａ,1996-12-05,23.8,24.18,23.0,24.18,23.79,2439100.0,57814085.0,1334653788.0,2922472176.0
sz000551,苏物贸Ａ,1996-12-06,24.16,24.8,23.5,24.13,24.18,2835800.0,68567848.8,1331893958.0,2916429016.0
sz000551,苏物贸Ａ,1996-12-09,24.08,24.5,23.9,24.0,24.13,1728700.0,41759060.0,1324718400.0,2900716800.0
sz000551,苏物贸Ａ,1996-12-10,24.01,24.28,23.56,24.0,24.0,2972600.0,71379855.0,1324718400.0,2900716800.0
sz000551,苏物贸Ａ,1996-12-11,23.95,24.55,23.7,24.05,24.0,3113700.0,74829920.8,1327478230.0,2906759960.0
sz000551,苏物贸Ａ,1996-12-12,24.0,24.8,23.5,23.5,24.05,3882900.0,94433118.0,1297120100.0,2840285200.0
sz000551,苏物贸Ａ,1996-12-13,23.56,24.0,22.5,23.5,23.5,2839300.0,65929768.6,1297120100.0,2840285200.0
sz000551,苏物贸Ａ,1996-12-16,20.99,21.12,20.99,20.99,23.32,2809100.0,58983764.4,1158576634.0,2536918568.0
sz000551,苏物贸Ａ,1996-12-17,18.89,20.0,18.89,18.89,20.99,5500600.0,104682879.9,1042663774.0,2283105848.0
sz000551,苏物贸Ａ,1996-12-18,17.8,20.78,17.8,20.78,18.89,3492000.0,68737557.8,1146985348.0,2511537296.0
sz000551,苏物贸Ａ,1996-12-19,20.9,21.0,18.7,18.7,20.78,3963600.0,77240066.2,1032176420.0,2260141840.0
sz000551,苏物贸Ａ,1996-12-20,17.55,18.0,16.83,17.43,18.7,5122900.0,87352630.6,962076738.0,2106645576.0
sz000551,苏物贸Ａ,1996-12-23,18.81,19.28,18.0,18.9,17.58,3826300.0,72163104.3,1043215740.0,2284314480.0
sz000551,苏物贸Ａ,1996-12-24,19.0,19.28,18.0,18.13,18.89,1855200.0,34611664.0,1000714358.0,2191249816.0
sz000551,苏物贸Ａ,1996-12-25,18.51,19.55,17.85,19.48,18.13,2915100.0,55307640.2,1075229768.0,2354415136.0
sz000551,苏物贸Ａ,1996-12-26,19.66,19.95,19.2,19.79,19.48,1389600.0,27362782.2,1092340714.0,2391882728.0
sz000551,苏物贸Ａ,1996-12-27,19.88,20.1,19.5,19.99,19.79,2057800.0,40992647.1,1103380034.0,2416055368.0
sz000551,苏物贸Ａ,1996-12-30,20.0,21.3,19.82,21.23,19.99,3095000.0,62713943.8,1175135614.0,2573177528.0
sz000551,苏物贸Ａ,1996-12-31,20.98,21.2,20.0,20.48,21.23,2354900.0,48576298.4,1130426368.0,2475278336.0
sz000551,苏物贸Ａ,1997-01-02,20.49,21.29,20.35,21.03,20.48,2049300.0,42544880.8,1160784498.0,2541753096.0
sz000551,苏物贸Ａ,1997-01-03,21.28,21.28,20.4,20.98,21.03,2118500.0,44169195.4,1158024668.0,2535709936.0
sz000551,苏物贸Ａ,1997-01-06,20.5,20.98,20.38,20.48,20.98,838500.0,17389576.5,1130426368.0,2475278336.0
sz000551,苏物贸Ａ,1997-01-07,20.0,21.09,19.8,20.9,20.48,1851400.0,38308172.5,1153608940.0,2526040880.0
sz000551,苏物贸Ａ,1997-01-08,20.68,21.2,20.68,21.2,20.9,1587500.0,33332979.1,1170167920.0,2562299840.0
sz000551,苏物贸Ａ,1997-01-09,21.28,22.28,21.28,22.0,21.2,4609100.0,101026544.4,1214325200.0,2658990400.0
sz000551,苏物贸Ａ,1997-01-10,22.08,22.08,21.6,21.9,22.0,1379300.0,30125620.2,1208805540.0,2646904080.0
sz000551,苏物贸Ａ,1997-01-13,22.0,22.25,21.8,22.05,21.9,956600.0,21083772.2,1217085030.0,2665033560.0
sz000551,苏物贸Ａ,1997-01-14,22.08,22.3,21.85,22.29,22.05,2211700.0,48791223.1,1230332214.0,2694040728.0
sz000551,苏物贸Ａ,1997-01-15,22.38,22.98,22.38,22.68,22.29,2267800.0,51508258.0,1251858888.0,2741177376.0
sz000551,苏物贸Ａ,1997-01-16,22.6,22.88,22.3,22.85,22.68,1191300.0,26941420.5,1261242310.0,2761724120.0
sz000551,苏物贸Ａ,1997-01-17,23.0,23.3,22.8,23.18,22.85,1512400.0,34883018.5,1279457188.0,2801608976.0
sz000551,苏物贸Ａ,1997-01-20,23.28,23.28,22.22,22.99,23.18,1152800.0,26305238.3,1268969834.0,2778644968.0
sz000551,苏物贸Ａ,1997-01-21,22.99,23.3,22.6,22.86,22.99,1392000.0,31860765.8,1261794276.0,2762932752.0
sz000551,苏物贸Ａ,1997-01-22,23.3,24.82,23.29,24.12,22.86,4355800.0,105851466.9,1331341992.0,2915220384.0
sz000551,苏物贸Ａ,1997-01-23,24.0,24.38,23.99,24.14,24.12,2523100.0,61085961.8,1332445924.0,2917637648.0
sz000551,苏物贸Ａ,1997-01-24,23.9,24.4,23.9,24.37,24.14,1140700.0,27533063.7,1345141142.0,2945436184.0
sz000551,苏物贸Ａ,1997-01-27,24.5,25.0,24.2,24.72,24.37,1926800.0,47406090.5,1364459952.0,2987738304.0
sz000551,苏物贸Ａ,1997-01-28,24.8,24.8,24.18,24.78,24.72,2483500.0,60670623.5,1367771748.0,2994990096.0
sz000551,苏物贸Ａ,1997-01-29,24.88,25.15,24.58,24.65,24.78,1280200.0,31775529.6,1360596190.0,2979277880.0
sz000551,苏物贸Ａ,1997-01-30,24.8,24.87,24.35,24.73,24.65,1056500.0,25936360.4,1365011918.0,2988946936.0
sz000551,苏物贸Ａ,1997-01-31,24.7,24.98,24.35,24.6,24.73,1395000.0,34408629.9,1357836360.0,2973234720.0
sz000551,苏物贸Ａ,1997-02-17,24.98,25.1,24.2,24.73,24.6,1108900.0,27517682.6,1365011918.0,2988946936.0
sz000551,苏物贸Ａ,1997-02-18,24.6,24.6,22.24,22.24,24.73,2642500.0,60654562.4,1227572384.0,2687997568.0
sz000551,苏物贸Ａ,1997-02-19,21.5,23.18,21.5,22.91,22.24,1740600.0,39027424.7,1264554106.0,2768975912.0
sz000551,苏物贸Ａ,1997-02-20,20.62,22.8,20.62,22.41,22.91,2003300.0,43476407.1,1236955806.0,2708544312.0
sz000551,苏物贸Ａ,1997-02-21,22.41,23.0,22.15,22.95,22.41,1363000.0,30634563.5,1266761970.0,2773810440.0
sz000551,苏物贸Ａ,1997-02-24,23.02,23.8,23.0,23.58,22.95,1398500.0,32541119.6,1301535828.0,2849954256.0
sz000551,苏物贸Ａ,1997-02-25,23.82,23.99,23.45,23.68,23.58,894600.0,21297514.1,1307055488.0,2862040576.0
sz000551,苏物贸Ａ,1997-02-26,24.0,24.5,23.88,24.4,23.68,1324600.0,32160923.3,1346797040.0,2949062080.0
sz000551,苏物贸Ａ,1997-02-27,24.68,25.0,24.21,24.65,24.4,1213700.0,29957272.9,1360596190.0,2979277880.0
sz000551,苏物贸Ａ,1997-02-28,24.65,24.89,23.6,24.47,24.65,2475300.0,60099068.5,1350660802.0,2957522504.0
sz000551,苏物贸Ａ,1997-03-03,24.88,25.5,24.88,25.36,24.47,5243100.0,132697972.4,1399785776.0,3065090752.0
sz000551,苏物贸Ａ,1997-03-04,25.33,25.33,24.6,24.77,25.36,2205000.0,55015344.3,1367219782.0,2993781464.0
sz000551,苏物贸Ａ,1997-03-05,27.0,27.0,24.88,24.93,24.77,7787200.0,196781290.0,1376051238.0,3013119576.0
sz000551,苏物贸Ａ,1997-03-06,24.8,25.2,24.5,25.1,24.93,3951500.0,98968446.8,1385434660.0,3033666320.0
sz000551,苏物贸Ａ,1997-03-07,25.15,25.2,24.48,24.7,25.1,2919600.0,72268896.6,1363356020.0,2985321040.0
sz000551,苏物贸Ａ,1997-03-10,24.59,25.1,24.51,24.93,24.7,2190600.0,54562336.8,1376051238.0,3013119576.0
sz000551,苏物贸Ａ,1997-03-11,25.0,26.0,24.9,25.75,24.93,6323100.0,161773657.6,1421312450.0,3112227400.0
sz000551,苏物贸Ａ,1997-03-12,26.9,27.0,25.8,26.1,25.75,4800300.0,125926960.2,1440631260.0,3154529520.0
sz000551,苏物贸Ａ,1997-03-13,26.0,26.0,25.35,25.53,26.1,2761700.0,70744479.2,1409169198.0,3085637496.0
sz000551,苏物贸Ａ,1997-03-14,25.5,26.0,25.31,26.0,25.53,4089400.0,105014128.9,1435111600.0,3142443200.0
sz000551,苏物贸Ａ,1997-03-17,26.03,26.36,25.8,26.19,26.0,6149300.0,160249088.3,1445598954.0,3165407208.0
sz000551,苏物贸Ａ,1997-03-18,26.18,26.35,25.4,25.96,26.19,4774500.0,123888253.6,1432903736.0,3137608672.0
sz000551,苏物贸Ａ,1997-03-19,25.98,26.46,25.68,26.36,25.96,3894800.0,101404830.1,1454982376.0,3185953952.0
sz000551,苏物贸Ａ,1997-03-20,26.43,26.6,25.7,25.74,26.36,3149700.0,82661741.4,1420760484.0,3111018768.0
sz000551,苏物贸Ａ,1997-03-21,25.7,26.3,25.6,26.12,25.74,2539400.0,65712029.3,1441735192.0,3156946784.0
sz000551,苏物贸Ａ,1997-03-24,26.2,27.78,26.18,26.8,26.12,5655800.0,153114091.4,1479268880.0,3239133760.0
sz000551,苏物贸Ａ,1997-03-25,27.0,29.1,26.85,28.75,26.8,7241000.0,202630422.4,1586902250.0,3474817000.0
sz000551,苏物贸Ａ,1997-03-26,29.19,29.49,28.7,29.28,28.75,3810300.0,110638376.4,1616156448.0,3538874496.0
sz000551,苏物贸Ａ,1997-03-27,29.33,30.6,29.3,29.89,29.28,3313400.0,99904012.7,1649826374.0,3612601048.0
sz000551,苏物贸Ａ,1997-03-28,29.5,29.51,28.75,28.93,29.89,4402200.0,128022194.0,1596837638.0,3496572376.0
sz000551,苏物贸Ａ,1997-03-31,29.5,29.6,28.51,28.9,28.93,2930400.0,84883667.5,1595181740.0,3492946480.0
sz000551,苏物贸Ａ,1997-04-01,28.95,30.1,28.3,29.66,28.9,2583000.0,75450938.2,1637131156.0,3584802512.0
sz000551,苏物贸Ａ,1997-04-02,29.7,29.98,28.76,28.88,29.66,2049200.0,60107010.2,1594077808.0,3490529216.0
sz000551,苏物贸Ａ,1997-04-04,31.77,31.77,30.58,31.77,28.88,2215300.0,70157550.4,1753595982.0,3839823864.0
sz000551,苏物贸Ａ,1997-04-07,34.0,34.88,33.39,33.6,31.77,6224500.0,211918682.5,1854605760.0,4061003520.0
sz000551,苏物贸Ａ,1997-04-08,33.1,34.8,32.3,33.36,33.6,3971700.0,132642010.5,1841358576.0,4031996352.0
sz000551,苏物贸Ａ,1997-04-09,33.4,36.7,33.18,36.57,33.36,5424100.0,189620874.1,2018539662.0,4419967224.0
sz000551,苏物贸Ａ,1997-04-10,36.6,36.6,35.0,35.47,36.57,3208100.0,115729342.6,1957823402.0,4287017704.0
sz000551,苏物贸Ａ,1997-04-11,34.9,34.9,33.28,34.25,35.47,3767900.0,128383843.6,1890483550.0,4139564600.0
sz000551,苏物贸Ａ,1997-04-14,34.25,34.7,33.7,33.76,34.25,1767000.0,60145345.7,1863437216.0,4080341632.0
sz000551,苏物贸Ａ,1997-04-15,33.75,34.8,33.6,34.5,33.76,2225200.0,76527613.0,1904282700.0,4169780400.0
sz000551,苏物贸Ａ,1997-04-16,34.57,35.5,34.01,34.81,34.5,2381800.0,83146697.8,1921393646.0,4207247992.0
sz000551,苏物贸Ａ,1997-04-17,35.8,36.3,35.5,35.77,34.81,3861700.0,138328403.8,1974382382.0,4323276664.0
sz000551,苏物贸Ａ,1997-04-18,36.0,36.1,35.5,35.86,35.77,2892600.0,103740863.5,1979350076.0,4334154352.0
sz000551,苏物贸Ａ,1997-04-21,36.2,36.9,35.8,36.32,35.86,5361800.0,194970660.3,2004740512.0,4389751424.0
sz000551,苏物贸Ａ,1997-04-22,36.4,37.89,36.05,37.19,36.32,4680700.0,172984564.9,2052761554.0,4494902408.0
sz000551,苏物贸Ａ,1997-04-23,19.18,20.45,19.0,20.45,37.19,6070000.0,122111203.6,1128770470.0,2471652440.0
sz000551,苏物贸Ａ,1997-04-24,21.8,22.5,21.11,22.49,20.45,18767000.0,417558655.7,1241371534.0,2718213368.0
sz000551,苏物贸Ａ,1997-04-25,22.08,22.4,21.47,21.6,22.49,17888900.0,391748728.7,2384495280.0,5221290240.0
sz000551,苏物贸Ａ,1997-04-28,21.6,23.1,21.1,22.56,21.6,13511900.0,297308817.4,2490472848.0,5453347584.0
sz000551,苏物贸Ａ,1997-04-29,22.7,23.28,21.5,21.8,22.56,7701400.0,170405095.6,2406573940.0,5269635520.0
sz000551,苏物贸Ａ,1997-04-30,21.8,22.3,21.4,21.98,21.8,4522200.0,99041277.5,2426444734.0,5313146272.0
sz000551,苏物贸Ａ,1997-05-05,22.1,22.92,22.1,22.6,21.98,8287100.0,187312184.3,2494888580.0,5463016640.0
sz000551,苏物贸Ａ,1997-05-06,22.75,24.86,22.7,24.85,22.6,13763600.0,333007013.4,2743273505.0,6006901040.0
sz000551,苏物贸Ａ,1997-05-07,25.3,27.31,24.3,27.3,24.85,13694300.0,352284765.0,3013737090.0,6599130720.0
sz000551,苏物贸Ａ,1997-05-08,27.0,29.15,25.2,26.25,27.3,14967900.0,410614994.8,2897824125.0,6345318000.0
sz000551,苏物贸Ａ,1997-05-09,25.8,28.0,25.5,27.9,26.25,11569600.0,311213977.8,3079973070.0,6744166560.0
sz000551,苏物贸Ａ,1997-05-12,28.8,29.2,27.27,27.45,27.9,9287300.0,259692484.3,3030296085.0,6635389680.0
sz000551,苏物贸Ａ,1997-05-13,27.27,27.8,25.6,26.8,27.45,6011400.0,160377695.7,2958540440.0,6478267520.0
sz000551,苏物贸Ａ,1997-05-14,26.21,26.8,24.5,24.67,26.8,5745100.0,146490021.8,2723402711.0,5963390288.0
sz000551,苏物贸Ａ,1997-05-15,24.01,25.78,23.1,25.5,24.67,5822100.0,143103235.5,2815029150.0,6164023200.0
sz000551,苏物贸Ａ,1997-05-16,23.5,25.0,22.97,22.97,25.5,6344100.0,150907021.6,2535734101.0,5552455408.0
sz000551,苏物贸Ａ,1997-05-19,22.4,23.45,21.2,22.28,22.97,4338100.0,95537981.9,2459562724.0,5385664192.0
sz000551,苏物贸Ａ,1997-05-20,22.41,24.24,22.35,24.0,22.28,7275400.0,170690361.9,2649439200.0,5801433600.0
sz000551,苏物贸Ａ,1997-05-21,24.25,24.38,22.4,22.88,24.0,5280800.0,122288522.7,2525798704.0,5530700032.0
sz000551,苏物贸Ａ,1997-05-22,20.59,21.8,20.59,20.59,22.88,8724300.0,181145722.9,2272998047.0,4977146576.0
sz000551,苏物贸Ａ,1997-05-23,19.6,21.47,19.6,20.96,20.59,6915700.0,142056536.9,2313843568.0,5066585344.0
sz000551,苏物贸Ａ,1997-05-26,21.0,21.3,18.86,19.88,20.96,6916600.0,136708783.6,2194618804.0,4805520832.0
sz000551,苏物贸Ａ,1997-05-27,19.85,20.5,19.1,20.18,19.88,5714700.0,114478204.3,2227736794.0,4878038752.0
sz000551,苏物贸Ａ,1997-05-28,20.15,20.99,19.6,20.48,20.18,5663600.0,115324977.2,2260854784.0,4950556672.0
sz000551,苏物贸Ａ,1997-05-29,20.18,20.8,20.0,20.15,20.48,2770100.0,56589487.6,2224424995.0,4870786960.0
sz000551,苏物贸Ａ,1997-05-30,20.0,20.58,19.88,20.54,20.15,2098500.0,42373166.0,2267478382.0,4965060256.0
sz000551,苏物贸Ａ,1997-06-02,20.9,21.89,20.6,21.51,20.54,6582600.0,140412635.1,2374559883.0,5199534864.0
sz000551,苏物贸Ａ,1997-06-03,21.7,21.85,20.6,20.97,21.51,4152700.0,87495141.9,2314947501.0,5069002608.0
sz000551,苏物贸Ａ,1997-06-04,20.77,21.32,20.6,20.7,20.97,3060100.0,63845682.5,2285141310.0,5003736480.0
sz000551,苏物贸Ａ,1997-06-05,21.0,21.75,20.8,21.41,20.7,4804300.0,102295869.2,2363520553.0,5175362224.0
sz000551,苏物贸Ａ,1997-06-06,19.27,20.53,19.27,19.6,21.41,4887200.0,97027981.8,2163708680.0,4737837440.0
sz000551,苏物贸Ａ,1997-06-09,19.38,19.5,18.3,18.65,19.6,3125100.0,58250894.7,2058835045.0,4508197360.0
sz000551,苏物贸Ａ,1997-06-10,18.65,19.28,17.3,17.72,18.65,2446400.0,45321753.2,1956169276.0,4283391808.0
sz000551,苏物贸Ａ,1997-06-11,17.35,17.4,15.95,16.62,17.72,4989800.0,80566310.0,1834736646.0,4017492768.0
sz000551,苏物贸Ａ,1997-06-12,16.8,16.99,15.8,16.35,16.62,3118000.0,50624184.1,1804930455.0,3952226640.0
sz000551,苏物贸Ａ,1997-06-13,15.0,17.49,14.66,17.0,16.35,4403800.0,72052336.5,1876686100.0,4109348800.0
sz000551,苏物贸Ａ,1997-06-16,17.3,17.9,17.3,17.74,17.0,3264700.0,57711854.9,1958377142.0,4288226336.0
sz000551,苏物贸Ａ,1997-06-17,17.5,17.73,16.8,16.95,17.74,2055300.0,35170250.3,1871166435.0,4097262480.0
sz000551,苏物贸Ａ,1997-06-18,16.7,16.9,16.3,16.38,16.95,1668500.0,27685098.4,1808242254.0,3959478432.0
sz000551,苏物贸Ａ,1997-06-19,16.38,16.8,16.0,16.38,16.38,1483100.0,24266266.5,1808242254.0,3959478432.0
sz000551,苏物贸Ａ,1997-06-20,16.58,18.02,16.58,18.02,16.38,3892200.0,68704859.7,1989287266.0,4355909728.0
sz000551,苏物贸Ａ,1997-06-23,19.5,19.82,18.3,19.31,18.02,10997400.0,212713485.6,2131694623.0,4667736784.0
sz000551,苏物贸Ａ,1997-06-24,19.8,20.58,19.4,20.56,19.31,5282300.0,105483666.9,2269686248.0,4969894784.0
sz000551,苏物贸Ａ,1997-06-25,20.99,21.75,20.8,21.09,20.56,7053800.0,150186080.8,2328194697.0,5098009776.0
sz000551,苏物贸Ａ,1997-06-26,20.95,21.09,20.31,20.88,21.09,3146600.0,65366477.4,2305012104.0,5047247232.0
sz000551,苏物贸Ａ,1997-06-27,20.8,21.2,19.97,20.03,20.88,3793700.0,77522792.9,2211177799.0,4841779792.0
sz000551,苏物贸Ａ,1997-07-02,20.1,20.5,18.03,18.98,20.03,2773600.0,52125223.2,2095264834.0,4587967072.0
sz000551,苏物贸Ａ,1997-07-03,18.98,18.98,17.6,17.89,18.98,1964100.0,35397769.4,1974936137.0,4324485296.0
sz000551,苏物贸Ａ,1997-07-04,17.0,18.3,16.5,18.26,17.89,2178700.0,38822222.0,2015781658.0,4413924064.0
sz000551,苏物贸Ａ,1997-07-07,18.2,18.2,16.5,16.73,18.26,2012400.0,34451061.2,1846879909.0,4044082672.0
sz000551,苏物贸Ａ,1997-07-08,16.5,17.69,16.22,17.65,16.73,1862300.0,31752554.2,1948441745.0,4266470960.0
sz000551,苏物贸Ａ,1997-07-09,17.8,18.0,17.3,17.66,17.65,1042800.0,18428277.6,1949545678.0,4268888224.0
sz000551,苏物贸Ａ,1997-07-10,17.7,18.0,17.0,17.09,17.66,968000.0,17026248.0,1886621497.0,4131104176.0
sz000551,苏物贸Ａ,1997-07-11,16.8,17.9,16.7,17.89,17.09,1530000.0,26396630.5,1974936137.0,4324485296.0
sz000551,苏物贸Ａ,1997-07-14,18.05,18.18,17.5,17.8,17.89,1846600.0,32985656.9,1965000740.0,4302729920.0
sz000551,苏物贸Ａ,1997-07-15,17.7,17.8,17.0,17.32,17.8,1526500.0,26408412.4,1912011956.0,4186701248.0
sz000551,苏物贸Ａ,1997-07-16,17.27,18.1,17.2,17.56,17.32,1371400.0,24168109.4,1938506348.0,4244715584.0
sz000551,苏物贸Ａ,1997-07-17,17.4,17.77,17.18,17.47,17.56,1008200.0,17524798.9,1928570951.0,4222960208.0
sz000551,苏物贸Ａ,1997-07-18,17.3,17.95,17.05,17.69,17.47,1946600.0,33888426.8,1952857477.0,4276140016.0
sz000551,苏物贸Ａ,1997-07-21,17.7,17.8,17.0,17.11,17.69,1315500.0,22693905.5,1888829363.0,4135938704.0
sz000551,苏物贸Ａ,1997-07-22,17.0,17.35,16.5,17.25,17.11,1193500.0,20059667.5,1904284425.0,4169780400.0
sz000551,苏物贸Ａ,1997-07-23,17.5,17.78,16.83,16.98,17.25,1276700.0,22088285.3,1874478234.0,4104514272.0
sz000551,苏物贸Ａ,1997-07-24,17.05,17.05,16.4,16.5,16.98,1182500.0,19721795.7,1821489450.0,3988485600.0
sz000551,苏物贸Ａ,1997-07-25,16.5,16.6,15.7,16.1,16.5,1782300.0,28745492.8,1777332130.0,3891795040.0
sz000551,苏物贸Ａ,1997-07-28,15.88,15.88,15.15,15.22,16.1,1364300.0,21134010.7,1680186026.0,3679075808.0
sz000551,苏物贸Ａ,1997-07-29,14.9,15.85,14.68,15.5,15.22,1089500.0,16732971.4,1711096150.0,3746759200.0
sz000551,苏物贸Ａ,1997-07-30,15.76,15.88,15.5,15.72,15.5,638700.0,9969173.6,1735382676.0,3799939008.0
sz000551,苏物贸Ａ,1997-07-31,15.77,16.3,15.68,15.88,15.72,663500.0,10605052.0,1753045604.0,3838615232.0
sz000551,苏物贸Ａ,1997-08-01,16.0,16.0,15.65,15.68,15.88,436200.0,6860071.2,1730966944.0,3790269952.0
sz000551,苏物贸Ａ,1997-08-04,15.8,15.85,15.3,15.4,15.68,820200.0,12627728.0,1700056820.0,3722586560.0
sz000551,苏物贸Ａ,1997-08-05,15.41,16.0,15.41,15.63,15.4,548000.0,8640676.6,1725447279.0,3778183632.0
sz000551,苏物贸Ａ,1997-08-06,15.63,15.79,15.28,15.31,15.63,511900.0,7885415.0,1690121423.0,3700831184.0
sz000551,苏物贸Ａ,1997-08-07,15.02,15.28,14.9,15.12,15.31,768700.0,11546676.4,1669146696.0,3654903168.0
sz000551,苏物贸Ａ,1997-08-08,15.5,15.5,14.88,14.92,15.12,849000.0,12735232.7,1647068036.0,3606557888.0
sz000551,苏物贸Ａ,1997-08-11,14.92,14.97,13.8,13.98,14.92,1574700.0,22291156.2,1543298334.0,3379335072.0
sz000551,苏物贸Ａ,1997-08-12,13.79,13.9,12.8,12.95,13.98,1479800.0,19567019.2,1429593235.0,3130356880.0
sz000551,苏物贸Ａ,1997-08-13,12.9,13.0,12.5,12.62,12.95,1108300.0,14147026.5,1393163446.0,3050587168.0
sz000551,苏物贸Ａ,1997-08-14,12.85,13.43,12.68,13.4,12.62,960700.0,12636364.9,1479270220.0,3239133760.0
sz000551,苏物贸Ａ,1997-08-15,13.56,13.79,12.85,13.0,13.4,768400.0,10161572.0,1435112900.0,3142443200.0
sz000551,苏物贸Ａ,1997-08-18,13.0,13.0,12.5,12.56,13.0,584900.0,7392262.1,1386539848.0,3036083584.0
sz000551,苏物贸Ａ,1997-08-19,12.5,12.88,12.0,12.12,12.56,678000.0,8285773.3,1337966796.0,2929723968.0
sz000551,苏物贸Ａ,1997-08-20,12.0,12.45,11.3,12.43,12.12,1421800.0,16821584.1,1372188719.0,3004659152.0
sz000551,苏物贸Ａ,1997-08-21,11.19,11.19,11.19,11.19,12.43,727500.0,8140725.0,1235301027.0,2704918416.0
sz000551,苏物贸Ａ,1997-08-22,10.1,11.69,10.08,11.05,11.19,6791800.0,73071203.1,1219845965.0,2671076720.0
sz000551,苏物贸Ａ,1997-08-25,10.8,11.15,10.6,10.78,11.05,3158200.0,34222784.8,1190039774.0,2605810592.0
sz000551,苏物贸Ａ,1997-08-26,10.85,11.2,10.85,11.13,10.78,2813200.0,31194424.0,1228677429.0,2690414832.0
sz000551,苏物贸Ａ,1997-08-27,11.13,11.3,10.9,11.25,11.13,1823300.0,20303309.1,1241924625.0,2719422000.0
sz000551,苏物贸Ａ,1997-08-28,11.09,11.45,11.03,11.16,11.25,1335600.0,14986873.3,1231989228.0,2697666624.0
sz000551,苏物贸Ａ,1997-08-29,11.18,11.2,10.6,11.02,11.16,1581600.0,17258217.4,1216534166.0,2663824928.0
sz000551,苏物贸Ａ,1997-09-01,11.0,11.0,10.6,10.7,11.02,1229700.0,13151275.2,1181208310.0,2586472480.0
sz000551,苏物贸Ａ,1997-09-02,10.71,10.96,10.71,10.9,10.7,940300.0,10230220.2,1203286970.0,2634817760.0
sz000551,苏物贸Ａ,1997-09-03,11.08,11.42,10.89,11.32,10.9,2013000.0,22527963.9,1249652156.0,2736342848.0
sz000551,苏物贸Ａ,1997-09-04,11.33,11.8,11.33,11.74,11.32,2461900.0,28614040.3,1296017342.0,2837867936.0
sz000551,苏物贸Ａ,1997-09-05,11.74,11.78,11.41,11.47,11.74,1317300.0,15171442.0,1266211151.0,2772601808.0
sz000551,苏物贸Ａ,1997-09-08,11.5,11.6,11.2,11.31,11.47,868700.0,9833304.8,1248548223.0,2733925584.0
sz000551,苏物贸Ａ,1997-09-09,11.35,11.49,11.01,11.05,11.31,919000.0,10280186.5,1219845965.0,2671076720.0
sz000551,苏物贸Ａ,1997-09-10,11.0,11.15,10.9,11.1,11.05,770700.0,8485030.3,1225365630.0,2683163040.0
sz000551,苏物贸Ａ,1997-09-11,11.1,11.36,10.9,10.92,11.1,1187800.0,13164708.7,1205494836.0,2639652288.0
sz000551,苏物贸Ａ,1997-09-12,10.89,11.03,10.7,10.71,10.92,600600.0,6533425.9,1182312243.0,2588889744.0
sz000551,苏物贸Ａ,1997-09-15,10.71,10.9,10.16,10.25,10.71,753900.0,7827534.7,1131531325.0,2477695600.0
sz000551,苏物贸Ａ,1997-09-16,10.25,10.5,10.2,10.32,10.25,417100.0,4305233.6,1139258856.0,2494616448.0
sz000551,苏物贸Ａ,1997-09-17,10.48,10.48,10.16,10.22,10.32,355200.0,3626815.8,1128219526.0,2470443808.0
sz000551,苏物贸Ａ,1997-09-18,10.33,10.33,10.16,10.23,10.22,341900.0,3503122.7,1129323459.0,2472861072.0
sz000551,苏物贸Ａ,1997-09-19,10.34,10.47,10.24,10.29,10.23,362200.0,3753162.1,1135947057.0,2487364656.0
sz000551,苏物贸Ａ,1997-09-23,9.28,9.45,9.27,9.27,10.29,361800.0,3363454.0,1023345891.0,2240803728.0
sz000551,苏物贸Ａ,1997-09-24,8.88,9.78,8.88,9.68,9.27,1990700.0,18714752.8,1068607144.0,2339911552.0
sz000551,苏物贸Ａ,1997-09-25,9.68,9.74,9.3,9.51,9.68,1435300.0,13612224.7,1049840283.0,2298818064.0
sz000551,苏物贸Ａ,1997-09-26,9.5,9.5,9.08,9.25,9.51,772300.0,7146268.0,1021138025.0,2235969200.0
sz000551,苏物贸Ａ,1997-09-29,9.1,9.16,8.7,8.75,9.25,671800.0,5945784.5,965941375.0,2115106000.0
sz000551,苏物贸Ａ,1997-09-30,8.74,8.97,8.7,8.79,8.75,733200.0,6442699.4,970357107.0,2124775056.0
sz000551,苏物贸Ａ,1997-10-06,8.85,8.9,8.61,8.68,8.79,353700.0,3093227.3,958213844.0,2098185152.0
sz000551,苏物贸Ａ,1997-10-07,8.71,8.79,8.59,8.75,8.68,291700.0,2532131.0,965941375.0,2115106000.0
sz000551,苏物贸Ａ,1997-10-08,8.9,9.63,8.7,9.63,8.75,1723900.0,16308916.3,1063087479.0,2327825232.0
sz000551,苏物贸Ａ,1997-10-09,9.7,10.45,9.7,9.97,9.63,3563600.0,36305741.5,1100621201.0,2410012208.0
sz000551,苏物贸Ａ,1997-10-10,9.95,10.18,9.78,9.94,9.97,1078600.0,10745037.9,1097309402.0,2402760416.0
sz000551,苏物贸Ａ,1997-10-13,10.0,10.5,10.0,10.19,9.94,1208000.0,12428058.2,1124907727.0,2463192016.0
sz000551,苏物贸Ａ,1997-10-14,10.08,10.1,9.8,10.0,10.19,688300.0,6837479.2,1103933000.0,2417264000.0
sz000551,苏物贸Ａ,1997-10-15,10.0,10.18,9.94,10.11,10.0,772000.0,7791434.6,1116076263.0,2443853904.0
sz000551,苏物贸Ａ,1997-10-16,10.15,10.78,10.15,10.56,10.11,2197200.0,23031246.8,1165753248.0,2552630784.0
sz000551,苏物贸Ａ,1997-10-17,10.7,11.58,10.58,11.35,10.56,3377800.0,37559167.9,1252963955.0,2743594640.0
sz000551,苏物贸Ａ,1997-10-20,11.45,11.65,11.1,11.28,11.35,3204600.0,36365284.2,1245236424.0,2726673792.0
sz000551,苏物贸Ａ,1997-10-21,11.19,11.58,11.0,11.57,11.28,2722900.0,30728600.9,1277250481.0,2796774448.0
sz000551,苏物贸Ａ,1997-10-22,11.58,12.2,11.2,11.21,11.57,4325000.0,50542325.7,1237508893.0,2709752944.0
sz000551,苏物贸Ａ,1997-10-23,11.18,11.37,10.82,11.2,11.21,2246500.0,24973392.2,1236404960.0,2707335680.0
sz000551,苏物贸Ａ,1997-10-24,11.2,11.49,11.0,11.34,11.2,1762900.0,19951886.0,1251860022.0,2741177376.0
sz000551,苏物贸Ａ,1997-10-27,11.47,12.03,11.4,11.86,11.34,3298600.0,38881501.1,1309264538.0,2866875104.0
sz000551,苏物贸Ａ,1997-10-28,11.95,11.95,11.0,11.07,11.86,2239500.0,25431233.8,1222053831.0,2675911248.0
sz000551,苏物贸Ａ,1997-10-29,10.9,11.19,10.6,11.16,11.07,2002300.0,21998357.7,1231989228.0,2697666624.0
sz000551,苏物贸Ａ,1997-10-30,11.25,11.45,10.86,10.89,11.16,2315400.0,25690187.0,1202183037.0,2632400496.0
sz000551,苏物贸Ａ,1997-10-31,10.7,10.89,10.5,10.85,10.89,1190600.0,12659150.4,1197767305.0,2622731440.0
sz000551,苏物贸Ａ,1997-11-03,10.86,10.91,10.6,10.68,10.85,846600.0,9053599.0,1179000444.0,2581637952.0
sz000551,苏物贸Ａ,1997-11-04,10.75,11.19,10.61,11.18,10.68,1421100.0,15651798.7,1234197094.0,2702501152.0
sz000551,苏物贸Ａ,1997-11-05,11.31,11.38,11.0,11.19,11.18,1368900.0,15236685.4,1235301027.0,2704918416.0
sz000551,苏物贸Ａ,1997-11-06,11.18,11.44,10.88,10.89,11.19,1174200.0,13124628.1,1202183037.0,2632400496.0
sz000551,苏物贸Ａ,1997-11-07,11.0,11.1,10.78,10.9,10.89,726500.0,7930199.2,1203286970.0,2634817760.0
sz000551,苏物贸Ａ,1997-11-10,10.9,11.2,10.68,10.8,10.9,897200.0,9841563.4,1192247640.0,2610645120.0
sz000551,苏物贸Ａ,1997-11-11,10.8,10.8,10.42,10.65,10.8,894000.0,9475128.9,1175688645.0,2574386160.0
sz000551,苏物贸Ａ,1997-11-12,10.6,11.05,10.6,10.6,10.65,860100.0,9306066.8,1170168980.0,2562299840.0
sz000551,苏物贸Ａ,1997-11-13,10.5,10.65,10.2,10.65,10.6,868100.0,9001500.0,1175688645.0,2574386160.0
sz000551,苏物贸Ａ,1997-11-14,10.8,10.88,10.51,10.55,10.65,647600.0,6933685.2,1164649315.0,2550213520.0
sz000551,苏物贸Ａ,1997-11-17,10.54,11.59,10.54,11.58,10.55,4148700.0,47066748.2,1278354414.0,2799191712.0
sz000551,苏物贸Ａ,1997-11-18,11.49,11.99,11.12,11.36,11.58,4897900.0,57005690.9,1254067888.0,2746011904.0
sz000551,苏物贸Ａ,1997-11-19,11.18,11.4,10.91,10.99,11.36,1431900.0,15955230.2,1213222367.0,2656573136.0
sz000551,苏物贸Ａ,1997-11-20,10.8,11.15,10.6,10.67,10.99,920900.0,9945315.0,1177896511.0,2579220688.0
sz000551,苏物贸Ａ,1997-11-21,10.69,10.69,10.31,10.35,10.67,971400.0,10150094.1,1142570655.0,2501868240.0
sz000551,苏物贸Ａ,1997-11-24,10.08,10.2,10.0,10.03,10.35,948500.0,9556134.2,1107244799.0,2424515792.0
sz000551,苏物贸Ａ,1997-11-25,10.0,10.25,9.83,10.23,10.03,634100.0,6391947.0,1129323459.0,2472861072.0
sz000551,苏物贸Ａ,1997-11-26,10.15,10.25,10.01,10.21,10.23,414700.0,4210898.2,1127115593.0,2468026544.0
sz000551,苏物贸Ａ,1997-11-27,10.2,10.2,9.8,9.82,10.21,658900.0,6573984.8,1084062206.0,2373753248.0
sz000551,苏物贸Ａ,1997-11-28,9.75,10.18,9.5,10.17,9.82,572000.0,5573280.3,1122699861.0,2458357488.0
sz000551,苏物贸Ａ,1997-12-01,10.16,10.16,9.8,9.95,10.17,417300.0,4153875.1,1098413335.0,2405177680.0
sz000551,苏物贸Ａ,1997-12-02,10.0,10.0,9.85,9.88,9.95,221500.0,2197925.5,1090685804.0,2388256832.0
sz000551,苏物贸Ａ,1997-12-03,9.85,9.85,9.6,9.61,9.88,310800.0,3005590.8,1060879613.0,2322990704.0
sz000551,苏物贸Ａ,1997-12-04,9.55,9.98,9.5,9.89,9.61,496000.0,4834729.7,1091789737.0,2390674096.0
sz000551,苏物贸Ａ,1997-12-05,10.1,10.18,9.85,9.88,9.89,608600.0,6081486.1,1090685804.0,2388256832.0
sz000551,苏物贸Ａ,1997-12-08,9.88,9.9,9.6,9.68,9.88,539000.0,5225260.4,1068607144.0,2339911552.0
sz000551,苏物贸Ａ,1997-12-09,9.69,9.78,9.6,9.7,9.68,501500.0,4850592.7,1070815010.0,2344746080.0
sz000551,苏物贸Ａ,1997-12-10,9.72,9.97,9.72,9.94,9.7,333700.0,3294728.9,1097309402.0,2402760416.0
sz000551,苏物贸Ａ,1997-12-11,9.95,10.08,9.75,9.84,9.94,328500.0,3226644.6,1086270072.0,2378587776.0
sz000551,苏物贸Ａ,1997-12-12,9.95,9.99,9.75,9.79,9.84,284900.0,2801120.0,1080750407.0,2366501456.0
sz000551,苏物贸Ａ,1997-12-15,9.7,9.75,9.6,9.71,9.79,610400.0,5893871.6,1071918943.0,2347163344.0
sz000551,苏物贸Ａ,1997-12-16,9.7,10.0,9.63,9.97,9.71,559700.0,5434015.0,1100621201.0,2410012208.0
sz000551,苏物贸Ａ,1997-12-17,10.0,10.05,9.65,9.67,9.97,434600.0,4236490.1,1067503211.0,2337494288.0
sz000551,苏物贸Ａ,1997-12-18,9.6,9.7,9.51,9.57,9.67,355000.0,3410274.2,1056463881.0,2313321648.0
sz000551,苏物贸Ａ,1997-12-19,9.6,9.64,9.3,9.38,9.57,569100.0,5379876.4,1035489154.0,2267393632.0
sz000551,苏物贸Ａ,1997-12-22,9.3,9.3,8.9,9.1,9.38,896900.0,8115921.1,1004579030.0,2199710240.0
sz000551,苏物贸Ａ,1997-12-23,9.08,9.45,8.9,9.23,9.1,811500.0,7425942.1,1018930159.0,2231134672.0
sz000551,苏物贸Ａ,1997-12-24,9.06,9.52,9.06,9.31,9.23,478500.0,4488010.6,1027761623.0,2250472784.0
sz000551,苏物贸Ａ,1997-12-25,9.4,9.48,9.1,9.24,9.31,575900.0,5295267.8,1020034092.0,2233551936.0
sz000551,苏物贸Ａ,1997-12-26,9.21,9.45,9.2,9.35,9.24,681900.0,6332341.3,1032177355.0,2260141840.0
sz000551,苏物贸Ａ,1997-12-29,9.43,9.8,9.43,9.59,9.35,823700.0,7945022.7,1058671747.0,2318156176.0
sz000551,苏物贸Ａ,1997-12-30,9.55,10.55,9.55,10.38,9.59,3218100.0,33301912.4,1145882454.0,2509120032.0
sz000551,苏物贸Ａ,1997-12-31,10.4,10.6,9.95,10.03,10.38,1453700.0,14710069.7,1107244799.0,2424515792.0
sz000551,苏物贸Ａ,1998-01-05,10.1,10.6,10.1,10.24,10.03,1269400.0,13125760.4,1130427392.0,2475278336.0
sz000551,苏物贸Ａ,1998-01-06,10.28,10.3,10.0,10.22,10.24,1112500.0,11231851.9,1128219526.0,2470443808.0
sz000551,苏物贸Ａ,1998-01-07,10.29,10.58,10.21,10.55,10.22,1448900.0,15059853.8,1164649315.0,2550213520.0
sz000551,苏物贸Ａ,1998-01-08,10.55,10.55,10.2,10.27,10.55,1111400.0,11448958.6,1133739191.0,2482530128.0
sz000551,苏物贸Ａ,1998-01-09,10.19,10.2,9.9,10.1,10.27,1288400.0,12918305.4,1114972330.0,2441436640.0
sz000551,苏物贸Ａ,1998-01-12,10.0,10.35,9.79,9.95,10.1,1227400.0,12232188.5,1098413335.0,2405177680.0
sz000551,苏物贸Ａ,1998-01-13,9.77,9.77,8.96,9.18,9.95,1480200.0,13737481.2,1013410494.0,2219048352.0
sz000551,苏物贸Ａ,1998-01-14,9.2,9.65,9.2,9.45,9.18,929200.0,8737683.1,1043216685.0,2284314480.0
sz000551,苏物贸Ａ,1998-01-15,9.44,9.79,9.3,9.55,9.45,720600.0,6874481.7,1054256015.0,2308487120.0
sz000551,苏物贸Ａ,1998-01-16,9.51,9.99,9.4,9.61,9.55,734300.0,7152276.4,1060879613.0,2322990704.0
sz000551,苏物贸Ａ,1998-01-19,9.65,9.95,9.5,9.6,9.61,532900.0,5168378.1,1059775680.0,2320573440.0
sz000551,苏物贸Ａ,1998-01-20,9.6,9.7,9.2,9.33,9.6,397100.0,3727164.3,1029969489.0,2255307312.0
sz000551,苏物贸Ａ,1998-01-21,9.2,9.39,9.2,9.28,9.33,346600.0,3216140.6,1024449824.0,2243220992.0
sz000551,苏物贸Ａ,1998-01-22,9.28,9.4,9.22,9.24,9.28,373200.0,3468230.7,1020034092.0,2233551936.0
sz000551,苏物贸Ａ,1998-01-23,9.2,9.5,9.2,9.38,9.24,371300.0,3472299.0,1035489154.0,2267393632.0
sz000551,苏物贸Ａ,1998-02-09,9.9,10.0,9.5,9.57,9.38,367700.0,3545827.2,1056463881.0,2313321648.0
sz000551,苏物贸Ａ,1998-02-10,9.59,9.75,9.43,9.62,9.57,412400.0,3949979.9,1061983546.0,2325407968.0
sz000551,苏物贸Ａ,1998-02-11,9.65,9.8,9.51,9.77,9.62,503800.0,4878888.5,1078542541.0,2361666928.0
sz000551,苏物贸Ａ,1998-02-12,10.0,10.45,9.91,10.07,9.77,1717100.0,17545175.3,1111660531.0,2434184848.0
sz000551,苏物贸Ａ,1998-02-13,9.98,10.0,9.8,9.81,10.07,630600.0,6231041.8,1082958273.0,2371335984.0
sz000551,苏物贸Ａ,1998-02-16,9.8,9.81,9.49,9.5,9.81,901400.0,8625000.0,1048736350.0,2296400800.0
sz000551,苏物贸Ａ,1998-02-17,9.6,9.71,9.5,9.63,9.5,323600.0,3123463.8,1063087479.0,2327825232.0
sz000551,苏物贸Ａ,1998-02-18,9.65,9.78,9.5,9.65,9.63,345300.0,3314838.4,1065295345.0,2332659760.0
sz000551,苏物贸Ａ,1998-02-19,9.66,9.76,9.5,9.55,9.65,282000.0,2698922.4,1054256015.0,2308487120.0
sz000551,苏物贸Ａ,1998-02-20,9.65,9.65,9.4,9.47,9.55,389400.0,3688997.5,1045424551.0,2289149008.0
sz000551,苏物贸Ａ,1998-02-23,9.45,9.45,9.15,9.3,9.47,502600.0,4649103.6,1026657690.0,2248055520.0
sz000551,苏物贸Ａ,1998-02-24,9.2,9.44,9.2,9.34,9.3,232000.0,2163970.2,1031073422.0,2257724576.0
sz000551,苏物贸Ａ,1998-02-25,9.3,9.3,9.18,9.19,9.34,410500.0,3788155.0,1014514427.0,2221465616.0
sz000551,苏物贸Ａ,1998-02-26,9.16,9.3,9.11,9.23,9.19,363500.0,3339295.5,1018930159.0,2231134672.0
sz000551,苏物贸Ａ,1998-02-27,9.26,9.3,9.18,9.18,9.23,327600.0,3013430.4,1013410494.0,2219048352.0
sz000551,苏物贸Ａ,1998-03-02,9.18,9.18,8.9,8.91,9.18,443200.0,3984157.4,983604303.0,2153782224.0
sz000551,苏物贸Ａ,1998-03-03,8.8,9.1,8.7,9.0,8.91,267300.0,2385982.0,993539700.0,2175537600.0
sz000551,苏物贸Ａ,1998-03-04,9.08,9.1,8.9,8.98,9.0,242900.0,2171990.9,991331834.0,2170703072.0
sz000551,苏物贸Ａ,1998-03-05,9.01,9.2,8.9,9.03,8.98,291300.0,2635293.9,996851499.0,2182789392.0
sz000551,苏物贸Ａ,1998-03-06,9.0,9.0,8.88,8.93,9.03,262400.0,2341272.4,985812169.0,2158616752.0
sz000551,苏物贸Ａ,1998-03-09,8.85,8.96,8.7,8.81,8.93,271900.0,2390693.7,972564973.0,2129609584.0
sz000551,苏物贸Ａ,1998-03-10,8.8,8.8,8.6,8.75,8.81,351300.0,3048084.2,965941375.0,2115106000.0
sz000551,苏物贸Ａ,1998-03-11,8.8,8.88,8.58,8.6,8.75,360700.0,3120878.7,949382380.0,2078847040.0
sz000551,苏物贸Ａ,1998-03-12,8.55,8.6,8.3,8.32,8.6,430400.0,3605386.5,918472256.0,2011163648.0
sz000551,苏物贸Ａ,1998-03-13,8.5,8.56,8.3,8.55,8.32,340400.0,2864298.8,943862715.0,2066760720.0
sz000551,苏物贸Ａ,1998-03-16,8.6,8.6,8.38,8.44,8.55,395800.0,3334897.8,931719452.0,2040170816.0
sz000551,苏物贸Ａ,1998-03-17,8.5,9.2,8.46,9.05,8.44,836800.0,7440872.1,999059365.0,2187623920.0
sz000551,苏物贸Ａ,1998-03-18,9.07,9.07,8.69,8.7,9.05,459300.0,4077469.8,960421710.0,2103019680.0
sz000551,苏物贸Ａ,1998-03-19,8.71,8.8,8.5,8.61,8.7,269200.0,2317435.9,950486313.0,2081264304.0
sz000551,苏物贸Ａ,1998-03-20,8.6,8.85,8.6,8.67,8.61,258500.0,2259468.2,957109911.0,2095767888.0
sz000551,苏物贸Ａ,1998-03-23,8.5,8.68,8.42,8.47,8.67,289900.0,2471243.3,935031251.0,2047422608.0
sz000551,苏物贸Ａ,1998-03-24,8.44,8.6,8.4,8.58,8.47,242900.0,2055521.1,947174514.0,2074012512.0
sz000551,苏物贸Ａ,1998-03-25,8.7,8.72,8.4,8.49,8.58,288000.0,2451505.4,937239117.0,2052257136.0
sz000551,苏物贸Ａ,1998-03-26,8.49,8.52,8.38,8.41,8.49,344100.0,2896876.5,928407653.0,2032919024.0
sz000551,苏物贸Ａ,1998-03-27,8.4,8.65,8.3,8.58,8.41,525500.0,4416276.5,947174514.0,2074012512.0
sz000551,苏物贸Ａ,1998-03-30,8.59,8.97,8.4,8.8,8.58,922100.0,8010924.9,971461040.0,2127192320.0
sz000551,苏物贸Ａ,1998-03-31,8.9,8.9,8.6,8.63,8.8,543900.0,4727014.2,952694179.0,2086098832.0
sz000551,苏物贸Ａ,1998-04-01,8.7,8.75,8.43,8.55,8.63,612200.0,5241714.1,943862715.0,2066760720.0
sz000551,苏物贸Ａ,1998-04-02,8.52,9.15,8.52,9.14,8.55,1689800.0,14989659.5,1008994762.0,2209379296.0
sz000551,苏物贸Ａ,1998-04-03,9.2,9.2,8.86,9.0,9.14,1226500.0,11082449.9,993539700.0,2175537600.0
sz000551,苏物贸Ａ,1998-04-06,9.1,9.5,9.1,9.17,9.0,1432300.0,13246213.2,1012306561.0,2216631088.0
sz000551,苏物贸Ａ,1998-04-07,9.17,9.25,8.95,9.08,9.17,932700.0,8423585.9,1002371164.0,2194875712.0
sz000551,苏物贸Ａ,1998-04-08,9.05,9.3,9.0,9.3,9.08,1283000.0,11717979.4,1026657690.0,2248055520.0
sz000551,苏物贸Ａ,1998-04-09,9.3,9.46,9.0,9.02,9.3,1140600.0,10546974.5,995747566.0,2180372128.0
sz000551,苏物贸Ａ,1998-04-10,8.98,9.1,8.86,8.94,9.02,844500.0,7543688.0,986916102.0,2161034016.0
sz000551,苏物贸Ａ,1998-04-13,8.9,8.9,8.75,8.85,8.94,1052500.0,9278953.5,976980705.0,2139278640.0
sz000551,苏物贸Ａ,1998-04-14,8.8,9.1,8.76,8.98,8.85,713500.0,6381158.6,991331834.0,2170703072.0
sz000551,苏物贸Ａ,1998-04-15,8.92,9.58,8.82,9.4,8.98,2084000.0,19418676.8,1037697020.0,2272228160.0
sz000551,苏物贸Ａ,1998-04-16,9.4,9.44,9.0,9.07,9.4,1117500.0,10249340.0,1001267231.0,2192458448.0
sz000551,苏物贸Ａ,1998-04-17,9.07,9.12,8.85,8.93,9.07,771200.0,6881958.4,985812169.0,2158616752.0
sz000551,苏物贸Ａ,1998-04-20,8.89,8.95,8.7,8.9,8.93,557800.0,4906019.3,982500370.0,2151364960.0
sz000551,苏物贸Ａ,1998-04-21,8.85,9.1,8.8,8.88,8.9,453900.0,4030434.0,980292504.0,2146530432.0
sz000551,苏物贸Ａ,1998-04-22,8.9,9.2,8.8,9.06,8.88,768500.0,6915982.4,1000163298.0,2190041184.0
sz000551,苏物贸Ａ,1998-04-23,9.01,9.25,8.85,8.93,9.06,569300.0,5085692.0,985812169.0,2158616752.0
sz000551,苏物贸Ａ,1998-04-24,8.9,8.9,8.7,8.71,8.93,775900.0,6814021.4,961525643.0,2105436944.0
sz000551,苏物贸Ａ,1998-04-27,8.7,8.7,8.45,8.48,8.71,776900.0,6609399.7,936135184.0,2049839872.0
sz000551,苏物贸Ａ,1998-04-28,8.46,8.46,7.63,7.8,8.48,3277100.0,25499690.2,861067740.0,1885465920.0
sz000551,苏物贸Ａ,1998-04-29,7.7,8.0,7.6,8.0,7.8,2565700.0,20152173.0,883146400.0,1933811200.0
sz000551,苏物贸Ａ,1998-04-30,8.0,8.09,7.8,7.9,8.0,1281700.0,10094361.2,872107070.0,1909638560.0
sz000551,苏物贸Ａ,1998-05-04,7.9,8.0,7.65,7.84,7.9,1962900.0,15187582.5,865483472.0,1895134976.0
sz000551,苏物贸Ａ,1998-05-05,7.8,8.2,7.7,8.12,7.84,2272500.0,18031538.9,896393596.0,1962818368.0
sz000551,苏物贸Ａ,1998-05-06,8.11,8.15,7.9,7.98,8.12,1159000.0,9258895.0,880938534.0,1928976672.0
sz000551,苏物贸Ａ,1998-05-07,8.0,8.0,7.81,7.83,7.98,1330200.0,10491873.2,864379539.0,1892717712.0
sz000551,苏物贸Ａ,1998-05-08,7.8,8.61,7.76,8.61,7.83,5690400.0,47820047.2,950486313.0,2081264304.0
sz000551,苏物贸Ａ,1998-05-11,8.7,9.25,8.45,8.85,8.61,6107700.0,54661688.3,976980705.0,2139278640.0
sz000551,苏物贸Ａ,1998-05-12,8.8,9.0,8.46,8.5,8.85,1862000.0,16003692.4,938343050.0,2054674400.0
sz000551,苏物贸Ａ,1998-05-13,8.66,8.85,8.53,8.6,8.5,1137500.0,9811959.5,949382380.0,2078847040.0
sz000551,苏物贸Ａ,1998-05-14,8.61,8.61,8.3,8.39,8.6,1408400.0,11874105.8,926199787.0,2028084496.0
sz000551,苏物贸Ａ,1998-05-15,8.45,8.75,8.35,8.44,8.39,1179600.0,9988777.9,931719452.0,2040170816.0
sz000551,苏物贸Ａ,1998-05-18,8.42,8.85,8.29,8.79,8.44,2129600.0,18397867.8,970357107.0,2124775056.0
sz000551,苏物贸Ａ,1998-05-19,8.8,8.95,8.5,8.8,8.79,1321900.0,11522404.9,971461040.0,2127192320.0
sz000551,苏物贸Ａ,1998-05-20,8.7,8.95,8.58,8.6,8.8,900100.0,7887020.8,949382380.0,2078847040.0
sz000551,苏物贸Ａ,1998-05-21,8.5,8.75,8.38,8.69,8.6,886400.0,7536175.0,959317777.0,2100602416.0
sz000551,苏物贸Ａ,1998-05-22,8.69,8.76,8.55,8.67,8.69,1016200.0,8774970.3,957109911.0,2095767888.0
sz000551,苏物贸Ａ,1998-05-25,8.66,8.8,8.4,8.66,8.67,1601500.0,13751626.3,956005978.0,2093350624.0
sz000551,苏物贸Ａ,1998-05-26,8.8,9.53,8.6,9.35,8.66,7229000.0,67513588.5,1032177355.0,2260141840.0
sz000551,苏物贸Ａ,1998-05-27,9.3,9.6,9.15,9.29,9.35,3125600.0,29336423.8,1025553757.0,2245638256.0
sz000551,苏物贸Ａ,1998-05-28,9.35,9.35,9.0,9.02,9.29,2076300.0,18961952.0,995747566.0,2180372128.0
sz000551,苏物贸Ａ,1998-05-29,9.05,9.65,9.05,9.46,9.02,3444000.0,32603711.0,1044320618.0,2286731744.0
sz000551,苏物贸Ａ,1998-06-01,9.9,10.41,9.9,10.41,9.46,3363300.0,34879578.2,1149194253.0,2516371824.0
sz000551,苏物贸Ａ,1998-06-02,11.0,11.45,10.62,11.08,10.41,15789300.0,175179547.7,1223157764.0,2678328512.0
sz000551,苏物贸Ａ,1998-06-03,10.98,11.4,10.62,11.28,11.08,5821500.0,64576703.4,1245236424.0,2726673792.0
sz000551,苏物贸Ａ,1998-06-04,11.28,11.28,10.8,10.84,11.28,2693600.0,29471769.2,1196663372.0,2620314176.0
sz000551,苏物贸Ａ,1998-06-05,10.68,11.09,10.18,10.47,10.84,3456300.0,36428873.1,1155817851.0,2530875408.0
sz000551,苏物贸Ａ,1998-06-08,10.45,10.61,9.8,10.07,10.47,2530400.0,25868436.5,1111660531.0,2434184848.0
sz000551,苏物贸Ａ,1998-06-09,9.94,10.3,9.38,9.7,10.07,3421500.0,33759802.1,1070815010.0,2344746080.0
sz000551,苏物贸Ａ,1998-06-11,9.38,9.53,8.9,8.99,9.7,1491100.0,13803618.7,992435767.0,2173120336.0
sz000551,苏物贸Ａ,1998-06-12,9.39,9.89,9.21,9.89,8.99,3398600.0,32927836.0,1091789737.0,2390674096.0
sz000551,苏物贸Ａ,1998-06-15,10.0,10.78,10.0,10.36,9.89,4969000.0,51592184.1,1143674588.0,2504285504.0
sz000551,苏物贸Ａ,1998-06-16,10.38,10.5,9.8,10.36,10.36,2863900.0,29134439.8,1143674588.0,2504285504.0
sz000551,苏物贸Ａ,1998-06-17,10.4,10.56,10.08,10.16,10.36,1420600.0,14669714.1,1121595928.0,2455940224.0
sz000551,苏物贸Ａ,1998-06-18,10.3,10.56,10.18,10.3,10.16,1415700.0,14672728.8,1137050990.0,2489781920.0
sz000551,苏物贸Ａ,1998-06-19,10.3,10.49,10.11,10.24,10.3,1009100.0,10300300.2,1130427392.0,2475278336.0
sz000551,苏物贸Ａ,1998-06-22,10.48,10.48,10.08,10.11,10.24,1048300.0,10650616.3,1116076263.0,2443853904.0
sz000551,苏物贸Ａ,1998-06-23,10.05,10.25,9.79,9.85,10.11,1198400.0,11860759.3,1087374005.0,2381005040.0
sz000551,苏物贸Ａ,1998-06-24,9.8,10.25,9.62,10.1,9.85,1132200.0,11280380.0,1114972330.0,2441436640.0
sz000551,苏物贸Ａ,1998-06-25,10.15,10.2,9.7,9.8,10.1,733100.0,7234676.1,1081854340.0,2368918720.0
sz000551,苏物贸Ａ,1998-06-26,9.71,9.95,9.58,9.65,9.8,735500.0,7131139.2,1065295345.0,2332659760.0
sz000551,苏物贸Ａ,1998-06-29,9.59,9.6,9.2,9.27,9.65,779600.0,7277974.6,1023345891.0,2240803728.0
sz000551,苏物贸Ａ,1998-06-30,9.33,9.5,9.02,9.14,9.27,676300.0,6242747.9,1008994762.0,2209379296.0
sz000551,苏物贸Ａ,1998-07-01,9.4,9.6,9.05,9.08,9.14,662100.0,6103405.9,1002371164.0,2194875712.0
sz000551,苏物贸Ａ,1998-07-02,9.11,9.3,8.95,9.27,9.08,521200.0,4753425.8,1023345891.0,2240803728.0
sz000551,苏物贸Ａ,1998-07-03,9.35,9.4,9.1,9.16,9.27,546000.0,5032843.1,1011202628.0,2214213824.0
sz000551,苏物贸Ａ,1998-07-06,9.1,9.1,8.7,8.74,9.16,804200.0,7083525.6,964837442.0,2112688736.0
sz000551,苏物贸Ａ,1998-07-07,8.6,8.85,8.51,8.79,8.74,411400.0,3591977.0,970357107.0,2124775056.0
sz000551,苏物贸Ａ,1998-07-08,8.85,9.07,8.85,9.0,8.79,372500.0,3341208.0,993539700.0,2175537600.0
sz000551,苏物贸Ａ,1998-07-09,9.25,9.25,8.9,9.02,9.0,294600.0,2666505.0,995747566.0,2180372128.0
sz000551,苏物贸Ａ,1998-07-10,9.1,9.2,8.9,9.05,9.02,462200.0,4166773.5,999059365.0,2187623920.0
sz000551,苏物贸Ａ,1998-07-13,9.06,9.1,8.78,8.81,9.05,669900.0,5928629.7,972564973.0,2129609584.0
sz000551,苏物贸Ａ,1998-07-14,8.81,8.94,8.68,8.71,8.81,602900.0,5281785.8,961525643.0,2105436944.0
sz000551,苏物贸Ａ,1998-07-15,8.68,8.68,8.55,8.65,8.71,530100.0,4560337.0,954902045.0,2090933360.0
sz000551,苏物贸Ａ,1998-07-16,8.64,8.64,8.2,8.27,8.65,824500.0,6892985.1,912952591.0,1999077328.0
sz000551,苏物贸Ａ,1998-07-17,8.21,8.43,8.2,8.23,8.27,588000.0,4860911.0,908536859.0,1989408272.0
sz000551,苏物贸Ａ,1998-07-20,8.1,8.15,7.9,8.0,8.23,550900.0,4417122.0,883146400.0,1933811200.0
sz000551,苏物贸Ａ,1998-07-21,8.05,8.76,7.92,8.4,8.0,500700.0,4104027.3,927303720.0,2030501760.0
sz000551,苏物贸Ａ,1998-07-22,8.35,8.41,8.18,8.21,8.4,296400.0,2448210.6,906328993.0,1984573744.0
sz000551,苏物贸Ａ,1998-07-23,8.08,8.47,8.08,8.4,8.21,343000.0,2858904.5,927303720.0,2030501760.0
sz000551,苏物贸Ａ,1998-07-24,8.42,8.65,8.3,8.53,8.4,503600.0,4272118.8,941654849.0,2061926192.0
sz000551,苏物贸Ａ,1998-07-27,8.53,8.53,8.23,8.36,8.53,336100.0,2796342.9,922887988.0,2020832704.0
sz000551,苏物贸Ａ,1998-07-28,8.34,8.5,8.3,8.37,8.36,331900.0,2783336.9,923991921.0,2023249968.0
sz000551,苏物贸Ａ,1998-07-29,8.4,8.4,8.18,8.2,8.37,395000.0,3260513.3,905225060.0,1982156480.0
sz000551,苏物贸Ａ,1998-07-30,8.34,8.34,8.1,8.16,8.2,299200.0,2448167.5,900809328.0,1972487424.0
sz000551,苏物贸Ａ,1998-07-31,8.2,8.2,8.08,8.14,8.16,458100.0,3717673.0,898601462.0,1967652896.0
sz000551,苏物贸Ａ,1998-08-03,8.1,8.3,8.02,8.16,8.14,343300.0,2794674.4,900809328.0,1972487424.0
sz000551,苏物贸Ａ,1998-08-04,8.1,8.5,8.05,8.47,8.16,681100.0,5686446.5,935031251.0,2047422608.0
sz000551,苏物贸Ａ,1998-08-05,8.4,8.59,8.3,8.49,8.47,519100.0,4394152.4,937239117.0,2052257136.0
sz000551,苏物贸Ａ,1998-08-06,8.5,8.56,8.2,8.23,8.49,284000.0,2377852.6,908536859.0,1989408272.0
sz000551,苏物贸Ａ,1998-08-07,8.23,8.3,8.1,8.11,8.23,320800.0,2619545.0,895289663.0,1960401104.0
sz000551,苏物贸Ａ,1998-08-10,8.05,8.19,7.95,8.06,8.11,467300.0,3769195.1,889769998.0,1948314784.0
sz000551,苏物贸Ａ,1998-08-11,8.0,8.16,7.88,7.89,8.06,369000.0,2951776.1,871003137.0,1907221296.0
sz000551,苏物贸Ａ,1998-08-12,7.9,8.01,7.45,7.64,7.89,543100.0,4145508.2,843404812.0,1846789696.0
sz000551,苏物贸Ａ,1998-08-13,7.66,7.8,7.5,7.67,7.64,443400.0,3383675.0,846716611.0,1854041488.0
sz000551,苏物贸Ａ,1998-08-14,7.7,7.7,7.15,7.15,7.67,540400.0,3985987.0,789312095.0,1728343760.0
sz000551,苏物贸Ａ,1998-08-17,7.02,7.05,6.45,6.45,7.15,629800.0,4117853.3,712036785.0,1559135280.0
sz000551,苏物贸Ａ,1998-08-18,6.2,6.7,6.04,6.27,6.45,603300.0,3830800.4,692165991.0,1515624528.0
sz000551,苏物贸Ａ,1998-08-19,6.26,6.66,6.03,6.59,6.27,598200.0,3904458.0,727491847.0,1592976976.0
sz000551,苏物贸Ａ,1998-08-20,6.6,7.13,6.43,7.03,6.59,910700.0,6282254.6,776064899.0,1699336592.0
sz000551,苏物贸Ａ,1998-08-21,6.8,6.95,6.6,6.85,7.03,1159900.0,7851187.8,756194105.0,1655825840.0
sz000551,苏物贸Ａ,1998-08-24,6.62,6.83,6.61,6.71,6.85,751300.0,5064305.7,740739043.0,1621984144.0
sz000551,苏物贸Ａ,1998-08-25,6.75,7.08,6.7,6.98,6.71,1038400.0,7191667.7,770545234.0,1687250272.0
sz000551,苏物贸Ａ,1998-08-26,6.95,7.09,6.76,6.79,6.98,481800.0,3334762.0,749570507.0,1641322256.0
sz000551,苏物贸Ａ,1998-08-27,6.7,6.7,6.5,6.57,6.79,512700.0,3377661.1,725283981.0,1588142448.0
sz000551,苏物贸Ａ,1998-08-28,6.5,7.08,6.37,6.94,6.57,1110600.0,7373572.9,766129502.0,1677581216.0
sz000551,苏物贸Ａ,1998-08-31,6.9,6.94,6.36,6.91,6.94,687300.0,4558191.7,762817703.0,1670329424.0
sz000551,苏物贸Ａ,1998-09-01,6.9,7.4,6.61,7.24,6.91,1740000.0,12277400.7,799247492.0,1750099136.0
sz000551,苏物贸Ａ,1998-09-02,7.1,7.38,7.04,7.08,7.24,1117000.0,8009222.1,781584564.0,1711422912.0
sz000551,苏物贸Ａ,1998-09-03,7.03,7.15,6.95,6.99,7.08,538600.0,3792402.5,771649167.0,1689667536.0
sz000551,苏物贸Ａ,1998-09-04,7.01,7.11,6.95,6.98,6.99,404200.0,2844410.2,770545234.0,1687250272.0
sz000551,苏物贸Ａ,1998-09-07,7.0,7.2,6.98,7.18,6.98,567200.0,4011726.3,792623894.0,1735595552.0
sz000551,苏物贸Ａ,1998-09-08,7.17,7.45,7.14,7.19,7.18,1069300.0,7776488.8,793727827.0,1738012816.0
sz000551,苏物贸Ａ,1998-09-09,6.9,7.25,6.9,7.22,7.19,570000.0,4068776.6,797039626.0,1745264608.0
sz000551,苏物贸Ａ,1998-09-10,7.23,7.48,7.15,7.37,7.22,1212200.0,8927171.7,813598621.0,1781523568.0
sz000551,苏物贸Ａ,1998-09-11,7.38,7.77,7.29,7.71,7.37,1412200.0,10578962.2,851132343.0,1863710544.0
sz000551,苏物贸Ａ,1998-09-14,7.68,7.98,7.65,7.75,7.71,1716600.0,13376952.0,855548075.0,1873379600.0
sz000551,苏物贸Ａ,1998-09-15,7.74,7.85,7.5,7.52,7.75,1102900.0,8405253.3,830157616.0,1817782528.0
sz000551,苏物贸Ａ,1998-09-16,7.45,7.58,7.36,7.49,7.52,649800.0,4848256.0,826845817.0,1810530736.0
sz000551,苏物贸Ａ,1998-09-17,7.55,8.24,7.5,8.24,7.49,1891200.0,15492483.7,909640792.0,1991825536.0
sz000551,苏物贸Ａ,1998-09-18,8.4,8.5,7.68,7.81,8.24,2535200.0,20374520.7,862171673.0,1887883184.0
sz000551,苏物贸Ａ,1998-09-21,7.58,7.94,7.56,7.88,7.81,578600.0,4492819.9,869899204.0,1904804032.0
sz000551,苏物贸Ａ,1998-09-22,7.86,7.92,7.6,7.76,7.88,577800.0,4484572.3,856652008.0,1875796864.0
sz000551,苏物贸Ａ,1998-09-23,7.77,7.88,7.6,7.75,7.76,533800.0,4118959.0,855548075.0,1873379600.0
sz000551,苏物贸Ａ,1998-09-24,7.76,7.8,7.33,7.35,7.75,749300.0,5609585.0,811390755.0,1776689040.0
sz000551,苏物贸Ａ,1998-09-25,7.3,7.6,7.25,7.55,7.35,472100.0,3518493.6,833469415.0,1825034320.0
sz000551,苏物贸Ａ,1998-09-28,7.55,7.55,7.36,7.47,7.55,595000.0,4429346.2,824637951.0,1805696208.0
sz000551,苏物贸Ａ,1998-09-29,7.45,7.65,7.41,7.46,7.47,297900.0,2235867.0,823534018.0,1803278944.0
sz000551,苏物贸Ａ,1998-09-30,7.5,7.6,7.45,7.59,7.46,361100.0,2721669.8,837885147.0,1834703376.0
sz000551,苏物贸Ａ,1998-10-05,7.56,7.83,7.5,7.81,7.59,560100.0,4311536.9,862171673.0,1887883184.0
sz000551,苏物贸Ａ,1998-10-06,7.78,7.8,7.41,7.45,7.81,326400.0,2469626.9,822430085.0,1800861680.0
sz000551,苏物贸Ａ,1998-10-07,7.5,7.5,7.3,7.38,7.45,327700.0,2417141.8,814702554.0,1783940832.0
sz000551,苏物贸Ａ,1998-10-08,7.4,7.5,7.22,7.43,7.38,430500.0,3170297.8,820222219.0,1796027152.0
sz000551,苏物贸Ａ,1998-10-09,7.37,7.57,7.35,7.42,7.43,494700.0,3690358.5,819118286.0,1793609888.0
sz000551,苏物贸Ａ,1998-10-12,7.4,7.46,7.2,7.33,7.42,562200.0,4110515.1,809182889.0,1771854512.0
sz000551,苏物贸Ａ,1998-10-13,7.33,7.68,7.32,7.55,7.33,866300.0,6466005.1,833469415.0,1825034320.0
sz000551,苏物贸Ａ,1998-10-14,7.46,7.55,7.3,7.34,7.55,379500.0,2801640.0,810286822.0,1774271776.0
sz000551,苏物贸Ａ,1998-10-15,7.38,7.45,7.3,7.39,7.34,515400.0,3795690.4,815806487.0,1786358096.0
sz000551,苏物贸Ａ,1998-10-16,7.4,7.55,7.35,7.44,7.39,628400.0,4669598.6,821326152.0,1798444416.0
sz000551,苏物贸Ａ,1998-10-19,7.38,7.65,7.35,7.56,7.44,965800.0,7233066.5,834573348.0,1827451584.0
sz000551,苏物贸Ａ,1998-10-20,7.62,7.64,7.36,7.37,7.56,676700.0,5030943.4,813598621.0,1781523568.0
sz000551,苏物贸Ａ,1998-10-21,7.5,7.5,6.95,7.0,7.37,944100.0,6758148.6,772753100.0,1692084800.0
sz000551,苏物贸Ａ,1998-10-22,6.96,7.12,6.9,7.1,7.0,642500.0,4488232.5,783792430.0,1716257440.0
sz000551,苏物贸Ａ,1998-10-23,6.8,7.18,6.8,7.04,7.1,525400.0,3723716.9,777168832.0,1701753856.0
sz000551,苏物贸Ａ,1998-10-26,7.0,7.0,6.62,6.79,7.04,626800.0,4255701.0,749570507.0,1641322256.0
sz000551,苏物贸Ａ,1998-10-27,6.7,6.89,6.65,6.82,6.79,398500.0,2697162.1,752882306.0,1648574048.0
sz000551,苏物贸Ａ,1998-10-28,6.8,6.96,6.8,6.9,6.82,400900.0,2763884.7,761713770.0,1667912160.0
sz000551,苏物贸Ａ,1998-10-29,6.9,6.97,6.75,6.85,6.9,424300.0,2904021.4,756194105.0,1655825840.0
sz000551,苏物贸Ａ,1998-10-30,6.8,6.94,6.78,6.88,6.85,500000.0,3420260.1,759505904.0,1663077632.0
sz000551,苏物贸Ａ,1998-11-02,6.82,6.85,6.68,6.73,6.88,450900.0,3046940.1,742946909.0,1626818672.0
sz000551,苏物贸Ａ,1998-11-03,6.78,7.4,6.78,7.18,6.73,1310100.0,9394764.8,792623894.0,1735595552.0
sz000551,苏物贸Ａ,1998-11-04,7.1,7.19,7.0,7.05,7.18,557000.0,3927503.8,778272765.0,1704171120.0
sz000551,苏物贸Ａ,1998-11-05,7.0,7.25,7.0,7.1,7.05,422300.0,2994020.6,783792430.0,1716257440.0
sz000551,苏物贸Ａ,1998-11-06,7.25,7.25,7.02,7.1,7.1,619400.0,4387137.5,783792430.0,1716257440.0
sz000551,苏物贸Ａ,1998-11-09,7.1,7.35,7.05,7.3,7.1,883600.0,6372278.7,805871090.0,1764602720.0
sz000551,苏物贸Ａ,1998-11-10,7.32,7.36,7.15,7.24,7.3,527300.0,3802537.9,799247492.0,1750099136.0
sz000551,苏物贸Ａ,1998-11-11,7.24,7.24,7.08,7.2,7.24,638700.0,4558636.8,794831760.0,1740430080.0
sz000551,苏物贸Ａ,1998-11-12,7.17,7.61,7.1,7.59,7.2,2256900.0,16761509.7,837885147.0,1834703376.0
sz000551,苏物贸Ａ,1998-11-13,7.58,7.59,7.35,7.42,7.59,976600.0,7252543.6,819118286.0,1793609888.0
sz000551,苏物贸Ａ,1998-11-16,7.45,7.78,7.45,7.55,7.42,1445100.0,11015245.5,833469415.0,1825034320.0
sz000551,苏物贸Ａ,1998-11-17,7.55,7.6,7.31,7.33,7.55,631400.0,4688857.5,809182889.0,1771854512.0
sz000551,苏物贸Ａ,1998-11-18,7.38,7.65,7.37,7.52,7.33,911500.0,6844210.6,830157616.0,1817782528.0
sz000551,苏物贸Ａ,1998-11-19,7.52,7.58,7.35,7.35,7.52,430900.0,3221976.6,811390755.0,1776689040.0
sz000551,苏物贸Ａ,1998-11-20,7.36,7.46,7.3,7.34,7.35,374600.0,2766174.6,810286822.0,1774271776.0
sz000551,苏物贸Ａ,1998-11-23,7.3,7.47,7.1,7.32,7.34,502600.0,3651358.5,808078956.0,1769437248.0
sz000551,苏物贸Ａ,1998-11-24,7.4,7.69,7.36,7.51,7.32,1176700.0,8915569.7,829053683.0,1815365264.0
sz000551,苏物贸Ａ,1998-11-25,7.51,7.53,7.26,7.28,7.51,319700.0,2348585.0,803663224.0,1759768192.0
sz000551,苏物贸Ａ,1998-11-26,7.27,7.35,7.13,7.18,7.28,348500.0,2508106.7,792623894.0,1735595552.0
sz000551,苏物贸Ａ,1998-11-27,7.11,7.25,7.06,7.06,7.18,416000.0,2972035.2,779376698.0,1706588384.0
sz000551,苏物贸Ａ,1998-11-30,7.0,7.12,7.0,7.1,7.06,293400.0,2075309.4,783792430.0,1716257440.0
sz000551,苏物贸Ａ,1998-12-01,7.15,7.23,7.0,7.02,7.1,330000.0,2329998.2,774960966.0,1696919328.0
sz000551,苏物贸Ａ,1998-12-02,7.05,7.05,6.86,6.99,7.02,306400.0,2116045.8,771649167.0,1689667536.0
sz000551,苏物贸Ａ,1998-12-03,7.02,7.08,6.9,6.9,6.99,189100.0,1313810.5,761713770.0,1667912160.0
sz000551,苏物贸Ａ,1998-12-04,6.88,6.98,6.8,6.81,6.9,221900.0,1526279.4,751778373.0,1646156784.0
sz000551,苏物贸Ａ,1998-12-07,7.0,7.05,6.65,6.71,6.81,245200.0,1681025.8,740739043.0,1621984144.0
sz000551,苏物贸Ａ,1998-12-08,6.71,7.28,6.7,6.88,6.71,219900.0,1518583.8,759505904.0,1663077632.0
sz000551,苏物贸Ａ,1998-12-09,6.88,6.91,6.81,6.83,6.88,94400.0,647955.0,753986239.0,1650991312.0
sz000551,苏物贸Ａ,1998-12-10,6.84,6.98,6.75,6.77,6.83,129100.0,878367.5,747362641.0,1636487728.0
sz000551,苏物贸Ａ,1998-12-11,6.75,6.83,6.62,6.83,6.77,185500.0,1242652.0,753986239.0,1650991312.0
sz000551,苏物贸Ａ,1998-12-14,6.9,6.9,6.7,6.71,6.83,131400.0,886513.8,740739043.0,1621984144.0
sz000551,苏物贸Ａ,1998-12-15,6.8,6.8,6.55,6.7,6.71,198200.0,1315019.2,739635110.0,1619566880.0
sz000551,苏物贸Ａ,1998-12-16,6.71,6.84,6.61,6.69,6.7,103000.0,685990.5,738531177.0,1617149616.0
sz000551,苏物贸Ａ,1998-12-17,6.6,6.7,6.45,6.47,6.69,189400.0,1236709.0,714244651.0,1563969808.0
sz000551,苏物贸Ａ,1998-12-18,6.44,6.63,6.31,6.4,6.47,242100.0,1552056.0,706517120.0,1547048960.0
sz000551,苏物贸Ａ,1998-12-21,6.4,6.45,6.3,6.36,6.4,208000.0,1322991.0,702101388.0,1537379904.0
sz000551,苏物贸Ａ,1998-12-22,6.37,6.8,6.37,6.65,6.36,277900.0,1821267.9,734115445.0,1607480560.0
sz000551,苏物贸Ａ,1998-12-23,6.6,6.89,6.51,6.69,6.65,330900.0,2228456.5,738531177.0,1617149616.0
sz000551,苏物贸Ａ,1998-12-24,7.3,7.3,6.71,6.75,6.69,469800.0,3236045.0,745154775.0,1631653200.0
sz000551,苏物贸Ａ,1998-12-25,6.75,6.9,6.63,6.69,6.75,194800.0,1312982.0,738531177.0,1617149616.0
sz000551,苏物贸Ａ,1998-12-28,6.65,6.88,6.5,6.53,6.69,154600.0,1020889.0,720868249.0,1578473392.0
sz000551,苏物贸Ａ,1998-12-29,6.45,6.58,6.35,6.39,6.53,195500.0,1262867.4,705413187.0,1544631696.0
sz000551,苏物贸Ａ,1998-12-30,6.4,6.55,6.25,6.4,6.39,161500.0,1030588.5,706517120.0,1547048960.0
sz000551,苏物贸Ａ,1998-12-31,6.39,6.5,6.38,6.46,6.4,109100.0,704625.0,713140718.0,1561552544.0
sz000551,苏物贸Ａ,1999-01-04,6.3,6.45,6.3,6.31,6.46,109400.0,692599.5,696581723.0,1525293584.0
sz000551,苏物贸Ａ,1999-01-05,6.2,6.3,6.11,6.22,6.31,164900.0,1020692.0,686646326.0,1503538208.0
sz000551,苏物贸Ａ,1999-01-06,6.18,6.4,6.18,6.32,6.22,270700.0,1711287.2,697685656.0,1527710848.0
sz000551,苏物贸Ａ,1999-01-07,6.25,6.39,6.25,6.25,6.32,155600.0,976219.2,689958125.0,1510790000.0
sz000551,苏物贸Ａ,1999-01-08,6.26,6.5,6.26,6.5,6.25,303500.0,1950895.9,717556450.0,1571221600.0
sz000551,苏物贸Ａ,1999-01-11,6.55,6.55,6.35,6.45,6.5,199300.0,1275857.2,712036785.0,1559135280.0
sz000551,苏物贸Ａ,1999-01-12,6.45,6.49,6.35,6.4,6.45,250600.0,1600372.0,706517120.0,1547048960.0
sz000551,苏物贸Ａ,1999-01-13,6.36,6.5,6.33,6.35,6.4,252900.0,1617056.6,700997455.0,1534962640.0
sz000551,苏物贸Ａ,1999-01-14,6.34,6.41,6.15,6.15,6.35,466400.0,2925942.0,678918795.0,1486617360.0
sz000551,苏物贸Ａ,1999-01-15,6.09,6.25,5.54,5.54,6.15,1364500.0,7934898.5,611578882.0,1339164256.0
sz000551,苏物贸Ａ,1999-01-18,5.44,5.5,5.13,5.3,5.54,723400.0,3855192.4,585084490.0,1281149920.0
sz000551,苏物贸Ａ,1999-01-19,5.39,5.65,5.39,5.47,5.3,533400.0,2948337.3,603851351.0,1322243408.0
sz000551,苏物贸Ａ,1999-01-20,5.45,5.56,5.45,5.5,5.47,199100.0,1096281.6,607163150.0,1329495200.0
sz000551,苏物贸Ａ,1999-01-21,5.5,5.63,5.47,5.59,5.5,236600.0,1309414.2,617098547.0,1351250576.0
sz000551,苏物贸Ａ,1999-01-22,5.6,5.6,5.5,5.54,5.59,313200.0,1736258.1,611578882.0,1339164256.0
sz000551,苏物贸Ａ,1999-01-25,5.54,5.62,5.47,5.6,5.54,339900.0,1881840.9,618202480.0,1353667840.0
sz000551,苏物贸Ａ,1999-01-26,5.6,5.65,5.47,5.5,5.6,208100.0,1151326.0,607163150.0,1329495200.0
sz000551,苏物贸Ａ,1999-01-27,5.5,5.64,5.45,5.63,5.5,289300.0,1610043.1,621514279.0,1360919632.0
sz000551,苏物贸Ａ,1999-01-28,5.6,5.78,5.55,5.69,5.63,362100.0,2058158.3,628137877.0,1375423216.0
sz000551,苏物贸Ａ,1999-01-29,5.68,5.7,5.59,5.67,5.69,257000.0,1449040.5,625930011.0,1370588688.0
sz000551,苏物贸Ａ,1999-02-01,5.61,5.9,5.6,5.77,5.67,425700.0,2465790.1,636969341.0,1394761328.0
sz000551,苏物贸Ａ,1999-02-02,5.77,5.81,5.51,5.55,5.77,267700.0,1505496.0,612682815.0,1341581520.0
sz000551,苏物贸Ａ,1999-02-03,5.55,5.6,5.43,5.44,5.55,232200.0,1277326.8,600539552.0,1314991616.0
sz000551,苏物贸Ａ,1999-02-04,5.4,5.59,5.32,5.4,5.44,211400.0,1152877.1,596123820.0,1305322560.0
sz000551,苏物贸Ａ,1999-02-05,5.35,5.45,5.26,5.3,5.4,269100.0,1436247.0,585084490.0,1281149920.0
sz000551,苏物贸Ａ,1999-02-08,5.3,5.43,5.3,5.33,5.3,347000.0,1857689.9,588396289.0,1288401712.0
sz000551,苏物贸Ａ,1999-02-09,5.3,5.49,5.3,5.44,5.33,190600.0,1034893.0,600539552.0,1314991616.0
sz000551,苏物贸Ａ,1999-03-01,5.48,5.57,5.4,5.57,5.44,133500.0,731029.8,614890681.0,1346416048.0
sz000551,苏物贸Ａ,1999-03-02,5.57,5.73,5.5,5.67,5.57,155300.0,873887.5,625930011.0,1370588688.0
sz000551,苏物贸Ａ,1999-03-03,5.6,5.82,5.6,5.77,5.67,297600.0,1713145.1,636969341.0,1394761328.0
sz000551,苏物贸Ａ,1999-03-04,5.75,5.76,5.63,5.72,5.77,377200.0,2148787.9,631449676.0,1382675008.0
sz000551,苏物贸Ａ,1999-03-05,5.73,6.12,5.73,5.93,5.72,717200.0,4279162.8,654632269.0,1433437552.0
sz000551,苏物贸Ａ,1999-03-08,5.89,5.95,5.73,5.91,5.93,349900.0,2038603.8,652424403.0,1428603024.0
sz000551,苏物贸Ａ,1999-03-09,5.94,6.0,5.8,5.81,5.91,278400.0,1635098.5,641385073.0,1404430384.0
sz000551,苏物贸Ａ,1999-03-10,5.7,5.84,5.66,5.82,5.81,289000.0,1656370.0,642489006.0,1406847648.0
sz000551,苏物贸Ａ,1999-03-11,5.85,6.07,5.78,5.91,5.82,443100.0,2620231.3,652424403.0,1428603024.0
sz000551,苏物贸Ａ,1999-03-12,5.91,6.5,5.85,6.35,5.91,1950400.0,12243220.3,700997455.0,1534962640.0
sz000551,苏物贸Ａ,1999-03-15,6.35,6.46,6.25,6.32,6.35,1243700.0,7896182.6,697685656.0,1527710848.0
sz000551,苏物贸Ａ,1999-03-16,6.3,6.38,6.18,6.32,6.32,621400.0,3883938.5,697685656.0,1527710848.0
sz000551,苏物贸Ａ,1999-03-17,6.31,6.58,6.26,6.32,6.32,707700.0,4555813.6,697685656.0,1527710848.0
sz000551,苏物贸Ａ,1999-03-18,6.3,6.45,6.19,6.2,6.32,419500.0,2641085.8,684438460.0,1498703680.0
sz000551,苏物贸Ａ,1999-03-19,6.17,6.39,6.15,6.3,6.2,361800.0,2274837.7,695477790.0,1522876320.0
sz000551,苏物贸Ａ,1999-03-22,6.32,6.48,6.24,6.29,6.3,334800.0,2113532.1,694373857.0,1520459056.0
sz000551,苏物贸Ａ,1999-03-23,6.23,6.39,6.22,6.26,6.29,229400.0,1440774.1,691062058.0,1513207264.0
sz000551,苏物贸Ａ,1999-03-24,6.3,6.55,6.25,6.51,6.26,974300.0,6254983.6,718660383.0,1573638864.0
sz000551,苏物贸Ａ,1999-03-25,6.5,6.5,6.32,6.43,6.51,418000.0,2690285.1,709828919.0,1554300752.0
sz000551,苏物贸Ａ,1999-03-26,6.4,6.52,6.37,6.4,6.43,374100.0,2410851.1,706517120.0,1547048960.0
sz000551,苏物贸Ａ,1999-03-29,6.46,6.9,6.38,6.79,6.4,1708000.0,11415899.2,749570507.0,1641322256.0
sz000551,苏物贸Ａ,1999-03-30,6.8,7.15,6.57,6.58,6.79,1721800.0,11816602.4,726387914.0,1590559712.0
sz000551,苏物贸Ａ,1999-03-31,6.51,6.67,6.42,6.52,6.58,480700.0,3141123.5,719764316.0,1576056128.0
sz000551,苏物贸Ａ,1999-04-01,6.54,6.75,6.47,6.68,6.52,423400.0,2776323.9,737427244.0,1614732352.0
sz000551,苏物贸Ａ,1999-04-02,6.69,6.75,6.55,6.74,6.68,374600.0,2490080.1,744050842.0,1629235936.0
sz000551,苏物贸Ａ,1999-04-05,6.4,6.79,6.4,6.63,6.74,485600.0,3200319.8,731907579.0,1602646032.0
sz000551,苏物贸Ａ,1999-04-06,6.66,6.67,6.45,6.57,6.63,554600.0,3637289.7,725283981.0,1588142448.0
sz000551,苏物贸Ａ,1999-04-07,6.51,6.68,6.51,6.55,6.57,437700.0,2884556.0,723076115.0,1583307920.0
sz000551,苏物贸Ａ,1999-04-08,6.6,6.6,6.35,6.4,6.55,650900.0,4193163.4,706517120.0,1547048960.0
sz000551,苏物贸Ａ,1999-04-09,6.41,6.48,6.3,6.45,6.4,475500.0,3029709.9,712036785.0,1559135280.0
sz000551,苏物贸Ａ,1999-04-12,6.5,6.5,6.24,6.29,6.45,516700.0,3261980.2,694373857.0,1520459056.0
sz000551,苏物贸Ａ,1999-04-13,6.28,6.32,6.08,6.14,6.29,546900.0,3378177.6,677814862.0,1484200096.0
sz000551,苏物贸Ａ,1999-04-14,6.17,6.2,6.11,6.19,6.14,241700.0,1487213.4,683334527.0,1496286416.0
sz000551,苏物贸Ａ,1999-04-15,6.01,6.25,5.9,5.92,6.19,398400.0,2392061.0,653528336.0,1431020288.0
sz000551,苏物贸Ａ,1999-04-16,5.82,5.96,5.81,5.93,5.92,375100.0,2214393.1,654632269.0,1433437552.0
sz000551,苏物贸Ａ,1999-04-19,5.9,6.18,5.86,6.1,5.93,441500.0,2639975.0,673399130.0,1474531040.0
sz000551,苏物贸Ａ,1999-04-20,6.03,6.21,6.03,6.12,6.1,309700.0,1889141.4,675606996.0,1479365568.0
sz000551,苏物贸Ａ,1999-04-21,6.1,6.12,5.95,5.96,6.12,284100.0,1712865.0,657944068.0,1440689344.0
sz000551,苏物贸Ａ,1999-04-22,5.9,5.9,5.68,5.88,5.96,357000.0,2066794.2,649112604.0,1421351232.0
sz000551,苏物贸Ａ,1999-04-23,5.88,6.1,5.85,6.1,5.88,489200.0,2949186.1,673399130.0,1474531040.0
sz000551,苏物贸Ａ,1999-04-26,6.11,6.2,6.0,6.0,6.1,515800.0,3139875.9,662359800.0,1450358400.0
sz000551,苏物贸Ａ,1999-04-27,5.95,5.95,5.75,5.75,6.0,403200.0,2347817.8,634761475.0,1389926800.0
sz000551,苏物贸Ａ,1999-04-28,5.75,5.86,5.7,5.73,5.75,190400.0,1100053.0,632553609.0,1385092272.0
sz000551,苏物贸Ａ,1999-04-29,5.7,5.8,5.67,5.75,5.73,260700.0,1491216.8,634761475.0,1389926800.0
sz000551,苏物贸Ａ,1999-04-30,5.93,5.93,5.76,5.8,5.75,192100.0,1117166.0,640281140.0,1402013120.0
sz000551,苏物贸Ａ,1999-05-04,5.72,5.9,5.71,5.85,5.8,389000.0,2254736.5,645800805.0,1414099440.0
sz000551,苏物贸Ａ,1999-05-05,5.8,5.91,5.75,5.9,5.85,134000.0,781820.0,651320470.0,1426185760.0
sz000551,苏物贸Ａ,1999-05-06,5.9,6.05,5.83,6.0,5.9,407400.0,2422602.3,662359800.0,1450358400.0
sz000551,苏物贸Ａ,1999-05-07,6.0,6.04,5.85,5.86,6.0,163700.0,974815.0,646904738.0,1416516704.0
sz000551,苏物贸Ａ,1999-05-10,5.85,5.85,5.4,5.5,5.86,518200.0,2897019.0,607163150.0,1329495200.0
sz000551,苏物贸Ａ,1999-05-11,5.45,5.77,5.45,5.68,5.5,287100.0,1609578.7,627033944.0,1373005952.0
sz000551,苏物贸Ａ,1999-05-12,5.68,5.7,5.58,5.69,5.68,182300.0,1026593.9,628137877.0,1375423216.0
sz000551,苏物贸Ａ,1999-05-13,5.62,5.73,5.61,5.61,5.69,179100.0,1014449.2,619306413.0,1356085104.0
sz000551,苏物贸Ａ,1999-05-14,5.63,5.75,5.6,5.74,5.61,731700.0,4147576.1,633657542.0,1387509536.0
sz000551,苏物贸Ａ,1999-05-17,5.73,5.89,5.62,5.67,5.74,381100.0,2194184.0,625930011.0,1370588688.0
sz000551,苏物贸Ａ,1999-05-18,5.67,5.75,5.6,5.6,5.67,231600.0,1306291.0,618202480.0,1353667840.0
sz000551,苏物贸Ａ,1999-05-19,5.56,5.8,5.51,5.76,5.6,382400.0,2170194.6,635865408.0,1392344064.0
sz000551,苏物贸Ａ,1999-05-20,5.78,6.2,5.72,6.17,5.76,3127400.0,18817045.9,681126661.0,1491451888.0
sz000551,苏物贸Ａ,1999-05-21,6.22,6.24,5.9,6.02,6.17,1237400.0,7506422.4,664567666.0,1455192928.0
sz000551,苏物贸Ａ,1999-05-24,5.9,6.15,5.83,6.08,6.02,1092800.0,6554174.2,671191264.0,1469696512.0
sz000551,苏物贸Ａ,1999-05-25,6.08,6.43,6.0,6.02,6.08,1782100.0,11074968.4,664567666.0,1455192928.0
sz000551,苏物贸Ａ,1999-05-26,5.98,6.25,5.91,6.12,6.02,1044300.0,6352089.8,675606996.0,1479365568.0
sz000551,苏物贸Ａ,1999-05-27,6.12,6.43,6.1,6.37,6.12,2168400.0,13646240.6,703205321.0,1539797168.0
sz000551,苏物贸Ａ,1999-05-31,6.48,6.7,6.37,6.66,6.37,3724300.0,24502100.1,735219378.0,1609897824.0
sz000551,苏物贸Ａ,1999-06-01,6.75,6.83,6.56,6.8,6.66,2508400.0,16790832.1,750674440.0,1643739520.0
sz000551,苏物贸Ａ,1999-06-02,6.88,7.48,6.85,7.09,6.8,6081600.0,44728636.3,782688497.0,1713840176.0
sz000551,苏物贸Ａ,1999-06-03,6.99,7.34,6.8,7.29,7.09,3099200.0,21984037.2,804767157.0,1762185456.0
sz000551,苏物贸Ａ,1999-06-04,7.0,7.53,7.0,7.17,7.29,4433700.0,32307619.9,791519961.0,1733178288.0
sz000551,苏物贸Ａ,1999-06-07,7.16,7.3,7.02,7.19,7.17,1974200.0,14100299.2,793727827.0,1738012816.0
sz000551,苏物贸Ａ,1999-06-08,7.5,7.5,7.13,7.29,7.19,1499500.0,10859551.7,804767157.0,1762185456.0
sz000551,苏物贸Ａ,1999-06-09,7.41,7.45,7.11,7.14,7.29,1553400.0,11230885.7,788208162.0,1725926496.0
sz000551,苏物贸Ａ,1999-06-10,7.38,7.5,7.11,7.2,7.14,1912500.0,13844508.7,794831760.0,1740430080.0
sz000551,苏物贸Ａ,1999-06-11,7.2,7.69,7.18,7.58,7.2,3265700.0,24467319.2,836781214.0,1832286112.0
sz000551,苏物贸Ａ,1999-06-14,7.7,8.34,7.6,8.22,7.58,4897500.0,39803343.6,907432926.0,1986991008.0
sz000551,苏物贸Ａ,1999-06-15,8.38,8.49,7.6,7.7,8.22,5270100.0,41882846.1,850028410.0,1861293280.0
sz000551,苏物贸Ａ,1999-06-16,7.9,8.16,7.8,8.12,7.7,3083100.0,24649164.8,896393596.0,1962818368.0
sz000551,苏物贸Ａ,1999-06-17,8.13,8.48,8.13,8.25,8.12,2647200.0,21890378.1,910744725.0,1994242800.0
sz000551,苏物贸Ａ,1999-06-18,8.24,8.63,8.11,8.28,8.25,3358300.0,28113674.6,914056524.0,2001494592.0
sz000551,苏物贸Ａ,1999-06-21,8.3,9.04,8.3,8.86,8.28,4490000.0,39812747.0,978084638.0,2141695904.0
sz000551,苏物贸Ａ,1999-06-22,8.86,9.45,8.68,9.44,8.86,3381600.0,30844220.9,1042112752.0,2281897216.0
sz000551,苏物贸Ａ,1999-06-23,9.97,10.38,9.55,10.2,9.44,8968100.0,91200928.8,1126011660.0,2465609280.0
sz000551,苏物贸Ａ,1999-06-24,10.29,10.8,9.95,10.0,10.2,4790500.0,49225486.4,1103933000.0,2417264000.0
sz000551,苏物贸Ａ,1999-06-25,10.0,10.45,9.5,9.68,10.0,5357400.0,53661247.9,1068607144.0,2339911552.0
sz000551,苏物贸Ａ,1999-06-28,9.8,10.2,9.75,10.1,9.68,4752500.0,47693929.8,1114972330.0,2441436640.0
sz000551,苏物贸Ａ,1999-06-29,10.16,10.84,10.16,10.7,10.1,6848100.0,72429085.2,1181208310.0,2586472480.0
sz000551,苏物贸Ａ,1999-06-30,10.7,10.98,10.2,10.25,10.7,4397100.0,46542890.0,1131531325.0,2477695600.0
sz000551,苏物贸Ａ,1999-07-01,10.05,10.4,9.23,9.23,10.25,4861800.0,47148408.4,1018930159.0,2231134672.0
sz000551,苏物贸Ａ,1999-07-02,9.23,10.15,9.18,10.15,9.23,4256800.0,41785841.4,1120491995.0,2453522960.0
sz000551,苏物贸Ａ,1999-07-05,10.35,11.0,10.35,10.88,10.15,4068600.0,43817866.6,1201079104.0,2629983232.0
sz000551,苏物贸Ａ,1999-07-06,10.88,10.88,9.8,10.01,10.88,2793900.0,29064642.7,1105036933.0,2419681264.0
sz000551,苏物贸Ａ,1999-07-07,10.0,10.4,10.0,10.39,10.01,1744900.0,17793929.1,1146986387.0,2511537296.0
sz000551,苏物贸Ａ,1999-07-08,10.38,10.66,10.1,10.49,10.39,1792900.0,18909607.0,1158025717.0,2535709936.0
sz000551,苏物贸Ａ,1999-07-09,10.5,10.6,10.18,10.35,10.49,1114800.0,11517037.4,1142570655.0,2501868240.0
sz000551,苏物贸Ａ,1999-07-12,10.35,10.5,9.32,9.7,10.35,2763200.0,27333224.0,1070815010.0,2344746080.0
sz000551,苏物贸Ａ,1999-07-13,9.5,9.5,8.95,9.21,9.7,1608300.0,14820504.3,1016722293.0,2226300144.0
sz000551,苏物贸Ａ,1999-07-14,9.2,9.6,9.18,9.37,9.21,1341300.0,12578448.9,1034385221.0,2264976368.0
sz000551,苏物贸Ａ,1999-07-15,9.31,9.5,9.19,9.2,9.37,1271200.0,11873068.9,1015618360.0,2223882880.0
sz000551,苏物贸Ａ,1999-07-16,9.25,9.3,8.7,8.86,9.2,3307700.0,29453172.3,978084638.0,2141695904.0
sz000551,苏物贸Ａ,1999-07-19,8.9,8.95,8.2,8.89,8.86,1395620.0,12261271.6,981396437.0,2148947696.0
sz000551,苏物贸Ａ,1999-07-20,8.85,9.78,8.85,9.78,8.89,1071300.0,9907996.8,1079646474.0,2364084192.0
sz000551,苏物贸Ａ,1999-07-21,9.95,10.28,9.0,9.94,9.78,1688700.0,16776243.1,1097309402.0,2402760416.0
sz000551,苏物贸Ａ,1999-07-22,9.89,10.2,9.53,9.71,9.96,1720800.0,17153908.9,1071918943.0,2347163344.0
sz000551,苏物贸Ａ,1999-07-23,9.51,10.2,9.51,9.89,9.71,1356800.0,13531531.9,1091789737.0,2390674096.0
sz000551,苏物贸Ａ,1999-07-26,10.0,10.08,9.77,9.8,9.89,1379300.0,13626866.4,1081854340.0,2368918720.0
sz000551,苏物贸Ａ,1999-07-27,9.8,9.9,9.55,9.72,9.8,750100.0,7338958.6,1073022876.0,2349580608.0
sz000551,苏物贸Ａ,1999-07-28,9.72,10.0,9.72,9.86,9.72,663600.0,6571583.0,1088477938.0,2383422304.0
sz000551,苏物贸Ａ,1999-07-29,10.0,10.02,9.86,9.91,9.86,493700.0,4894710.8,1093997603.0,2395508624.0
sz000551,苏物贸Ａ,1999-07-30,10.0,10.0,9.85,9.91,9.91,389700.0,3867494.0,1093997603.0,2395508624.0
sz000551,苏物贸Ａ,1999-08-02,9.85,10.37,9.85,10.24,9.91,1360100.0,13880876.4,1130427392.0,2475278336.0
sz000551,苏物贸Ａ,1999-08-03,10.24,10.58,10.05,10.51,10.24,1488500.0,15319750.4,1160233583.0,2540544464.0
sz000551,苏物贸Ａ,1999-08-04,10.51,10.89,10.45,10.45,10.51,1639700.0,17476000.0,1153609985.0,2526040880.0
sz000551,苏物贸Ａ,1999-08-05,10.5,10.95,10.45,10.89,10.45,2000800.0,21577938.4,1202183037.0,2632400496.0
sz000551,苏物贸Ａ,1999-08-06,10.8,10.8,10.3,10.68,10.89,1358700.0,14348660.1,1179000444.0,2581637952.0
sz000551,苏物贸Ａ,1999-08-09,10.8,10.9,10.51,10.71,10.68,986000.0,10605387.0,1182312243.0,2588889744.0
sz000551,苏物贸Ａ,1999-08-10,10.58,10.88,10.55,10.68,10.71,1028000.0,11019283.6,1179000444.0,2581637952.0
sz000551,苏物贸Ａ,1999-08-11,10.1,11.25,10.1,10.86,10.68,4192200.0,45184735.5,1198871238.0,2625148704.0
sz000551,苏物贸Ａ,1999-08-12,10.98,11.94,10.98,11.64,10.86,5599800.0,64927555.8,1284978012.0,2813695296.0
sz000551,苏物贸Ａ,1999-08-13,11.7,11.98,11.3,11.72,11.64,3308400.0,38821024.7,1293809476.0,2833033408.0
sz000551,苏物贸Ａ,1999-08-16,11.72,12.5,11.72,12.37,11.72,3403400.0,41465499.1,1365565121.0,2990155568.0
sz000551,苏物贸Ａ,1999-08-17,12.5,12.85,12.3,12.8,12.37,3700900.0,46786345.4,1413034240.0,3094097920.0
sz000551,苏物贸Ａ,1999-08-18,12.8,13.08,12.6,12.88,12.8,2710000.0,34955495.2,1421865704.0,3113436032.0
sz000551,苏物贸Ａ,1999-08-19,12.71,13.91,12.7,13.54,12.88,3169500.0,42691203.7,1494725282.0,3272975456.0
sz000551,苏物贸Ａ,1999-08-20,13.5,13.75,12.97,13.21,13.54,1963700.0,25935290.4,1458295493.0,3193205744.0
sz000551,苏物贸Ａ,1999-08-23,13.18,13.49,12.9,13.2,13.21,1736900.0,22846257.4,1457191560.0,3190788480.0
sz000551,苏物贸Ａ,1999-08-24,13.16,13.85,13.03,13.74,13.2,2012800.0,27280212.4,1516803942.0,3321320736.0
sz000551,苏物贸Ａ,1999-08-25,13.68,14.76,13.65,14.49,13.74,2151400.0,30899518.7,1599598917.0,3502615536.0
sz000551,苏物贸Ａ,1999-08-26,14.65,14.67,14.2,14.55,14.49,1395500.0,20158153.7,1606222515.0,3517119120.0
sz000551,苏物贸Ａ,1999-08-27,14.48,15.08,14.1,14.62,14.55,1707100.0,25113747.4,1613950046.0,3534039968.0
sz000551,苏物贸Ａ,1999-08-30,14.56,15.3,14.46,14.74,14.62,1594100.0,23694411.7,1627197242.0,3563047136.0
sz000551,苏物贸Ａ,1999-08-31,13.29,15.21,13.29,14.78,14.74,6768600.0,99411260.7,1631612974.0,3572716192.0
sz000551,苏物贸Ａ,1999-09-01,14.68,14.68,14.06,14.09,14.78,2340900.0,33604577.9,1555441597.0,3405924976.0
sz000551,苏物贸Ａ,1999-09-02,14.08,14.4,14.0,14.4,14.09,1374700.0,19413719.8,1589663520.0,3480860160.0
sz000551,苏物贸Ａ,1999-09-03,14.41,15.06,14.41,14.87,14.4,2350700.0,34918392.1,1641548371.0,3594471568.0
sz000551,苏物贸Ａ,1999-09-06,14.78,14.91,14.5,14.62,14.87,749300.0,11044302.0,1613950046.0,3534039968.0
sz000551,苏物贸Ａ,1999-09-07,14.6,14.8,14.02,14.6,14.62,820300.0,11933157.9,1611742180.0,3529205440.0
sz000551,苏物贸Ａ,1999-09-08,14.68,14.68,14.0,14.51,14.6,606900.0,8677248.2,1601806783.0,3507450064.0
sz000551,苏物贸Ａ,1999-09-09,14.46,15.0,14.22,14.91,14.51,1481100.0,21739269.7,1645964103.0,3604140624.0
sz000551,苏物贸Ａ,1999-09-10,14.72,15.62,14.72,15.44,14.91,3167500.0,48697109.6,1704472552.0,3732255616.0
sz000551,苏物贸Ａ,1999-09-13,15.5,15.65,15.29,15.33,15.44,562300.0,8666914.1,1692329289.0,3705665712.0
sz000551,苏物贸Ａ,1999-09-14,15.6,15.67,15.18,15.45,15.33,607300.0,9386978.9,1705576485.0,3734672880.0
sz000551,苏物贸Ａ,1999-09-15,15.33,16.0,15.2,15.83,15.45,2051600.0,32296850.3,1747525939.0,3826528912.0
sz000551,苏物贸Ａ,1999-09-16,15.9,16.5,15.8,16.09,15.83,1747900.0,28526647.6,1776228197.0,3889377776.0
sz000551,苏物贸Ａ,1999-09-17,16.18,17.0,16.18,16.83,16.09,3077200.0,51479707.8,1857919239.0,4068255312.0
sz000551,苏物贸Ａ,1999-09-20,17.0,17.22,16.42,16.51,16.83,1285200.0,21563180.0,1822593383.0,3990902864.0
sz000551,苏物贸Ａ,1999-09-21,16.8,17.0,15.38,15.81,16.51,2145400.0,34508710.1,1745318073.0,3821694384.0
sz000551,苏物贸Ａ,1999-09-22,15.8,15.8,14.6,14.96,15.81,2272900.0,33861627.2,1651483768.0,3616226944.0
sz000551,苏物贸Ａ,1999-09-23,14.7,15.28,14.48,15.22,14.96,1005900.0,15030356.2,1680186026.0,3679075808.0
sz000551,苏物贸Ａ,1999-09-24,15.01,15.36,13.86,14.22,15.22,1910500.0,27749413.3,1569792726.0,3437349408.0
sz000551,苏物贸Ａ,1999-09-27,14.0,14.22,13.03,13.49,14.22,2138700.0,28888973.1,1489205617.0,3260889136.0
sz000551,苏物贸Ａ,1999-09-28,13.48,13.64,13.0,13.54,13.49,1208600.0,16196086.6,1494725282.0,3272975456.0
sz000551,苏物贸Ａ,1999-09-29,13.55,14.45,13.5,14.25,13.54,1716138.0,24216328.0,1573104525.0,3444601200.0
sz000551,苏物贸Ａ,1999-09-30,14.18,15.15,14.12,14.77,14.25,2099200.0,31110946.7,1630509041.0,3570298928.0
sz000551,苏物贸Ａ,1999-10-08,14.77,14.88,14.13,14.28,14.77,341200.0,4893603.4,1576416324.0,3451852992.0
sz000551,苏物贸Ａ,1999-10-11,14.37,14.8,14.11,14.3,14.28,307700.0,4435589.7,1578624190.0,3456687520.0
sz000551,苏物贸Ａ,1999-10-12,14.4,14.53,14.2,14.43,14.3,187400.0,2697425.8,1592975319.0,3488111952.0
sz000551,苏物贸Ａ,1999-10-13,14.23,14.25,13.75,13.87,14.43,203900.0,2846416.6,1531155071.0,3352745168.0
sz000551,苏物贸Ａ,1999-10-14,13.8,14.3,13.41,13.94,13.87,341600.0,4732532.1,1538882602.0,3369666016.0
sz000551,苏物贸Ａ,1999-10-15,14.15,14.2,13.79,14.01,13.94,238500.0,3346696.1,1546610133.0,3386586864.0
sz000551,苏物贸Ａ,1999-10-18,14.01,14.05,13.26,13.5,14.01,406500.0,5498616.0,1490309550.0,3263306400.0
sz000551,苏物贸Ａ,1999-10-19,13.44,13.44,12.51,13.08,13.5,516300.0,6742015.8,1443944364.0,3161781312.0
sz000551,苏物贸Ａ,1999-10-20,12.77,13.2,12.77,12.94,13.08,327400.0,4245532.5,1428489302.0,3127939616.0
sz000551,苏物贸Ａ,1999-10-21,12.91,13.0,12.51,12.98,12.94,404700.0,5170164.3,1432905034.0,3137608672.0
sz000551,苏物贸Ａ,1999-10-22,12.94,13.6,12.94,13.32,12.98,404800.0,5385027.7,1470438756.0,3219795648.0
sz000551,苏物贸Ａ,1999-10-25,13.32,13.32,12.93,13.19,13.32,246200.0,3228587.0,1456087627.0,3188371216.0
sz000551,苏物贸Ａ,1999-10-26,13.15,13.39,13.1,13.31,13.19,184500.0,2437765.9,1469334823.0,3217378384.0
sz000551,苏物贸Ａ,1999-10-27,13.41,14.28,13.41,14.11,13.31,661100.0,9165288.6,1557649463.0,3410759504.0
sz000551,苏物贸Ａ,1999-10-28,14.18,14.18,13.61,13.9,14.11,332600.0,4627705.7,1534466870.0,3359996960.0
sz000551,苏物贸Ａ,1999-10-29,13.88,14.53,13.88,14.49,13.9,1130600.0,16251033.5,1599598917.0,3502615536.0
sz000551,苏物贸Ａ,1999-11-01,14.48,14.98,14.37,14.81,14.49,1029300.0,15197507.4,1634924773.0,3579967984.0
sz000551,苏物贸Ａ,1999-11-02,14.8,15.0,14.5,14.69,14.81,663200.0,9789978.5,1621677577.0,3550960816.0
sz000551,苏物贸Ａ,1999-11-03,14.68,14.78,14.17,14.33,14.69,492400.0,7076675.7,1581935989.0,3463939312.0
sz000551,苏物贸Ａ,1999-11-04,14.25,14.25,13.9,13.9,14.33,256700.0,3602932.3,1534466870.0,3359996960.0
sz000551,苏物贸Ａ,1999-11-05,13.9,14.1,13.66,13.96,13.9,296400.0,4118324.0,1541090468.0,3374500544.0
sz000551,苏物贸Ａ,1999-11-08,13.9,14.1,13.68,14.1,13.96,328200.0,4571337.2,1556545530.0,3408342240.0
sz000551,苏物贸Ａ,1999-11-09,14.3,14.63,14.08,14.53,14.1,670700.0,9658948.3,1604014649.0,3512284592.0
sz000551,苏物贸Ａ,1999-11-10,14.55,14.95,14.54,14.78,14.53,1233500.0,18250012.2,1631612974.0,3572716192.0
sz000551,苏物贸Ａ,1999-11-11,14.68,14.95,14.42,14.68,14.78,839000.0,12373355.5,1620573644.0,3548543552.0
sz000551,苏物贸Ａ,1999-11-12,14.65,15.05,14.65,14.85,14.68,1908900.0,28429036.8,1639340505.0,3589637040.0
sz000551,苏物贸Ａ,1999-11-15,14.9,14.92,14.45,14.64,14.85,257500.0,3767694.0,1616157912.0,3538874496.0
sz000551,苏物贸Ａ,1999-11-16,14.4,14.7,13.78,14.01,14.64,409100.0,5800798.0,1546610133.0,3386586864.0
sz000551,苏物贸Ａ,1999-11-17,13.8,14.22,13.7,14.16,14.01,1063800.0,14892219.9,1563169128.0,3422845824.0
sz000551,苏物贸Ａ,1999-11-18,14.0,14.3,13.75,14.05,14.16,1043600.0,14647021.9,1551025865.0,3396255920.0
sz000551,苏物贸Ａ,1999-11-19,14.05,14.13,13.3,13.78,14.05,1733300.0,23905303.4,1521219674.0,3330989792.0
sz000551,苏物贸Ａ,1999-11-22,13.79,13.99,13.43,13.78,13.78,654300.0,9049472.4,1521219674.0,3330989792.0
sz000551,苏物贸Ａ,1999-11-23,13.78,13.96,13.52,13.79,13.78,151400.0,2066893.0,1522323607.0,3333407056.0
sz000551,苏物贸Ａ,1999-11-24,13.68,13.87,13.39,13.66,13.79,243700.0,3304535.5,1507972478.0,3301982624.0
sz000551,苏物贸Ａ,1999-11-25,13.66,13.76,13.4,13.68,13.66,1113400.0,15255652.1,1510180344.0,3306817152.0
sz000551,苏物贸Ａ,1999-11-26,13.5,13.73,13.32,13.51,13.68,993900.0,13502709.3,1491413483.0,3265723664.0
sz000551,苏物贸Ａ,1999-11-29,13.57,13.57,12.9,13.1,13.51,929300.0,12266262.0,1446152230.0,3166615840.0
sz000551,苏物贸Ａ,1999-11-30,12.81,13.1,12.31,12.68,13.1,585100.0,7355432.0,1399787044.0,3065090752.0
sz000551,苏物贸Ａ,1999-12-01,12.5,13.04,12.42,12.84,12.68,1175300.0,15032951.7,1417449972.0,3103766976.0
sz000551,苏物贸Ａ,1999-12-02,12.7,13.15,12.7,12.89,12.84,192900.0,2497012.2,1422969637.0,3115853296.0
sz000551,苏物贸Ａ,1999-12-03,12.75,13.17,12.5,13.09,12.89,365200.0,4724202.5,1445048297.0,3164198576.0
sz000551,苏物贸Ａ,1999-12-06,12.85,13.0,12.71,13.0,13.09,113900.0,1462251.0,1435112900.0,3142443200.0
sz000551,苏物贸Ａ,1999-12-07,12.98,13.1,12.64,13.01,13.0,375300.0,4885487.2,1436216833.0,3144860464.0
sz000551,苏物贸Ａ,1999-12-08,12.9,13.05,12.7,12.92,13.01,101900.0,1314844.0,1426281436.0,3123105088.0
sz000551,苏物贸Ａ,1999-12-09,12.8,12.99,12.4,12.76,12.92,335000.0,4230408.0,1408618508.0,3084428864.0
sz000551,苏物贸Ａ,1999-12-10,12.76,12.99,12.35,12.75,12.76,276880.0,3507666.2,1407514575.0,3082011600.0
sz000551,苏物贸Ａ,1999-12-13,12.45,12.8,12.4,12.66,12.75,121400.0,1522829.6,1397579178.0,3060256224.0
sz000551,苏物贸Ａ,1999-12-14,12.51,12.7,12.0,12.59,12.66,280700.0,3510225.3,1389851647.0,3043335376.0
sz000551,苏物贸Ａ,1999-12-15,12.06,12.66,12.06,12.6,12.59,457400.0,5727943.1,1390955580.0,3045752640.0
sz000551,苏物贸Ａ,1999-12-17,12.5,12.94,12.45,12.58,12.6,365500.0,4621205.0,1388747714.0,3040918112.0
sz000551,苏物贸Ａ,1999-12-21,12.45,12.6,12.1,12.48,12.58,114600.0,1414416.0,1377708384.0,3016745472.0
sz000551,苏物贸Ａ,1999-12-22,12.22,12.59,12.16,12.45,12.48,118500.0,1466705.2,1374396585.0,3009493680.0
sz000551,苏物贸Ａ,1999-12-23,12.18,12.45,12.0,12.22,12.45,176121.0,2148218.4,1349006126.0,2953896608.0
sz000551,苏物贸Ａ,1999-12-24,12.01,12.35,11.95,12.21,12.22,203500.0,2460392.9,1347902193.0,2951479344.0
sz000551,苏物贸Ａ,1999-12-27,12.01,12.21,11.0,11.01,12.21,213100.0,2461000.0,1215430233.0,2661407664.0
sz000551,苏物贸Ａ,1999-12-28,11.0,11.6,10.15,10.48,11.01,733000.0,7874423.4,1156921784.0,2533292672.0
sz000551,苏物贸Ａ,1999-12-29,10.4,10.48,9.8,10.27,10.48,442400.0,4437439.6,1133739191.0,2482530128.0
sz000551,苏物贸Ａ,1999-12-30,10.17,10.48,9.92,10.32,10.27,233000.0,2395044.0,1139258856.0,2494616448.0
sz000551,苏物贸Ａ,2000-01-04,10.35,11.02,10.08,10.69,10.32,646700.0,6894639.8,1180104377.0,2584055216.0
sz000551,苏物贸Ａ,2000-01-05,10.69,10.88,10.3,10.67,10.69,509100.0,5418360.8,1177896511.0,2579220688.0
sz000551,苏物贸Ａ,2000-01-06,10.32,11.0,10.31,10.94,10.67,673400.0,7226277.6,1207702702.0,2644486816.0
sz000551,苏物贸Ａ,2000-01-07,10.88,11.8,10.6,11.4,10.94,3235600.0,36484163.5,1258483620.0,2755680960.0
sz000551,苏物贸Ａ,2000-01-10,11.48,12.11,11.41,12.02,11.4,2749100.0,32386302.7,1326927466.0,2905551328.0
sz000551,苏物贸Ａ,2000-01-11,12.05,12.4,11.2,11.51,12.02,917500.0,10888265.0,1270626883.0,2782270864.0
sz000551,苏物贸Ａ,2000-01-12,11.3,11.71,10.8,11.02,11.51,551400.0,6135204.4,1216534166.0,2663824928.0
sz000551,苏物贸Ａ,2000-01-13,10.91,11.3,10.5,10.82,11.02,574900.0,6243334.6,1194455506.0,2615479648.0
sz000551,苏物贸Ａ,2000-01-14,10.98,10.99,10.5,10.71,10.82,415600.0,4433626.8,1182312243.0,2588889744.0
sz000551,苏物贸Ａ,2000-01-17,10.6,10.98,10.3,10.9,10.71,542100.0,5766935.0,1203286970.0,2634817760.0
sz000551,苏物贸Ａ,2000-01-18,10.9,11.15,10.61,11.1,10.9,936600.0,10323287.7,1225365630.0,2683163040.0
sz000551,苏物贸Ａ,2000-01-19,11.11,11.3,10.89,11.19,11.1,943200.0,10520034.5,1235301027.0,2704918416.0
sz000551,苏物贸Ａ,2000-01-20,11.38,11.55,10.99,11.2,11.19,675400.0,7599927.3,1236404960.0,2707335680.0
sz000551,苏物贸Ａ,2000-01-21,11.2,11.2,10.65,10.88,11.2,1185000.0,12959493.6,1201079104.0,2629983232.0
sz000551,苏物贸Ａ,2000-01-24,10.58,10.7,10.1,10.41,10.88,807000.0,8274218.4,1149194253.0,2516371824.0
sz000551,苏物贸Ａ,2000-01-25,10.34,11.0,10.1,10.85,10.41,1440400.0,15515444.4,1198871238.0,2625148704.0
sz000551,苏物贸Ａ,2000-01-26,10.7,11.3,10.7,11.01,10.86,2424600.0,26879000.0,1215430233.0,2661407664.0
sz000551,苏物贸Ａ,2000-01-27,11.0,11.39,10.99,11.3,11.01,2348700.0,26436169.2,1247444290.0,2731508320.0
sz000551,苏物贸Ａ,2000-01-28,11.4,11.9,10.85,11.15,11.3,1121000.0,12680855.2,1272834749.0,2787105392.0
sz000551,苏物贸Ａ,2000-02-14,12.0,12.68,12.0,12.68,11.53,13344500.0,168569588.8,1399787044.0,3065090752.0
sz000551,苏物贸Ａ,2000-02-15,13.38,13.95,13.33,13.95,12.68,17058100.0,236377168.5,1539986535.0,3372083280.0
sz000551,苏物贸Ａ,2000-02-16,14.88,15.34,13.9,15.1,13.95,11076000.0,161438599.4,1666938830.0,3650068640.0
sz000551,苏物贸Ａ,2000-02-17,15.88,16.0,13.59,14.28,15.1,10268400.0,148132887.3,1576416324.0,3451852992.0
sz000551,苏物贸Ａ,2000-02-18,14.78,14.78,13.01,14.48,14.28,4857500.0,67620618.3,1598494984.0,3500198272.0
sz000551,苏物贸Ａ,2000-02-21,14.59,14.59,13.48,13.6,14.48,3957500.0,54696393.4,1501348880.0,3287479040.0
sz000551,苏物贸Ａ,2000-02-22,13.5,14.15,13.17,13.88,13.6,4884100.0,67163305.9,1532259004.0,3355162432.0
sz000551,苏物贸Ａ,2000-02-23,13.8,14.2,13.51,13.96,13.88,4582000.0,64012271.6,1541090468.0,3374500544.0
sz000551,苏物贸Ａ,2000-02-24,13.8,15.1,13.5,15.05,13.96,8477800.0,123249178.5,1661419165.0,3637982320.0
sz000551,苏物贸Ａ,2000-02-25,15.02,15.8,14.75,15.62,15.05,8941800.0,137409643.6,1724343346.0,3775766368.0
sz000551,苏物贸Ａ,2000-02-28,17.0,17.0,14.8,15.52,15.62,11515500.0,178471300.1,1713304016.0,3751593728.0
sz000551,苏物贸Ａ,2000-02-29,15.45,15.98,15.0,15.53,15.52,5801800.0,90017504.2,1714407949.0,3754010992.0
sz000551,苏物贸Ａ,2000-03-01,15.6,15.9,14.6,14.64,15.53,4473500.0,67411000.0,1616157912.0,3538874496.0
sz000551,苏物贸Ａ,2000-03-02,14.55,14.8,14.28,14.68,14.64,2430600.0,35154931.0,1621677577.0,3550960816.0
sz000551,苏物贸Ａ,2000-03-03,14.68,14.92,14.4,14.8,14.69,3422100.0,50515540.1,1633820840.0,3577550720.0
sz000551,苏物贸Ａ,2000-03-06,14.68,14.85,14.02,14.24,14.8,2637900.0,38279957.4,1572000592.0,3442183936.0
sz000551,苏物贸Ａ,2000-03-07,14.03,14.5,13.75,14.37,14.24,1788800.0,24971915.8,1586351721.0,3473608368.0
sz000551,苏物贸Ａ,2000-03-08,14.6,15.2,14.45,14.73,14.37,2347300.0,34795237.1,1626093309.0,3560629872.0
sz000551,苏物贸Ａ,2000-03-09,14.58,15.0,14.4,14.7,14.73,2279500.0,33410640.6,1622781510.0,3553378080.0
sz000551,苏物贸Ａ,2000-03-10,14.58,15.35,14.46,14.79,14.7,3456200.0,51903913.0,1632716907.0,3575133456.0
sz000551,苏物贸Ａ,2000-03-13,14.7,15.18,14.5,14.85,14.79,3386500.0,50490944.9,1639340505.0,3589637040.0
sz000551,苏物贸Ａ,2000-03-14,14.68,15.0,13.75,14.46,14.85,2122900.0,30512106.3,1596287118.0,3495363744.0
sz000551,苏物贸Ａ,2000-03-15,14.3,14.8,14.2,14.46,14.46,1197200.0,17313576.8,1596287118.0,3495363744.0
sz000551,苏物贸Ａ,2000-03-16,14.3,14.3,13.18,13.68,14.46,1789400.0,24639712.0,1510180344.0,3306817152.0
sz000551,苏物贸Ａ,2000-03-17,13.5,14.5,13.46,14.46,13.68,2681200.0,37264489.3,1596287118.0,3495363744.0
sz000551,苏物贸Ａ,2000-03-20,13.8,14.5,13.8,14.25,14.46,2108500.0,29837709.6,1573104525.0,3444601200.0
sz000551,苏物贸Ａ,2000-03-21,14.1,14.77,14.0,14.29,14.25,2355000.0,33897184.0,1577520257.0,3454270256.0
sz000551,苏物贸Ａ,2000-03-22,14.3,14.77,14.05,14.65,14.29,3964800.0,57415091.5,1617261845.0,3541291760.0
sz000551,苏物贸Ａ,2000-03-23,14.68,16.12,14.68,15.99,14.65,15448300.0,239902979.5,1765188867.0,3865205136.0
sz000551,创元科技,2000-03-24,16.21,16.89,15.2,15.57,15.99,8245500.0,130128467.6,1718823681.0,3763680048.0
sz000551,创元科技,2000-03-27,15.37,15.96,15.08,15.53,15.57,4837900.0,74107747.4,1714407949.0,3754010992.0
sz000551,创元科技,2000-03-28,15.58,15.65,15.08,15.46,15.53,4224000.0,64496959.6,1706680418.0,3737090144.0
sz000551,创元科技,2000-03-29,15.45,15.7,14.92,15.18,15.46,2836700.0,43331188.4,1675770294.0,3669406752.0
sz000551,创元科技,2000-03-30,15.19,15.48,15.01,15.26,15.18,2629300.0,40242053.5,1684601758.0,3688744864.0
sz000551,创元科技,2000-03-31,15.21,15.3,14.92,15.15,15.26,1880500.0,28323465.5,1672458495.0,3662154960.0
sz000551,创元科技,2000-04-03,14.99,15.28,14.85,15.08,15.15,1792800.0,27052745.3,1664730964.0,3645234112.0
sz000551,创元科技,2000-04-04,15.0,15.05,14.45,14.65,15.08,1283500.0,18778986.0,1617261845.0,3541291760.0
sz000551,创元科技,2000-04-05,14.58,15.7,14.4,14.88,14.65,6553800.0,99042425.3,1642652304.0,3596888832.0
sz000551,创元科技,2000-04-06,15.6,15.6,14.09,14.65,14.88,6928000.0,100331466.1,1616157912.0,3538874496.0
sz000551,创元科技,2000-04-07,14.55,14.56,13.65,13.85,14.64,8228600.0,115132019.9,1530051138.0,3350327904.0
sz000551,创元科技,2000-04-10,13.96,14.0,13.25,13.88,13.86,5595200.0,75952263.3,1532259004.0,3355162432.0
sz000551,创元科技,2000-04-11,13.88,14.3,13.6,14.21,13.88,4429700.0,62671767.8,1568688793.0,3434932144.0
sz000551,创元科技,2000-04-12,14.21,14.3,13.85,13.96,14.21,1897400.0,26600093.9,1538882602.0,3369666016.0
sz000551,创元科技,2000-04-13,13.92,14.1,13.68,13.75,13.94,2271800.0,31342004.6,1517907875.0,3323738000.0
sz000551,创元科技,2000-04-14,13.75,13.96,13.5,13.88,13.75,4501800.0,61583713.6,1532259004.0,3355162432.0
sz000551,创元科技,2000-04-17,13.9,14.0,13.58,13.75,13.88,2256500.0,31011471.2,1516803942.0,3321320736.0
sz000551,创元科技,2000-04-18,13.7,14.49,13.7,14.07,13.74,4081300.0,57390000.0,1553233731.0,3401090448.0
sz000551,创元科技,2000-04-19,14.1,14.23,13.85,13.94,14.07,2747100.0,38447868.1,1538882602.0,3369666016.0
sz000551,创元科技,2000-04-20,14.3,14.3,13.95,14.07,13.94,1493000.0,21022894.5,1553233731.0,3401090448.0
sz000551,创元科技,2000-04-21,14.15,14.15,13.7,13.75,14.06,1145800.0,15820563.3,1513492143.0,3314068944.0
sz000551,创元科技,2000-04-24,13.7,13.8,13.4,13.5,13.71,1532400.0,20750364.1,1490309550.0,3263306400.0
sz000551,创元科技,2000-04-25,13.5,13.59,13.35,13.4,13.5,958900.0,12857615.0,1479270220.0,3239133760.0
sz000551,创元科技,2000-04-26,13.49,13.69,13.36,13.45,13.4,605700.0,8163130.0,1484789885.0,3251220080.0
sz000551,创元科技,2000-04-27,13.5,13.55,13.03,13.1,13.45,822100.0,10930803.7,1446152230.0,3166615840.0
sz000551,创元科技,2000-04-28,13.1,13.58,12.9,13.56,13.1,1368500.0,18140736.6,1496933148.0,3277809984.0
sz000551,创元科技,2000-05-08,13.7,14.1,13.7,13.91,13.56,1797000.0,25009200.8,1535570803.0,3362414224.0
sz000551,创元科技,2000-05-09,13.9,14.19,13.32,13.35,13.91,1084100.0,14832435.4,1473750555.0,3227047440.0
sz000551,创元科技,2000-05-11,13.0,13.38,12.8,13.14,13.35,1268000.0,16596031.8,1450567962.0,3176284896.0
sz000551,创元科技,2000-05-12,13.1,13.39,12.6,12.96,13.14,836100.0,10817233.1,1430697168.0,3132774144.0
sz000551,创元科技,2000-05-15,12.88,13.0,12.6,12.9,12.96,664400.0,8456628.6,1424073570.0,3118270560.0
sz000551,创元科技,2000-05-16,13.0,13.5,12.9,13.19,12.9,632200.0,8397074.8,1456087627.0,3188371216.0
sz000551,创元科技,2000-05-17,13.15,13.4,12.98,13.2,13.19,624400.0,8228869.1,1457191560.0,3190788480.0
sz000551,创元科技,2000-05-18,13.0,13.38,12.9,13.29,13.2,582700.0,7693735.1,1467126957.0,3212543856.0
sz000551,创元科技,2000-05-19,13.2,13.65,13.03,13.48,13.29,1365300.0,18332885.4,1488101684.0,3258471872.0
sz000551,创元科技,2000-05-22,13.7,14.18,13.65,13.89,13.48,4300600.0,59921096.8,1533362937.0,3357579696.0
sz000551,创元科技,2000-05-23,13.88,14.1,13.6,13.88,13.89,1586900.0,21899055.4,1532259004.0,3355162432.0
sz000551,创元科技,2000-05-24,13.7,14.1,13.67,13.9,13.88,3563600.0,49344248.8,1534466870.0,3359996960.0
sz000551,创元科技,2000-05-25,13.8,14.83,13.79,14.66,13.9,9445900.0,135279985.3,1619469711.0,3546126288.0
sz000551,创元科技,2000-05-26,14.58,14.95,14.03,14.54,14.67,3857100.0,56029352.0,1605118582.0,3514701856.0
sz000551,创元科技,2000-05-29,14.45,14.78,14.21,14.56,14.54,2809700.0,40895562.9,1607326448.0,3519536384.0
sz000551,创元科技,2000-05-30,14.56,14.78,14.0,14.24,14.56,2702800.0,38684860.3,1572000592.0,3442183936.0
sz000551,创元科技,2000-05-31,14.01,14.16,13.75,13.76,14.24,1547600.0,21503117.7,1519011808.0,3326155264.0
sz000551,创元科技,2000-06-01,13.78,13.95,13.6,13.79,13.76,1150100.0,15866052.3,1522323607.0,3333407056.0
sz000551,创元科技,2000-06-02,13.7,13.9,13.59,13.84,13.79,1082700.0,14796054.8,1527843272.0,3345493376.0
sz000551,创元科技,2000-06-05,13.7,14.08,13.5,13.8,13.84,1952000.0,26930469.8,1523427540.0,3335824320.0
sz000551,创元科技,2000-06-06,13.75,14.1,13.75,13.99,13.8,2027500.0,28375845.2,1544402267.0,3381752336.0
sz000551,创元科技,2000-06-07,14.2,14.28,13.85,13.96,13.99,1444400.0,20236210.8,1541090468.0,3374500544.0
sz000551,创元科技,2000-06-08,14.0,14.1,13.62,13.7,13.96,964400.0,13312318.6,1510180344.0,3306817152.0
sz000551,创元科技,2000-06-09,13.64,13.66,13.38,13.58,13.68,1063700.0,14375996.6,1499141014.0,3282644512.0
sz000551,创元科技,2000-06-12,13.42,13.72,13.3,13.66,13.58,714400.0,9655135.0,1507972478.0,3301982624.0
sz000551,创元科技,2000-06-13,13.66,13.88,13.5,13.69,13.66,1350000.0,18486001.0,1511284277.0,3309234416.0
sz000551,创元科技,2000-06-14,13.7,13.94,13.66,13.81,13.69,1698500.0,23400290.8,1524531473.0,3338241584.0
sz000551,创元科技,2000-06-15,13.83,14.2,13.81,13.91,13.81,2599500.0,36521710.2,1535570803.0,3362414224.0
sz000551,创元科技,2000-06-16,14.0,14.2,13.66,13.83,13.91,1526500.0,21190420.8,1526739339.0,3343076112.0
sz000551,创元科技,2000-06-19,13.74,13.86,13.51,13.79,13.83,1235400.0,16873924.4,1522323607.0,3333407056.0
sz000551,创元科技,2000-06-20,13.75,13.79,13.43,13.47,13.79,583500.0,7914812.0,1486997751.0,3256054608.0
sz000551,创元科技,2000-06-21,13.4,13.8,13.4,13.6,13.47,1320300.0,18019313.7,1501348880.0,3287479040.0
sz000551,创元科技,2000-06-22,13.6,13.8,13.45,13.46,13.6,730400.0,9897729.5,1486997751.0,3256054608.0
sz000551,创元科技,2000-06-23,13.5,13.84,13.37,13.7,13.47,2864900.0,38994061.1,1512388210.0,3311651680.0
sz000551,创元科技,2000-06-26,13.7,13.89,13.45,13.54,13.7,1353300.0,18364892.1,1494725282.0,3272975456.0
sz000551,创元科技,2000-06-27,13.54,13.79,13.44,13.48,13.54,1110100.0,15048666.8,1488101684.0,3258471872.0
sz000551,创元科技,2000-06-28,13.49,13.59,13.3,13.4,13.48,1566700.0,21005436.2,1479270220.0,3239133760.0
sz000551,创元科技,2000-06-29,13.46,13.48,13.12,13.34,13.4,1145200.0,15130802.8,1472646622.0,3224630176.0
sz000551,创元科技,2000-06-30,13.34,13.38,13.06,13.14,13.34,1068400.0,14047351.9,1450567962.0,3176284896.0
sz000551,创元科技,2000-07-03,13.0,13.2,12.79,13.01,13.14,1508200.0,19704969.5,1436216833.0,3144860464.0
sz000551,创元科技,2000-07-04,12.89,13.52,12.89,13.4,13.01,6147600.0,81855508.6,1479270220.0,3239133760.0
sz000551,创元科技,2000-07-05,13.43,13.6,13.2,13.21,13.4,3014600.0,40303786.6,1458295493.0,3193205744.0
sz000551,创元科技,2000-07-06,13.21,13.4,13.19,13.22,13.21,2932400.0,38933703.7,1459399426.0,3195623008.0
sz000551,创元科技,2000-07-07,13.2,13.47,13.16,13.32,13.22,2783900.0,37058477.0,1470438756.0,3219795648.0
sz000551,创元科技,2000-07-10,13.3,13.37,13.0,13.17,13.32,1694400.0,22244097.7,1453879761.0,3183536688.0
sz000551,创元科技,2000-07-11,13.2,13.49,13.15,13.38,13.17,4580600.0,60939734.7,1477062354.0,3234299232.0
sz000551,创元科技,2000-07-12,13.38,13.55,13.17,13.41,13.38,6947300.0,92272913.0,1480374153.0,3241551024.0
sz000551,创元科技,2000-07-13,13.2,13.39,13.18,13.31,13.41,4205400.0,55681857.2,1469334823.0,3217378384.0
sz000551,创元科技,2000-07-14,13.2,13.59,13.18,13.58,13.31,4619700.0,62030942.2,1499141014.0,3282644512.0
sz000551,创元科技,2000-07-17,13.45,13.88,13.41,13.72,13.58,4528900.0,62202478.0,1514596076.0,3316486208.0
sz000551,创元科技,2000-07-18,13.6,13.92,13.5,13.8,13.72,3027200.0,41795937.7,1523427540.0,3335824320.0
sz000551,创元科技,2000-07-19,13.7,13.88,13.59,13.72,13.8,2571900.0,35177754.7,1514596076.0,3316486208.0
sz000551,创元科技,2000-07-20,13.6,13.8,13.36,13.7,13.72,1785100.0,24256026.6,1512388210.0,3311651680.0
sz000551,创元科技,2000-07-21,13.77,13.86,13.48,13.57,13.7,1982500.0,27066666.1,1498037081.0,3280227248.0
sz000551,创元科技,2000-07-24,13.57,13.57,13.28,13.31,13.57,946300.0,12611214.1,1469334823.0,3217378384.0
sz000551,创元科技,2000-07-25,13.32,13.49,13.2,13.25,13.31,947500.0,12558652.1,1462711225.0,3202874800.0
sz000551,创元科技,2000-07-26,13.3,13.5,13.21,13.26,13.25,1149500.0,15301497.2,1463815158.0,3205292064.0
sz000551,创元科技,2000-07-27,13.3,13.4,13.2,13.24,13.26,1187800.0,15751533.1,1461607292.0,3200457536.0
sz000551,创元科技,2000-07-28,13.25,13.46,13.25,13.32,13.24,1229200.0,16443075.2,1470438756.0,3219795648.0
sz000551,创元科技,2000-07-31,13.3,13.3,13.19,13.26,13.32,1159900.0,15352427.5,1463815158.0,3205292064.0
sz000551,创元科技,2000-08-01,13.26,13.5,13.2,13.4,13.26,1720700.0,23046640.5,1479270220.0,3239133760.0
sz000551,创元科技,2000-08-02,13.5,13.51,13.32,13.35,13.4,1052800.0,14102032.3,1473750555.0,3227047440.0
sz000551,创元科技,2000-08-03,13.35,13.65,13.35,13.4,13.35,1394700.0,18787456.0,1484643405.6,3239133679.6
sz000551,创元科技,2000-08-04,13.41,13.5,13.09,13.19,13.4,1283300.0,16983531.1,1461376605.96,3188371136.86
sz000551,创元科技,2000-08-07,13.2,13.2,12.91,13.2,13.19,1284700.0,16700086.6,1462484548.8,3190788400.8
sz000551,创元科技,2000-08-08,13.21,13.28,12.98,13.09,13.2,798200.0,10417707.9,1450297177.56,3164198497.46
sz000551,创元科技,2000-08-09,13.0,13.2,13.0,13.1,13.09,762200.0,9984843.2,1451405120.4,3166615761.4
sz000551,创元科技,2000-08-10,13.15,13.7,13.14,13.55,13.1,2406000.0,32521460.2,1501262548.2,3275392638.7
sz000551,创元科技,2000-08-11,13.6,13.67,13.35,13.39,13.55,966800.0,13026269.9,1483535462.76,3236716415.66
sz000551,创元科技,2000-08-14,13.4,13.45,13.18,13.25,13.39,947200.0,12525043.1,1468024263.0,3202874720.5
sz000551,创元科技,2000-08-15,13.3,13.44,13.25,13.3,13.25,552700.0,7345815.2,1473563977.2,3214961040.2
sz000551,创元科技,2000-08-16,13.3,13.3,13.15,13.19,13.3,746600.0,9848679.1,1461376605.96,3188371136.86
sz000551,创元科技,2000-08-17,13.19,13.25,13.08,13.14,13.19,887900.0,11647015.5,1455836891.76,3176284817.16
sz000551,创元科技,2000-08-18,13.15,13.3,13.09,13.22,13.14,700500.0,9234123.2,1464700434.48,3195622928.68
sz000551,创元科技,2000-08-21,13.3,13.35,13.1,13.16,13.22,774800.0,10177042.2,1458052777.44,3181119345.04
sz000551,创元科技,2000-08-22,13.15,13.3,13.1,13.11,13.16,678000.0,8936933.8,1451405120.4,3166615761.4
sz000551,创元科技,2000-08-23,13.08,13.08,12.27,12.77,13.1,1609100.0,20452997.4,1414843006.68,3086846051.38
sz000551,创元科技,2000-08-24,12.77,12.9,12.58,12.7,12.77,1076000.0,13644436.1,1407087406.8,3069925203.8
sz000551,创元科技,2000-08-25,12.8,12.87,12.7,12.85,12.7,705200.0,8996558.5,1423706549.4,3106184162.9
sz000551,创元科技,2000-08-28,13.0,13.43,13.0,13.19,12.85,1180800.0,15593864.3,1461376605.96,3188371136.86
sz000551,创元科技,2000-08-29,13.28,13.29,12.99,13.05,13.19,821800.0,10724434.4,1445865406.2,3154529441.7
sz000551,创元科技,2000-08-30,13.09,13.09,12.85,12.87,13.05,715900.0,9257884.5,1425922435.08,3111018690.78
sz000551,创元科技,2000-08-31,12.8,12.8,12.45,12.46,12.87,1083100.0,13610978.3,1380496778.64,3011910869.24
sz000551,创元科技,2000-09-01,12.46,12.6,12.34,12.39,12.46,688400.0,8565149.7,1372741178.76,2994990021.66
sz000551,创元科技,2000-09-04,12.4,12.45,12.0,12.14,12.39,1072200.0,12988841.7,1345042607.76,2934558423.16
sz000551,创元科技,2000-09-05,12.15,12.29,11.81,11.85,12.14,848100.0,10225280.1,1312912265.4,2864457768.9
sz000551,创元科技,2000-09-06,11.77,11.8,11.38,11.38,11.85,988348.0,11354857.6,1260838951.92,2750846363.72
sz000551,创元科技,2000-09-07,11.3,11.66,11.3,11.55,11.38,512800.0,5926613.2,1279673980.2,2791939850.7
sz000551,创元科技,2000-09-08,11.6,11.92,11.55,11.87,11.55,592400.0,6990211.8,1315128151.08,2869292296.78
sz000551,创元科技,2000-09-11,11.9,12.0,11.69,11.75,11.87,272800.0,3215725.8,1301832837.0,2840285129.5
sz000551,创元科技,2000-09-12,11.8,11.8,11.55,11.65,11.75,420500.0,4878604.0,1290753408.6,2816112490.1
sz000551,创元科技,2000-09-13,11.66,12.0,11.66,11.84,11.65,600000.0,7121039.9,1311804322.56,2862040504.96
sz000551,创元科技,2000-09-14,11.89,11.92,11.68,11.7,11.84,442200.0,5194257.9,1296293122.8,2828198809.8
sz000551,创元科技,2000-09-15,11.61,11.7,11.5,11.57,11.7,376100.0,4347751.1,1281889865.88,2796774378.58
sz000551,创元科技,2000-09-18,11.5,11.58,11.38,11.39,11.57,361500.0,4132360.5,1261946894.76,2753263627.66
sz000551,创元科技,2000-09-19,11.4,11.4,11.03,11.07,11.39,556700.0,6179754.5,1226492723.88,2675911181.58
sz000551,创元科技,2000-09-20,11.0,11.17,10.93,11.05,11.07,466900.0,5158035.6,1224276838.2,2671076653.7
sz000551,创元科技,2000-09-21,11.1,11.3,11.06,11.11,11.05,276700.0,3091350.0,1230924495.24,2685580237.34
sz000551,创元科技,2000-09-22,11.11,11.11,10.82,10.84,11.11,362700.0,3960646.2,1201010038.56,2620314110.96
sz000551,创元科技,2000-09-25,10.84,10.96,10.81,10.83,10.84,191400.0,2076179.5,1199902095.72,2617896847.02
sz000551,创元科技,2000-09-26,10.95,11.14,10.95,11.06,10.83,227200.0,2511968.2,1225384781.04,2673493917.64
sz000551,创元科技,2000-09-27,11.1,11.28,11.02,11.27,11.06,216100.0,2414135.2,1248651580.68,2724256460.38
sz000551,创元科技,2000-09-28,11.29,11.35,11.01,11.04,11.27,277000.0,3082750.5,1223168895.36,2668659389.76
sz000551,创元科技,2000-09-29,11.04,11.2,11.04,11.17,11.04,171800.0,1917981.7,1237572152.28,2700083820.98
sz000551,创元科技,2000-10-09,11.2,11.27,11.1,11.17,11.17,199200.0,2227542.6,1237572152.28,2700083820.98
sz000551,创元科技,2000-10-10,11.19,11.33,11.18,11.32,11.17,262100.0,2951559.7,1254191294.88,2736342780.08
sz000551,创元科技,2000-10-11,11.32,11.33,11.15,11.2,11.32,262600.0,2939562.7,1240895980.8,2707335612.8
sz000551,创元科技,2000-10-12,11.2,11.26,10.96,11.03,11.2,370000.0,4082464.5,1222060952.52,2666242125.82
sz000551,创元科技,2000-10-13,11.03,11.03,10.88,10.9,11.03,390600.0,4261828.5,1207657695.6,2634817694.6
sz000551,创元科技,2000-10-16,10.88,10.95,10.8,10.85,10.9,319300.0,3462074.4,1202117981.4,2622731374.9
sz000551,创元科技,2000-10-17,10.81,10.87,10.78,10.87,10.85,207900.0,2247826.6,1204333867.08,2627565902.78
sz000551,创元科技,2000-10-18,11.0,11.25,10.9,11.19,10.87,424600.0,4735195.9,1239788037.96,2704918348.86
sz000551,创元科技,2000-10-19,11.19,11.25,11.0,11.04,11.19,242700.0,2690269.8,1223168895.36,2668659389.76
sz000551,创元科技,2000-10-20,11.06,11.77,11.03,11.75,11.04,1826400.0,21075671.5,1301832837.0,2840285129.5
sz000551,创元科技,2000-10-23,11.86,12.2,11.7,11.98,11.75,2849100.0,34190514.9,1327315522.32,2895882200.12
sz000551,创元科技,2000-10-24,11.99,12.04,11.75,11.89,11.98,628000.0,7424487.2,1317344036.76,2874126824.66
sz000551,创元科技,2000-10-25,11.91,12.08,11.85,11.9,11.89,619400.0,7388726.2,1318451979.6,2876544088.6
sz000551,创元科技,2000-10-26,12.0,12.0,11.6,11.69,11.9,411300.0,4855426.8,1295185179.96,2825781545.86
sz000551,创元科技,2000-10-27,11.7,11.83,11.51,11.78,11.69,305300.0,3574718.8,1305156665.52,2847536921.32
sz000551,创元科技,2000-10-31,11.78,12.0,11.55,11.7,11.78,316400.0,3749454.9,1296293122.8,2828198809.8
sz000551,创元科技,2000-11-01,11.7,11.79,11.57,11.6,11.7,317300.0,3686581.6,1285213694.4,2804026170.4
sz000551,创元科技,2000-11-02,11.63,11.85,11.58,11.59,11.6,352000.0,4098285.6,1284105751.56,2801608906.46
sz000551,创元科技,2000-11-03,11.6,11.7,11.45,11.47,11.59,329500.0,3793629.8,1270810437.48,2772601739.18
sz000551,创元科技,2000-11-06,11.45,11.6,11.36,11.56,11.47,373200.0,4285418.2,1280781923.04,2794357114.64
sz000551,创元科技,2000-11-07,11.62,11.62,11.5,11.55,11.56,312900.0,3603669.6,1279673980.2,2791939850.7
sz000551,创元科技,2000-11-08,11.56,11.85,11.56,11.84,11.55,412200.0,4828274.7,1311804322.56,2862040504.96
sz000551,创元科技,2000-11-09,11.84,11.89,11.72,11.8,11.84,473900.0,5588632.7,1307372551.2,2852371449.2
sz000551,创元科技,2000-11-10,11.8,12.0,11.76,11.87,11.8,842500.0,10020825.7,1315128151.08,2869292296.78
sz000551,创元科技,2000-11-13,11.95,12.2,11.87,11.99,11.87,989200.0,11914828.5,1328423465.16,2898299464.06
sz000551,创元科技,2000-11-14,12.0,12.05,11.85,11.99,11.99,584300.0,6974976.9,1328423465.16,2898299464.06
sz000551,创元科技,2000-11-15,12.08,12.1,11.9,11.95,11.99,747700.0,8950088.3,1323991693.8,2888630408.3
sz000551,创元科技,2000-11-16,11.98,12.0,11.88,11.93,11.95,647900.0,7731077.3,1321775808.12,2883795880.42
sz000551,创元科技,2000-11-17,12.0,12.32,11.98,12.2,11.93,1478500.0,17970143.7,1351690264.8,2949062006.8
sz000551,创元科技,2000-11-20,12.27,12.53,12.21,12.41,12.2,1031152.0,12805755.6,1374957064.44,2999824549.54
sz000551,创元科技,2000-11-21,12.49,12.49,12.16,12.19,12.41,641760.0,7895166.9,1350582321.96,2946644742.86
sz000551,创元科技,2000-11-22,12.18,12.45,12.15,12.34,12.19,852026.0,10493893.4,1367201464.56,2982903701.96
sz000551,创元科技,2000-11-23,12.38,12.63,12.3,12.58,12.34,1177610.0,14718880.6,1393792092.72,3040918036.52
sz000551,创元科技,2000-11-24,12.58,12.64,11.8,12.05,12.58,1121611.0,13781804.7,1335071122.2,2912803047.7
sz000551,创元科技,2000-11-27,12.0,12.23,11.81,12.14,12.05,831204.0,10064235.2,1345042607.76,2934558423.16
sz000551,创元科技,2000-11-28,12.14,12.25,12.03,12.17,12.14,502765.0,6098210.9,1348366436.28,2941810214.98
sz000551,创元科技,2000-11-29,12.2,12.32,12.1,12.23,12.17,290543.0,3539259.2,1355014093.32,2956313798.62
sz000551,创元科技,2000-11-30,12.35,12.35,12.18,12.29,12.23,478352.0,5864930.5,1361661750.36,2970817382.26
sz000551,创元科技,2000-12-01,12.33,12.48,12.3,12.46,12.29,667036.0,8258769.6,1380496778.64,3011910869.24
sz000551,创元科技,2000-12-04,12.46,12.66,12.41,12.6,12.46,909403.0,11426046.0,1396007978.4,3045752564.4
sz000551,创元科技,2000-12-05,12.6,12.71,12.52,12.56,12.6,712794.0,9001493.6,1391576207.04,3036083508.64
sz000551,创元科技,2000-12-06,12.5,12.57,12.27,12.3,12.56,645200.0,8017603.6,1362769693.2,2973234646.2
sz000551,创元科技,2000-12-07,12.27,12.3,12.16,12.19,12.3,447736.0,5467405.4,1350582321.96,2946644742.86
sz000551,创元科技,2000-12-08,12.2,12.28,12.11,12.18,12.19,384930.0,4685926.5,1349474379.12,2944227478.92
sz000551,创元科技,2000-12-11,12.18,12.18,11.94,11.99,12.18,555300.0,6676460.0,1328423465.16,2898299464.06
sz000551,创元科技,2000-12-12,11.91,12.05,11.86,12.05,11.99,373134.0,4463727.5,1335071122.2,2912803047.7
sz000551,创元科技,2000-12-13,12.06,12.08,12.01,12.04,12.05,231417.0,2790324.7,1333963179.36,2910385783.76
sz000551,创元科技,2000-12-14,12.04,12.1,11.95,11.96,12.04,268300.0,3220354.0,1325099636.64,2891047672.24
sz000551,创元科技,2000-12-15,12.0,12.0,11.85,11.91,11.96,238035.0,2833945.1,1319559922.44,2878961352.54
sz000551,创元科技,2000-12-18,11.91,11.95,11.68,11.77,11.91,452313.0,5316096.7,1304048722.68,2845119657.38
sz000551,创元科技,2000-12-19,11.78,11.99,11.78,11.9,11.77,191700.0,2283636.4,1318451979.6,2876544088.6
sz000551,创元科技,2000-12-20,11.98,12.22,11.79,12.15,11.9,418869.0,5043591.5,1346150550.6,2936975687.1
sz000551,创元科技,2000-12-21,12.2,12.45,12.15,12.16,12.15,387044.0,4750139.1,1347258493.44,2939392951.04
sz000551,创元科技,2000-12-22,12.16,12.19,12.0,12.16,12.16,363165.0,4399523.2,1347258493.44,2939392951.04
sz000551,创元科技,2000-12-25,12.4,12.4,12.13,12.23,12.16,444747.0,5438594.4,1355014093.32,2956313798.62
sz000551,创元科技,2000-12-26,12.25,12.45,12.25,12.32,12.23,343084.0,4229094.4,1364985578.88,2978069174.08
sz000551,创元科技,2000-12-27,12.35,12.35,12.13,12.15,12.32,303000.0,3711387.0,1346150550.6,2936975687.1
sz000551,创元科技,2000-12-28,12.1,12.42,12.04,12.34,12.15,474290.0,5849326.5,1367201464.56,2982903701.96
sz000551,创元科技,2001-01-02,12.46,12.66,12.42,12.56,12.34,769957.0,9672720.4,1391576207.04,3036083508.64
sz000551,创元科技,2001-01-03,12.56,12.65,12.5,12.53,12.56,538587.0,6749492.2,1388252378.52,3028831716.82
sz000551,创元科技,2001-01-04,12.55,12.6,12.39,12.43,12.53,412273.0,5124895.5,1377172950.12,3004659077.42
sz000551,创元科技,2001-01-05,12.5,12.77,12.31,12.62,12.43,778014.0,9779237.9,1398223864.08,3050587092.28
sz000551,创元科技,2001-01-08,12.62,12.75,12.45,12.5,12.62,611075.0,7664389.3,1384928550.0,3021579925.0
sz000551,创元科技,2001-01-09,12.45,12.52,12.32,12.39,12.5,609149.0,7556945.1,1372741178.76,2994990021.66
sz000551,创元科技,2001-01-10,12.38,12.75,12.38,12.66,12.39,939085.0,11752323.1,1402655635.44,3060256148.04
sz000551,创元科技,2001-01-11,12.66,13.16,12.66,12.9,12.66,1929966.0,25048925.9,1429246263.6,3118270482.6
sz000551,创元科技,2001-01-12,12.91,13.15,12.76,12.79,12.9,911906.0,11820144.0,1417058892.36,3091680579.26
sz000551,创元科技,2001-01-15,12.8,12.81,12.42,12.43,12.79,823634.0,10361871.3,1377172950.12,3004659077.42
sz000551,创元科技,2001-01-16,12.4,12.6,12.3,12.59,12.43,439899.0,5467174.3,1394900035.56,3043335300.46
sz000551,创元科技,2001-01-17,12.6,12.61,12.41,12.43,12.59,195662.0,2444236.9,1377172950.12,3004659077.42
sz000551,创元科技,2001-01-18,12.43,12.53,12.36,12.5,12.43,321742.0,4011158.5,1384928550.0,3021579925.0
sz000551,创元科技,2001-01-19,12.56,12.67,12.51,12.61,12.5,387605.0,4883161.5,1397115921.24,3048169828.34
sz000551,创元科技,2001-02-05,12.61,12.75,12.4,12.5,12.61,253775.0,3198968.9,1384928550.0,3021579925.0
sz000551,创元科技,2001-02-06,12.48,12.49,12.15,12.34,12.5,297473.0,3656351.0,1367201464.56,2982903701.96
sz000551,创元科技,2001-02-07,12.4,12.4,12.24,12.24,12.34,174637.0,2147879.9,1356122036.16,2958731062.56
sz000551,创元科技,2001-02-08,12.23,12.23,11.78,11.84,12.24,429674.0,5131778.2,1311804322.56,2862040504.96
sz000551,创元科技,2001-02-09,11.8,12.0,11.78,11.95,11.84,328716.0,3917424.2,1323991693.8,2888630408.3
sz000551,创元科技,2001-02-12,11.95,11.95,11.8,11.85,11.95,213605.0,2528530.7,1312912265.4,2864457768.9
sz000551,创元科技,2001-02-13,11.84,12.01,11.78,11.87,11.85,224818.0,2677790.1,1315128151.08,2869292296.78
sz000551,创元科技,2001-02-14,11.87,11.9,11.51,11.81,11.87,303774.0,3574601.5,1308480494.04,2854788713.14
sz000551,创元科技,2001-02-15,11.8,11.86,11.52,11.59,11.81,192962.0,2247808.4,1284105751.56,2801608906.46
sz000551,创元科技,2001-02-16,11.59,11.62,11.41,11.45,11.59,286179.0,3284867.7,1268594551.8,2767767211.3
sz000551,创元科技,2001-02-19,11.45,11.6,11.36,11.59,11.45,219786.0,2515477.6,1284105751.56,2801608906.46
sz000551,创元科技,2001-02-20,11.6,11.78,11.5,11.54,11.59,204530.0,2380811.9,1278566037.36,2789522586.76
sz000551,创元科技,2001-02-21,11.5,11.52,11.17,11.18,11.54,295200.0,3331876.0,1238680095.12,2702501084.92
sz000551,创元科技,2001-02-22,11.16,11.3,11.1,11.21,11.18,184700.0,2069756.6,1242003923.64,2709752876.74
sz000551,创元科技,2001-02-23,11.22,11.33,11.1,11.3,11.21,163013.0,1830261.4,1251975409.2,2731508252.2
sz000551,创元科技,2001-02-26,11.28,11.55,11.28,11.54,11.3,210652.0,2395757.6,1278566037.36,2789522586.76
sz000551,创元科技,2001-02-27,11.56,11.6,11.46,11.54,11.54,166986.0,1923704.4,1278566037.36,2789522586.76
sz000551,创元科技,2001-02-28,11.58,11.58,11.4,11.4,11.54,118850.0,1360659.0,1263054837.6,2755680891.6
sz000551,创元科技,2001-03-01,11.4,11.53,11.4,11.52,11.4,122698.0,1410474.1,1276350151.68,2784688058.88
sz000551,创元科技,2001-03-02,11.53,11.68,11.53,11.66,11.52,159618.0,1854995.3,1291861351.44,2818529754.04
sz000551,创元科技,2001-03-05,11.66,11.7,11.54,11.55,11.66,190190.0,2204720.5,1279673980.2,2791939850.7
sz000551,创元科技,2001-03-06,11.54,11.54,11.35,11.37,11.55,210900.0,2407051.0,1259731009.08,2748429099.78
sz000551,创元科技,2001-03-07,11.36,11.54,11.36,11.42,11.37,190900.0,2186696.0,1265270723.28,2760515419.48
sz000551,创元科技,2001-03-08,11.42,11.55,11.41,11.52,11.42,180210.0,2064158.5,1276350151.68,2784688058.88
sz000551,创元科技,2001-03-09,11.52,11.88,11.52,11.79,11.52,934634.0,10969508.5,1306264608.36,2849954185.26
sz000551,创元科技,2001-03-12,11.8,11.84,11.6,11.69,11.79,265396.0,3105962.4,1295185179.96,2825781545.86
sz000551,创元科技,2001-03-13,11.73,11.75,11.6,11.62,11.69,730106.0,8493947.6,1287429580.08,2808860698.28
sz000551,创元科技,2001-03-14,11.55,11.69,11.55,11.63,11.62,183340.0,2131972.4,1288537522.92,2811277962.22
sz000551,创元科技,2001-03-15,11.6,11.8,11.6,11.79,11.63,346494.0,4041932.7,1306264608.36,2849954185.26
sz000551,创元科技,2001-03-16,11.75,11.79,11.68,11.71,11.79,208706.0,2443821.3,1297401065.64,2830616073.74
sz000551,创元科技,2001-03-19,11.7,11.94,11.6,11.82,11.71,572329.0,6723109.3,1309588436.88,2857205977.08
sz000551,创元科技,2001-03-20,11.82,12.08,11.8,12.03,11.82,638544.0,7668207.1,1332855236.52,2907968519.82
sz000551,创元科技,2001-03-21,12.09,12.14,12.0,12.06,12.03,460841.0,5546829.5,1336179065.04,2915220311.64
sz000551,创元科技,2001-03-22,12.08,12.35,12.07,12.3,12.06,1120954.0,13659239.0,1362769693.2,2973234646.2
sz000551,创元科技,2001-03-23,12.45,12.69,12.32,12.32,12.3,3571355.0,44675042.8,1364985578.88,2978069174.08
sz000551,创元科技,2001-03-26,12.3,12.5,12.25,12.46,12.32,643724.0,7965784.4,1380496778.64,3011910869.24
sz000551,创元科技,2001-03-27,12.55,12.57,12.4,12.47,12.46,529814.0,6608481.0,1381604721.48,3014328133.18
sz000551,创元科技,2001-03-28,12.48,12.5,12.25,12.29,12.47,594508.0,7338017.4,1361661750.36,2970817382.26
sz000551,创元科技,2001-03-29,12.3,12.48,12.26,12.28,12.29,416720.0,5133745.0,1360553807.52,2968400118.32
sz000551,创元科技,2001-03-30,12.28,12.3,12.18,12.21,12.28,520699.0,6356181.2,1352798207.64,2951479270.74
sz000551,创元科技,2001-04-02,12.21,12.4,12.21,12.28,12.21,499072.0,6129488.9,1360553807.52,2968400118.32
sz000551,创元科技,2001-04-03,12.3,12.35,12.08,12.15,12.28,936700.0,11421024.8,1346150550.6,2936975687.1
sz000551,创元科技,2001-04-04,12.1,12.25,11.9,11.97,12.15,476100.0,5772665.2,1326207579.48,2893464936.18
sz000551,创元科技,2001-04-05,11.96,12.32,11.87,12.27,11.97,611544.0,7403783.9,1359445864.68,2965982854.38
sz000551,创元科技,2001-04-06,12.28,12.35,12.21,12.3,12.27,418125.0,5138550.3,1362769693.2,2973234646.2
sz000551,创元科技,2001-04-09,12.3,12.35,12.11,12.19,12.3,476481.0,5808933.9,1350582321.96,2946644742.86
sz000551,创元科技,2001-04-10,12.3,12.45,12.17,12.36,12.19,474450.0,5838480.5,1369417350.24,2987738229.84
sz000551,创元科技,2001-04-11,12.35,12.36,12.25,12.27,12.36,274940.0,3381685.0,1359445864.68,2965982854.38
sz000551,创元科技,2001-04-12,12.27,12.36,12.2,12.22,12.27,517556.0,6367691.5,1353906150.48,2953896534.68
sz000551,创元科技,2001-04-13,12.23,12.3,12.13,12.21,12.22,310250.0,3783325.5,1352798207.64,2951479270.74
sz000551,创元科技,2001-04-16,12.21,12.35,12.18,12.34,12.21,937211.0,11489573.1,1367201464.56,2982903701.96
sz000551,创元科技,2001-04-17,12.4,12.48,12.2,12.48,12.34,1287111.0,15889703.4,1382712664.32,3016745397.12
sz000551,创元科技,2001-04-18,12.5,12.54,12.34,12.37,12.48,481758.0,5972576.9,1370525293.08,2990155493.78
sz000551,创元科技,2001-04-19,12.37,12.37,12.15,12.29,12.37,413884.0,5059875.9,1361661750.36,2970817382.26
sz000551,创元科技,2001-04-20,12.35,12.65,12.0,12.32,12.29,2231410.0,27721025.6,1364985578.88,2978069174.08
sz000551,创元科技,2001-04-23,12.21,12.38,12.12,12.16,12.32,509950.0,6225170.3,1347258493.44,2939392951.04
sz000551,创元科技,2001-04-24,12.17,12.22,12.12,12.2,12.16,409100.0,4977000.0,1351690264.8,2949062006.8
sz000551,创元科技,2001-04-25,12.21,12.21,11.84,11.91,12.2,868026.0,10425755.7,1319559922.44,2878961352.54
sz000551,创元科技,2001-04-26,11.88,11.99,11.73,11.73,11.91,593200.0,7054760.0,1299616951.32,2835450601.62
sz000551,创元科技,2001-04-27,11.73,11.88,11.73,11.81,11.73,220119.0,2601476.6,1308480494.04,2854788713.14
sz000551,创元科技,2001-04-30,11.8,11.85,11.77,11.78,11.81,295800.0,3492000.0,1305156665.52,2847536921.32
sz000551,创元科技,2001-05-08,11.95,11.98,11.8,11.92,11.78,151170.0,1799372.7,1320667865.28,2881378616.48
sz000551,创元科技,2001-05-09,11.92,11.92,11.79,11.83,11.92,237266.0,2807490.9,1310696379.72,2859623241.02
sz000551,创元科技,2001-05-10,11.82,11.96,11.78,11.96,11.83,349600.0,4134000.0,1325099636.64,2891047672.24
sz000551,创元科技,2001-05-11,12.03,12.03,11.86,11.9,11.96,257740.0,3072857.0,1318451979.6,2876544088.6
sz000551,创元科技,2001-05-14,11.95,11.95,11.8,11.95,11.9,431945.0,5124581.8,1323991693.8,2888630408.3
sz000551,创元科技,2001-05-15,12.0,12.23,11.98,12.15,11.95,507816.0,6163574.0,1346150550.6,2936975687.1
sz000551,创元科技,2001-05-16,12.22,12.45,12.21,12.37,12.15,817100.0,10060160.2,1370525293.08,2990155493.78
sz000551,创元科技,2001-05-17,12.37,12.39,12.21,12.21,12.37,445546.0,5474330.5,1352798207.64,2951479270.74
sz000551,创元科技,2001-05-18,12.22,12.3,12.08,12.14,12.21,557860.0,6764878.1,1345042607.76,2934558423.16
sz000551,创元科技,2001-05-21,12.2,12.25,12.05,12.14,12.14,469864.0,5683633.4,1345042607.76,2934558423.16
sz000551,创元科技,2001-05-22,12.14,12.2,12.05,12.14,12.14,398855.0,4849437.8,1345042607.76,2934558423.16
sz000551,创元科技,2001-05-23,12.12,12.12,11.85,11.9,12.14,573032.0,6847766.8,1318451979.6,2876544088.6
sz000551,创元科技,2001-05-24,11.9,11.96,11.85,11.85,11.9,698200.0,8306840.4,1312912265.4,2864457768.9
sz000551,创元科技,2001-05-25,11.98,12.27,11.93,12.17,11.85,548584.0,6666919.1,1348366436.28,2941810214.98
sz000551,创元科技,2001-05-28,12.18,12.28,11.98,12.0,12.17,351600.0,4257707.1,1329531408.0,2900716728.0
sz000551,创元科技,2001-05-29,11.91,12.15,11.9,12.01,12.0,224792.0,2694566.4,1330639350.84,2903133991.94
sz000551,创元科技,2001-05-30,12.0,12.09,11.98,12.05,12.01,802498.0,9647127.3,1335071122.2,2912803047.7
sz000551,创元科技,2001-05-31,12.05,12.33,12.05,12.27,12.05,1145917.0,13999845.0,1359445864.68,2965982854.38
sz000551,创元科技,2001-06-01,12.28,12.4,12.15,12.28,12.27,477628.0,5842594.5,1360553807.52,2968400118.32
sz000551,创元科技,2001-06-04,12.28,12.48,12.18,12.41,12.28,1071563.0,13248575.1,1374957064.44,2999824549.54
sz000551,创元科技,2001-06-05,12.42,12.58,12.42,12.54,12.41,1375458.0,17223994.3,1389360321.36,3031248980.76
sz000551,创元科技,2001-06-06,12.6,12.6,12.42,12.51,12.54,849622.0,10623957.7,1386036492.84,3023997188.94
sz000551,创元科技,2001-06-07,12.55,12.78,12.55,12.67,12.51,1705571.0,21647590.9,1403763578.28,3062673411.98
sz000551,创元科技,2001-06-08,12.7,12.79,12.53,12.62,12.67,1179209.0,14936672.0,1398223864.08,3050587092.28
sz000551,创元科技,2001-06-11,12.69,12.7,12.45,12.48,12.62,701350.0,8805032.6,1382712664.32,3016745397.12
sz000551,创元科技,2001-06-12,12.5,12.69,12.45,12.55,12.48,648560.0,8146663.6,1390468264.2,3033666244.7
sz000551,创元科技,2001-06-13,12.56,12.9,12.56,12.89,12.55,1671603.0,21433564.3,1428138320.76,3115853218.66
sz000551,创元科技,2001-06-14,12.99,12.99,12.59,12.59,12.89,1070888.0,13715877.2,1394900035.56,3043335300.46
sz000551,创元科技,2001-06-15,12.58,12.83,12.5,12.6,12.59,695468.0,8780585.4,1396007978.4,3045752564.4
sz000551,创元科技,2001-06-18,12.7,12.9,12.61,12.84,12.6,1696239.0,21682228.2,1422598606.56,3103766898.96
sz000551,创元科技,2001-06-19,12.78,12.94,12.72,12.79,12.84,622019.0,7968580.4,1417058892.36,3091680579.26
sz000551,创元科技,2001-06-20,12.79,12.9,12.66,12.7,12.79,502975.0,6423562.8,1407087406.8,3069925203.8
sz000551,创元科技,2001-06-21,12.7,12.84,12.54,12.79,12.7,650581.0,8275195.9,1417058892.36,3091680579.26
sz000551,创元科技,2001-06-22,12.88,13.15,12.88,13.1,12.79,2865963.0,37436945.3,1451405120.4,3166615761.4
sz000551,创元科技,2001-06-25,13.15,13.2,13.08,13.14,13.1,1488665.0,19581002.1,1455836891.76,3176284817.16
sz000551,创元科技,2001-06-27,13.25,13.26,13.02,13.12,13.14,1236719.0,16266677.0,1453621006.08,3171450289.28
sz000551,创元科技,2001-06-28,12.51,12.95,12.51,12.59,13.12,2554282.0,32480830.6,1394900035.56,3043335300.46
sz000551,创元科技,2001-06-29,12.55,12.55,12.21,12.3,12.59,2044712.0,25295196.7,1362769693.2,2973234646.2
sz000551,创元科技,2001-07-02,12.25,12.48,12.15,12.33,12.3,842823.0,10360041.6,1366093521.72,2980486438.02
sz000551,创元科技,2001-07-03,12.5,12.5,12.35,12.45,12.33,305498.0,3790831.7,1379388835.8,3009493605.3
sz000551,创元科技,2001-07-04,12.45,12.49,12.25,12.31,12.45,385136.0,4754951.2,1363877636.04,2975651910.14
sz000551,创元科技,2001-07-05,12.29,12.31,12.2,12.23,12.31,345225.0,4220802.1,1355014093.32,2956313798.62
sz000551,创元科技,2001-07-06,12.22,12.46,12.2,12.3,12.23,265560.0,3265570.0,1362769693.2,2973234646.2
sz000551,创元科技,2001-07-09,12.27,12.36,12.25,12.27,12.3,234350.0,2883727.0,1359445864.68,2965982854.38
sz000551,创元科技,2001-07-10,12.35,12.36,12.28,12.32,12.27,319996.0,3941948.4,1364985578.88,2978069174.08
sz000551,创元科技,2001-07-11,12.32,12.47,12.32,12.46,12.32,418796.0,5195467.2,1380496778.64,3011910869.24
sz000551,创元科技,2001-07-12,12.46,12.5,12.3,12.34,12.46,255676.0,3160766.0,1367201464.56,2982903701.96
sz000551,创元科技,2001-07-13,12.45,12.45,12.08,12.08,12.34,599200.0,7298054.9,1338394950.72,2920054839.52
sz000551,创元科技,2001-07-16,12.1,12.2,11.76,11.77,12.08,828845.0,9862856.8,1304048722.68,2845119657.38
sz000551,创元科技,2001-07-17,11.77,11.91,11.67,11.8,11.77,428264.0,5043434.3,1307372551.2,2852371449.2
sz000551,创元科技,2001-07-18,11.8,11.92,11.78,11.9,11.8,281213.0,3325909.1,1318451979.6,2876544088.6
sz000551,创元科技,2001-07-19,11.9,11.91,11.75,11.81,11.9,254200.0,3004318.0,1308480494.04,2854788713.14
sz000551,创元科技,2001-07-20,11.85,11.95,11.68,11.95,11.81,435468.0,5154620.0,1323991693.8,2888630408.3
sz000551,创元科技,2001-07-23,11.9,12.0,11.81,11.85,11.95,341290.0,4061601.7,1312912265.4,2864457768.9
sz000551,创元科技,2001-07-24,11.79,11.79,11.66,11.71,11.85,425620.0,4988107.7,1297401065.64,2830616073.74
sz000551,创元科技,2001-07-25,11.69,11.81,11.5,11.52,11.71,311400.0,3609589.2,1276350151.68,2784688058.88
sz000551,创元科技,2001-07-26,11.53,11.57,11.2,11.23,11.52,436750.0,4939794.7,1244219809.32,2714587404.62
sz000551,创元科技,2001-07-27,11.23,11.35,11.18,11.2,11.23,320263.0,3600485.0,1240895980.8,2707335612.8
sz000551,创元科技,2001-07-31,10.85,10.98,10.08,10.08,11.2,754300.0,7686217.5,1116806382.72,2436602051.52
sz000551,创元科技,2001-08-01,10.06,10.45,10.05,10.39,10.08,447746.0,4592092.1,1151152610.76,2511537233.66
sz000551,创元科技,2001-08-02,10.38,10.39,9.97,10.12,10.39,351692.0,3551503.6,1121238154.08,2446271107.28
sz000551,创元科技,2001-08-03,10.13,10.2,10.0,10.19,10.12,328828.0,3318703.9,1128993753.96,2463191954.86
sz000551,创元科技,2001-08-06,10.15,10.15,9.4,9.42,10.19,507650.0,4951399.0,1043682155.28,2277062631.48
sz000551,创元科技,2001-08-07,9.4,9.84,9.3,9.68,9.42,363747.0,3447324.2,1072488669.12,2339911493.92
sz000551,创元科技,2001-08-08,9.7,9.7,9.42,9.5,9.68,291019.0,2786448.9,1052545698.0,2296400743.0
sz000551,创元科技,2001-08-09,9.5,9.82,9.5,9.81,9.5,218572.0,2123176.4,1086891926.04,2371335925.14
sz000551,创元科技,2001-08-10,9.91,10.1,9.85,10.04,9.81,454802.0,4554203.4,1112374611.36,2426932995.76
sz000551,创元科技,2001-08-13,10.01,10.16,9.88,10.06,10.04,307788.0,3080814.5,1114590497.04,2431767523.64
sz000551,创元科技,2001-08-14,10.3,10.3,9.9,10.05,10.06,260012.0,2595402.5,1113482554.2,2429350259.7
sz000551,创元科技,2001-08-15,10.05,10.1,10.0,10.08,10.05,130800.0,1315511.4,1116806382.72,2436602051.52
sz000551,创元科技,2001-08-16,10.05,10.05,9.9,9.9,10.08,195493.0,1942185.7,1096863411.6,2393091300.6
sz000551,创元科技,2001-08-17,9.91,10.19,9.91,10.07,9.9,344713.0,3472310.7,1115698439.88,2434184787.58
sz000551,创元科技,2001-08-20,10.1,10.24,10.1,10.15,10.07,178300.0,1815011.0,1124561982.6,2453522899.1
sz000551,创元科技,2001-08-21,10.15,10.18,10.02,10.16,10.15,241495.0,2448490.4,1125669925.44,2455940163.04
sz000551,创元科技,2001-08-22,10.11,10.16,9.95,9.96,10.16,397600.0,3988044.0,1103511068.64,2407594884.24
sz000551,创元科技,2001-08-23,9.85,9.99,9.66,9.97,9.96,138039.0,1365179.5,1104619011.48,2410012148.18
sz000551,创元科技,2001-08-24,9.97,10.02,9.85,9.88,9.97,87404.0,867892.0,1094647525.92,2388256772.72
sz000551,创元科技,2001-08-27,9.87,9.87,9.58,9.58,9.88,183580.0,1772527.4,1061409240.72,2315738854.52
sz000551,创元科技,2001-08-28,9.48,9.7,9.43,9.69,9.58,184256.0,1754272.3,1073596611.96,2342328757.86
sz000551,创元科技,2001-08-29,9.71,10.0,9.65,9.78,9.69,178500.0,1760576.1,1083568097.52,2364084133.32
sz000551,创元科技,2001-08-30,9.81,9.81,9.61,9.65,9.78,60709.0,590670.8,1069164840.6,2332659702.1
sz000551,创元科技,2001-08-31,9.65,9.75,9.63,9.67,9.65,78200.0,757277.9,1071380726.28,2337494229.98
sz000551,创元科技,2001-09-03,9.65,9.83,9.65,9.79,9.65,84661.0,823712.9,1084676040.36,2366501397.26
sz000551,创元科技,2001-09-04,9.79,10.0,9.7,9.98,9.79,417720.0,4122991.6,1105726954.32,2412429412.12
sz000551,创元科技,2001-09-05,10.05,10.27,9.98,10.12,9.98,534040.0,5410194.6,1121238154.08,2446271107.28
sz000551,创元科技,2001-09-06,10.12,10.25,10.05,10.18,10.12,280658.0,2845401.6,1127885811.12,2460774690.92
sz000551,创元科技,2001-09-07,10.11,10.15,9.7,9.73,10.18,283328.0,2790240.2,1078028383.32,2351997813.62
sz000551,创元科技,2001-09-10,9.72,10.01,9.46,9.94,9.73,353581.0,3448295.8,1101295182.96,2402760356.36
sz000551,创元科技,2001-09-11,9.89,10.09,9.8,9.99,9.94,201200.0,2003762.0,1106834897.16,2414846676.06
sz000551,创元科技,2001-09-12,9.5,9.9,9.5,9.74,9.99,426752.0,4131782.7,1079136326.16,2354415077.56
sz000551,创元科技,2001-09-13,9.61,9.93,9.61,9.7,9.74,123000.0,1202962.0,1074704554.8,2344746021.8
sz000551,创元科技,2001-09-14,9.76,9.77,9.45,9.5,9.7,431500.0,4111283.0,1052545698.0,2296400743.0
sz000551,创元科技,2001-09-17,9.45,9.5,9.3,9.33,9.5,182300.0,1708403.0,1033710669.72,2255307256.02
sz000551,创元科技,2001-09-19,9.5,9.56,9.3,9.52,9.33,119339.0,1122295.1,1054761583.68,2301235270.88
sz000551,创元科技,2001-09-20,9.64,9.69,9.52,9.52,9.52,132300.0,1270934.0,1054761583.68,2301235270.88
sz000551,创元科技,2001-09-21,9.5,9.5,9.37,9.41,9.52,116991.0,1102713.6,1042574212.44,2274645367.54
sz000551,创元科技,2001-09-24,9.38,9.42,9.33,9.4,9.41,96350.0,903220.0,1041466269.6,2272228103.6
sz000551,创元科技,2001-09-25,9.41,9.5,9.36,9.37,9.4,86536.0,815582.0,1038142441.08,2264976311.78
sz000551,创元科技,2001-09-26,9.35,9.5,9.3,9.32,9.37,106470.0,995183.4,1032602726.88,2252889992.08
sz000551,创元科技,2001-09-27,9.32,9.35,9.0,9.11,9.32,247000.0,2238408.2,1009335927.24,2202127449.34
sz000551,创元科技,2001-09-28,9.09,9.1,8.45,8.65,9.11,357790.0,3109337.8,958370556.6,2090933308.1
sz000551,创元科技,2001-10-08,8.6,8.7,8.14,8.18,8.65,134400.0,1131873.0,906297243.12,1977321902.92
sz000551,创元科技,2001-10-09,8.17,8.47,8.15,8.42,8.18,99738.0,830403.5,932887871.28,2035336237.48
sz000551,创元科技,2001-10-10,8.42,8.49,8.06,8.12,8.42,157299.0,1288205.1,899649586.08,1962818319.28
sz000551,创元科技,2001-10-11,8.2,8.35,8.03,8.05,8.12,185633.0,1513198.3,891893986.2,1945897471.7
sz000551,创元科技,2001-10-12,8.07,8.48,7.9,8.38,8.05,313100.0,2577327.4,928456099.92,2025667181.72
sz000551,创元科技,2001-10-15,8.35,8.51,8.25,8.39,8.38,132384.0,1113482.6,929564042.76,2028084445.66
sz000551,创元科技,2001-10-16,8.49,8.49,8.18,8.2,8.39,85940.0,710041.8,908513128.8,1982156430.8
sz000551,创元科技,2001-10-17,8.16,8.26,8.11,8.2,8.2,81500.0,668132.0,908513128.8,1982156430.8
sz000551,创元科技,2001-10-18,8.2,8.2,7.88,7.95,8.2,166898.0,1333852.3,880814557.8,1921724832.3
sz000551,创元科技,2001-10-19,7.95,7.95,7.4,7.51,7.95,272790.0,2076040.0,832065072.84,1815365218.94
sz000551,创元科技,2001-10-22,7.31,7.5,7.31,7.31,7.51,163600.0,1211373.9,809906216.04,1767019940.14
sz000551,创元科技,2001-10-23,8.03,8.04,7.76,8.04,7.31,652550.0,5224937.3,890786043.36,1943480207.76
sz000551,创元科技,2001-10-24,8.43,8.8,8.29,8.65,8.04,1218745.0,10395818.0,958370556.6,2090933308.1
sz000551,创元科技,2001-10-25,8.6,8.6,8.3,8.32,8.65,315214.0,2661331.7,921808442.88,2011163598.08
sz000551,创元科技,2001-10-26,8.32,8.38,8.09,8.25,8.32,171098.0,1405563.5,914052843.0,1994242750.5
sz000551,创元科技,2001-10-29,8.26,8.37,8.23,8.37,8.25,203751.0,1686134.4,927348157.08,2023249917.78
sz000551,创元科技,2001-10-30,8.37,8.37,8.2,8.27,8.37,102040.0,843885.4,916268728.68,1999077278.38
sz000551,创元科技,2001-10-31,8.25,8.3,8.1,8.3,8.27,123868.0,1009698.6,919592557.2,2006329070.2
sz000551,创元科技,2001-11-01,8.3,8.4,8.24,8.34,8.3,150310.0,1254261.9,924024328.56,2015998125.96
sz000551,创元科技,2001-11-02,8.37,8.43,8.25,8.34,8.34,145500.0,1213437.6,924024328.56,2015998125.96
sz000551,创元科技,2001-11-05,8.28,8.32,8.13,8.19,8.34,92616.0,760941.6,907405185.96,1979739166.86
sz000551,创元科技,2001-11-06,8.19,8.28,8.15,8.2,8.19,103890.0,851649.2,908513128.8,1982156430.8
sz000551,创元科技,2001-11-07,8.2,8.23,7.62,7.64,8.2,235551.0,1850875.4,846468329.76,1846789650.16
sz000551,创元科技,2001-11-08,7.5,7.88,7.31,7.71,7.64,161712.0,1224516.0,854223929.64,1863710497.74
sz000551,创元科技,2001-11-09,7.7,7.89,7.52,7.79,7.71,224871.0,1730234.9,863087472.36,1883048609.26
sz000551,创元科技,2001-11-12,7.9,7.9,7.65,7.72,7.79,60100.0,466448.0,855331872.48,1866127761.68
sz000551,创元科技,2001-11-13,7.65,7.7,7.53,7.62,7.72,84649.0,646753.9,844252444.08,1841955122.28
sz000551,创元科技,2001-11-14,7.68,7.75,7.63,7.7,7.62,61000.0,469036.0,853115986.8,1861293233.8
sz000551,创元科技,2001-11-15,7.8,7.8,7.68,7.76,7.7,50000.0,386357.5,859763643.84,1875796817.44
sz000551,创元科技,2001-11-16,8.3,8.48,7.9,7.95,7.76,390599.0,3189072.8,880814557.8,1921724832.3
sz000551,创元科技,2001-11-19,7.98,8.18,7.98,8.11,7.95,113266.0,913075.5,898541643.24,1960401055.34
sz000551,创元科技,2001-11-20,8.15,8.75,8.15,8.58,8.11,1144449.0,9797021.9,950614956.72,2074012460.52
sz000551,创元科技,2001-11-21,8.58,8.69,8.46,8.6,8.58,459281.0,3946450.0,952830842.4,2078846988.4
sz000551,创元科技,2001-11-22,8.59,8.78,8.59,8.74,8.6,452905.0,3948659.3,968342042.16,2112688683.56
sz000551,创元科技,2001-11-23,8.74,8.76,8.53,8.75,8.74,330087.0,2867821.9,969449985.0,2115105947.5
sz000551,创元科技,2001-11-26,8.75,8.75,8.57,8.62,8.75,290489.0,2503746.5,955046728.08,2083681516.28
sz000551,创元科技,2001-11-27,8.63,8.7,8.53,8.7,8.62,150571.0,1299561.6,963910270.8,2103019627.8
sz000551,创元科技,2001-11-28,8.68,9.08,8.68,8.94,8.7,825971.0,7394291.9,990500898.96,2161033962.36
sz000551,创元科技,2001-11-29,8.94,9.05,8.88,8.97,8.94,343408.0,3083963.0,993824727.48,2168285754.18
sz000551,创元科技,2001-11-30,8.98,9.2,8.98,9.19,8.97,395589.0,3591340.5,1018199469.96,2221465560.86
sz000551,创元科技,2001-12-03,9.23,9.24,9.12,9.18,9.19,412770.0,3784960.5,1017091527.12,2219048296.92
sz000551,创元科技,2001-12-04,9.18,9.28,9.02,9.27,9.18,518461.0,4723932.7,1027063012.68,2240803672.38
sz000551,创元科技,2001-12-05,9.1,9.22,8.99,9.0,9.27,458874.0,4175491.7,997148556.0,2175537546.0
sz000551,创元科技,2001-12-06,8.98,9.1,8.95,9.05,9.0,265037.0,2391586.3,1002688270.2,2187623865.7
sz000551,创元科技,2001-12-07,9.09,9.1,8.98,9.02,9.05,179819.0,1622408.4,999364441.68,2180372073.88
sz000551,创元科技,2001-12-10,8.9,9.0,8.8,8.98,9.02,258183.0,2296298.2,994932670.32,2170703018.12
sz000551,创元科技,2001-12-11,8.99,8.99,8.82,8.83,8.98,198000.0,1757175.0,978313527.72,2134444059.02
sz000551,创元科技,2001-12-12,8.76,8.85,8.65,8.66,8.83,283430.0,2475432.8,959478499.44,2093350572.04
sz000551,创元科技,2001-12-13,8.65,8.75,8.47,8.48,8.66,374093.0,3239347.4,939535528.32,2049839821.12
sz000551,创元科技,2001-12-14,8.45,8.53,8.3,8.34,8.48,262500.0,2194855.0,924024328.56,2015998125.96
sz000551,创元科技,2001-12-17,8.33,8.5,8.3,8.41,8.34,198223.0,1661147.8,931779928.44,2032918973.54
sz000551,创元科技,2001-12-18,8.42,8.6,8.4,8.6,8.41,277907.0,2354174.8,952830842.4,2078846988.4
sz000551,创元科技,2001-12-19,8.5,8.55,8.35,8.49,8.6,259989.0,2203654.3,940643471.16,2052257085.06
sz000551,创元科技,2001-12-20,8.49,8.49,8.28,8.3,8.49,190680.0,1600903.9,919592557.2,2006329070.2
sz000551,创元科技,2001-12-21,8.3,8.36,8.27,8.31,8.3,75414.0,626491.3,920700500.04,2008746334.14
sz000551,创元科技,2001-12-24,8.3,8.33,8.09,8.1,8.31,84220.0,685928.8,897433700.4,1957983791.4
sz000551,创元科技,2001-12-25,8.1,8.16,7.96,8.09,8.1,112532.0,908672.9,896325757.56,1955566527.46
sz000551,创元科技,2001-12-26,8.2,8.2,8.02,8.17,8.09,122600.0,996127.5,905189300.28,1974904638.98
sz000551,创元科技,2001-12-27,8.18,8.21,8.08,8.08,8.17,100200.0,817087.0,895217814.72,1953149263.52
sz000551,创元科技,2001-12-28,8.09,8.15,8.05,8.15,8.08,158701.0,1283254.4,902973414.6,1970070111.1
sz000551,创元科技,2001-12-31,8.21,8.22,8.08,8.09,8.15,157942.0,1285619.4,896325757.56,1955566527.46
sz000551,创元科技,2002-01-04,8.09,8.09,7.96,7.97,8.09,84940.0,679491.3,883030443.48,1926559360.18
sz000551,创元科技,2002-01-07,7.75,7.97,7.7,7.88,7.97,74089.0,580751.3,873058957.92,1904803984.72
sz000551,创元科技,2002-01-08,7.82,7.92,7.81,7.81,7.88,60300.0,473962.3,865303358.04,1887883137.14
sz000551,创元科技,2002-01-09,7.8,7.89,7.75,7.85,7.81,94852.0,739338.1,869735129.4,1897552192.9
sz000551,创元科技,2002-01-10,7.78,7.96,7.65,7.88,7.85,247816.0,1915254.4,873058957.92,1904803984.72
sz000551,创元科技,2002-01-11,7.93,7.93,7.68,7.68,7.88,106600.0,825917.0,850900101.12,1856458705.92
sz000551,创元科技,2002-01-14,7.65,7.65,7.35,7.42,7.68,179760.0,1341568.9,822093587.28,1793609843.48
sz000551,创元科技,2002-01-15,7.42,7.46,7.25,7.28,7.42,142354.0,1048600.1,806582387.52,1759768148.32
sz000551,创元科技,2002-01-16,7.24,7.4,7.15,7.36,7.28,174680.0,1273498.7,815445930.24,1779106259.84
sz000551,创元科技,2002-01-17,7.3,7.3,6.62,6.67,7.36,486715.0,3347897.4,738997874.28,1612315047.98
sz000551,创元科技,2002-01-18,6.66,6.75,6.41,6.6,6.67,286597.0,1879265.1,731242274.4,1595394200.4
sz000551,创元科技,2002-01-21,6.52,6.52,6.05,6.05,6.6,356014.0,2188592.3,670305418.2,1462444683.7
sz000551,创元科技,2002-01-22,6.0,6.4,5.98,6.07,6.05,257799.0,1585706.5,672521303.88,1467279211.58
sz000551,创元科技,2002-01-23,6.1,6.65,6.02,6.6,6.07,401037.0,2542229.2,731242274.4,1595394200.4
sz000551,创元科技,2002-01-24,6.6,6.95,6.36,6.78,6.6,525445.0,3522464.9,751185245.52,1638904951.32
sz000551,创元科技,2002-01-25,6.71,6.95,6.69,6.91,6.78,474686.0,3258010.0,765588502.44,1670329382.54
sz000551,创元科技,2002-01-28,6.88,6.89,6.3,6.3,6.91,310999.0,2038041.7,698003989.2,1522876282.2
sz000551,创元科技,2002-01-29,6.4,6.65,6.4,6.62,6.3,120317.0,789790.4,733458160.08,1600228728.28
sz000551,创元科技,2002-01-30,6.6,6.75,6.55,6.7,6.62,166300.0,1108739.9,742321702.8,1619566839.8
sz000551,创元科技,2002-01-31,6.75,7.37,6.75,7.24,6.7,910951.0,6524568.8,802150616.16,1750099092.56
sz000551,创元科技,2002-02-01,7.18,7.4,7.18,7.24,7.24,474356.0,3459022.2,802150616.16,1750099092.56
sz000551,创元科技,2002-02-04,7.25,7.55,7.15,7.51,7.24,346402.0,2541546.3,832065072.84,1815365218.94
sz000551,创元科技,2002-02-05,7.45,7.58,7.32,7.47,7.51,252650.0,1886009.3,827633301.48,1805696163.18
sz000551,创元科技,2002-02-06,7.47,7.55,7.18,7.25,7.47,228920.0,1667868.8,803258559.0,1752516356.5
sz000551,创元科技,2002-02-07,7.2,7.81,7.2,7.69,7.25,602716.0,4612545.0,852008043.96,1858875969.86
sz000551,创元科技,2002-02-08,7.5,7.85,7.5,7.62,7.69,461300.0,3561372.2,844252444.08,1841955122.28
sz000551,创元科技,2002-02-25,7.96,7.98,7.68,7.75,7.62,571040.0,4425869.6,858655701.0,1873379553.5
sz000551,创元科技,2002-02-26,7.75,7.88,7.55,7.87,7.75,424126.0,3256958.0,871951015.08,1902386720.78
sz000551,创元科技,2002-02-27,7.95,8.1,7.93,7.96,7.87,652656.0,5239741.8,881922500.64,1924142096.24
sz000551,创元科技,2002-02-28,7.96,8.15,7.83,7.85,7.96,653380.0,5230462.3,869735129.4,1897552192.9
sz000551,创元科技,2002-03-01,7.8,7.9,7.68,7.73,7.85,360127.0,2794534.9,856439815.32,1868545025.62
sz000551,创元科技,2002-03-04,7.7,7.85,7.6,7.85,7.73,193901.0,1503859.2,869735129.4,1897552192.9
sz000551,创元科技,2002-03-05,7.94,8.11,7.8,8.04,7.85,514548.0,4120584.9,890786043.36,1943480207.76
sz000551,创元科技,2002-03-06,8.1,8.29,8.05,8.09,8.04,817956.0,6692786.7,896325757.56,1955566527.46
sz000551,创元科技,2002-03-07,8.06,8.3,8.05,8.3,8.09,772012.0,6313494.6,919592557.2,2006329070.2
sz000551,创元科技,2002-03-08,8.42,8.89,8.37,8.72,8.3,2261101.0,19467688.1,966126156.48,2107854155.68
sz000551,创元科技,2002-03-11,8.75,9.0,8.75,9.0,8.72,1697744.0,15085652.1,997148556.0,2175537546.0
sz000551,创元科技,2002-03-12,8.99,8.99,8.68,8.7,9.0,1206360.0,10664790.8,963910270.8,2103019627.8
sz000551,创元科技,2002-03-13,8.61,8.74,8.4,8.42,8.7,847981.0,7276585.2,932887871.28,2035336237.48
sz000551,创元科技,2002-03-14,8.38,8.84,8.38,8.82,8.42,657410.0,5624773.8,977205584.88,2132026795.08
sz000551,创元科技,2002-03-15,8.85,9.1,8.51,8.54,8.82,1352012.0,12048782.6,946183185.36,2064343404.76
sz000551,创元科技,2002-03-18,8.61,8.95,8.45,8.6,8.54,515628.0,4451347.4,952830842.4,2078846988.4
sz000551,创元科技,2002-03-19,8.6,8.86,8.5,8.8,8.6,419204.0,3652979.7,974989699.2,2127192267.2
sz000551,创元科技,2002-03-20,8.8,9.04,8.78,8.9,8.8,985737.0,8779229.2,986069127.6,2151364906.6
sz000551,创元科技,2002-03-21,8.94,9.05,8.85,8.9,8.9,492800.0,4406720.6,986069127.6,2151364906.6
sz000551,创元科技,2002-03-22,8.95,8.95,8.66,8.73,8.9,452100.0,3965580.3,967234099.32,2110271419.62
sz000551,创元科技,2002-03-25,8.7,8.99,8.67,8.95,8.73,412869.0,3609204.0,991608841.8,2163451226.3
sz000551,创元科技,2002-03-26,8.94,8.95,8.66,8.7,8.95,277741.0,2427830.2,963910270.8,2103019627.8
sz000551,创元科技,2002-03-27,8.7,8.71,8.56,8.7,8.7,337545.0,2915946.0,963910270.8,2103019627.8
sz000551,创元科技,2002-03-28,8.71,8.75,8.6,8.65,8.7,241950.0,2098925.0,958370556.6,2090933308.1
sz000551,创元科技,2002-03-29,8.69,8.69,8.26,8.33,8.65,570650.0,4798087.3,922916385.72,2013580862.02
sz000551,创元科技,2002-04-02,8.34,8.5,7.93,8.0,8.33,665350.0,5411707.5,886354272.0,1933811152.0
sz000551,创元科技,2002-04-03,8.0,8.17,8.0,8.1,8.0,276199.0,2230834.6,897433700.4,1957983791.4
sz000551,创元科技,2002-04-04,8.1,8.5,7.97,8.43,8.1,366942.0,3024486.3,933995814.12,2037753501.42
sz000551,创元科技,2002-04-05,8.4,8.55,8.3,8.36,8.43,432178.0,3635898.2,926240214.24,2020832653.84
sz000551,创元科技,2002-04-08,8.32,8.37,8.28,8.31,8.36,150410.0,1250914.6,920700500.04,2008746334.14
sz000551,创元科技,2002-04-09,8.35,8.52,8.35,8.5,8.31,468922.0,3968929.8,941751414.0,2054674349.0
sz000551,创元科技,2002-04-10,8.55,8.68,8.48,8.64,8.5,757296.0,6513992.1,957262613.76,2088516044.16
sz000551,创元科技,2002-04-11,8.69,8.69,8.4,8.42,8.64,319300.0,2722214.1,932887871.28,2035336237.48
sz000551,创元科技,2002-04-12,8.39,8.51,8.35,8.44,8.42,227549.0,1915543.1,935103756.96,2040170765.36
sz000551,创元科技,2002-04-15,8.44,8.44,8.22,8.3,8.44,243669.0,2020426.7,919592557.2,2006329070.2
sz000551,创元科技,2002-04-16,8.35,8.48,8.3,8.36,8.3,182103.0,1522412.5,926240214.24,2020832653.84
sz000551,创元科技,2002-04-17,8.31,8.44,8.23,8.35,8.36,179990.0,1492711.8,925132271.4,2018415389.9
sz000551,创元科技,2002-04-18,8.35,8.35,8.27,8.27,8.35,136600.0,1132525.3,916268728.68,1999077278.38
sz000551,创元科技,2002-04-19,8.25,8.35,8.1,8.32,8.27,190026.0,1557903.2,921808442.88,2011163598.08
sz000551,创元科技,2002-04-22,8.31,8.56,8.15,8.49,8.32,359148.0,3030286.5,940643471.16,2052257085.06
sz000551,创元科技,2002-04-23,8.46,8.64,8.46,8.53,8.49,495117.0,4230499.8,945075242.52,2061926140.82
sz000551,创元科技,2002-04-24,8.53,8.53,8.32,8.41,8.53,272724.0,2296261.6,931779928.44,2032918973.54
sz000551,创元科技,2002-04-25,8.43,8.5,8.2,8.48,8.41,211594.0,1761963.3,939535528.32,2049839821.12
sz000551,创元科技,2002-04-26,8.3,8.7,8.3,8.69,8.48,853079.0,7370757.0,962802327.96,2100602363.86
sz000551,创元科技,2002-04-29,8.8,9.05,8.7,9.02,8.69,2784495.0,24712696.3,999364441.68,2180372073.88
sz000551,创元科技,2002-04-30,9.02,9.05,8.86,8.9,9.02,1074593.0,9585985.4,986069127.6,2151364906.6
sz000551,创元科技,2002-05-08,8.95,8.95,8.77,8.78,8.9,264600.0,2330975.0,972773813.52,2122357739.32
sz000551,创元科技,2002-05-09,8.73,8.85,8.7,8.75,8.78,361817.0,3172311.1,969449985.0,2115105947.5
sz000551,创元科技,2002-05-10,8.88,9.1,8.75,8.83,8.75,963474.0,8592020.2,978313527.72,2134444059.02
sz000551,创元科技,2002-05-13,8.83,8.83,8.55,8.63,8.83,462031.0,3983831.4,956154670.92,2086098780.22
sz000551,创元科技,2002-05-14,8.5,8.77,8.5,8.62,8.63,254530.0,2197592.0,955046728.08,2083681516.28
sz000551,创元科技,2002-05-15,8.6,8.63,8.42,8.44,8.62,348796.0,2966291.8,935103756.96,2040170765.36
sz000551,创元科技,2002-05-16,8.44,8.45,8.2,8.21,8.44,551800.0,4571527.0,909621071.64,1984573694.74
sz000551,创元科技,2002-05-17,8.25,8.42,8.23,8.41,8.21,411100.0,3417997.3,931779928.44,2032918973.54
sz000551,创元科技,2002-05-20,8.26,8.26,8.11,8.18,8.26,303723.0,2478280.2,906297243.12,1977321902.92
sz000551,创元科技,2002-05-21,8.5,9.0,8.4,9.0,8.18,3699536.0,32976376.1,997148556.0,2175537546.0
sz000551,创元科技,2002-05-22,9.08,9.08,8.69,8.7,9.0,1972831.0,17534687.8,963910270.8,2103019627.8
sz000551,创元科技,2002-05-23,8.7,8.94,8.7,8.8,8.7,837334.0,7384186.8,974989699.2,2127192267.2
sz000551,创元科技,2002-05-24,8.82,8.82,8.37,8.54,8.8,786898.0,6691059.9,946183185.36,2064343404.76
sz000551,创元科技,2002-05-27,8.68,8.91,8.54,8.68,8.54,393891.0,3405069.5,961694385.12,2098185099.92
sz000551,创元科技,2002-05-28,8.7,8.88,8.62,8.64,8.68,480900.0,4205804.8,957262613.76,2088516044.16
sz000551,创元科技,2002-05-29,8.6,8.62,8.33,8.38,8.64,696254.0,5856111.5,928456099.92,2025667181.72
sz000551,创元科技,2002-05-30,8.4,8.48,8.2,8.43,8.38,664698.0,5561942.0,933995814.12,2037753501.42
sz000551,创元科技,2002-05-31,8.48,8.5,8.26,8.32,8.43,294000.0,2456562.6,921808442.88,2011163598.08
sz000551,创元科技,2002-06-03,8.3,8.36,8.16,8.24,8.32,380498.0,3135359.7,912944900.16,1991825486.56
sz000551,创元科技,2002-06-04,8.3,8.34,8.11,8.28,8.24,277577.0,2284205.7,917376671.52,2001494542.32
sz000551,创元科技,2002-06-05,8.3,8.3,7.6,7.7,8.28,778310.0,6110551.2,853115986.8,1861293233.8
sz000551,创元科技,2002-06-06,7.7,8.45,7.7,8.2,7.7,764369.0,6115053.2,908513128.8,1982156430.8
sz000551,创元科技,2002-06-07,8.19,8.35,8.02,8.25,8.2,750722.0,6173885.8,914052843.0,1994242750.5
sz000551,创元科技,2002-06-10,8.22,8.26,8.07,8.17,8.25,272674.0,2224712.8,905189300.28,1974904638.98
sz000551,创元科技,2002-06-11,8.16,8.3,8.12,8.2,8.17,244312.0,2007379.9,908513128.8,1982156430.8
sz000551,创元科技,2002-06-12,8.22,8.27,8.1,8.14,8.2,243170.0,1983710.7,901865471.76,1967652847.16
sz000551,创元科技,2002-06-13,8.11,8.24,8.11,8.15,8.14,225200.0,1840751.0,902973414.6,1970070111.1
sz000551,创元科技,2002-06-14,8.08,8.12,7.98,8.01,8.15,205130.0,1649285.1,887462214.84,1936228415.94
sz000551,创元科技,2002-06-17,7.9,8.0,7.8,7.99,8.01,156650.0,1241241.9,885246329.16,1931393888.06
sz000551,创元科技,2002-06-18,8.03,8.25,7.98,8.17,7.99,225763.0,1841756.5,905189300.28,1974904638.98
sz000551,创元科技,2002-06-19,8.17,8.17,8.07,8.08,8.17,132500.0,1074526.0,895217814.72,1953149263.52
sz000551,创元科技,2002-06-20,8.11,8.24,8.1,8.13,8.08,218869.0,1790460.5,900757528.92,1965235583.22
sz000551,创元科技,2002-06-21,8.25,8.54,8.14,8.49,8.13,844869.0,7119631.0,940643471.16,2052257085.06
sz000551,创元科技,2002-06-24,9.34,9.34,8.9,9.34,8.49,4928652.0,45593524.2,1034818612.56,2257724519.96
sz000551,创元科技,2002-06-25,9.34,9.49,9.02,9.02,9.34,2243139.0,20876549.3,999364441.68,2180372073.88
sz000551,创元科技,2002-06-26,9.01,9.56,8.9,9.39,9.02,2999286.0,28047271.4,1040358326.76,2269810839.66
sz000551,创元科技,2002-06-27,9.39,9.45,9.2,9.27,9.39,1182500.0,11034681.1,1027063012.68,2240803672.38
sz000551,创元科技,2002-06-28,9.2,9.55,9.1,9.19,9.27,1276137.0,11839073.2,1018199469.96,2221465560.86
sz000551,创元科技,2002-07-02,9.05,9.18,8.95,9.15,9.19,710632.0,6432894.5,1013767698.6,2211796505.1
sz000551,创元科技,2002-07-03,9.15,9.19,9.08,9.12,9.15,436904.0,3980978.2,1010443870.08,2204544713.28
sz000551,创元科技,2002-07-04,9.1,9.15,8.95,8.97,9.12,567500.0,5130485.0,993824727.48,2168285754.18
sz000551,创元科技,2002-07-05,8.91,8.98,8.88,8.96,8.97,236056.0,2105424.5,992716784.64,2165868490.24
sz000551,创元科技,2002-07-08,9.0,9.15,9.0,9.12,8.96,461543.0,4193808.6,1010443870.08,2204544713.28
sz000551,创元科技,2002-07-09,9.1,9.19,9.06,9.12,9.12,306500.0,2796699.0,1010443870.08,2204544713.28
sz000551,创元科技,2002-07-10,9.14,9.22,8.98,9.0,9.12,671721.0,6114227.8,997148556.0,2175537546.0
sz000551,创元科技,2002-07-11,9.0,9.05,8.9,8.91,9.0,311100.0,2791460.0,987177070.44,2153782170.54
sz000551,创元科技,2002-07-12,8.91,9.02,8.9,8.91,8.91,181540.0,1619787.0,987177070.44,2153782170.54
sz000551,创元科技,2002-07-15,8.88,8.9,8.75,8.77,8.91,290400.0,2556920.2,971665870.68,2119940475.38
sz000551,创元科技,2002-07-16,8.8,8.88,8.75,8.78,8.77,183699.0,1616744.5,972773813.52,2122357739.32
sz000551,创元科技,2002-07-17,8.78,8.84,8.65,8.8,8.78,228883.0,1997564.4,974989699.2,2127192267.2
sz000551,创元科技,2002-07-18,8.86,8.95,8.75,8.94,8.8,285301.0,2538452.4,990500898.96,2161033962.36
sz000551,创元科技,2002-07-19,8.94,8.98,8.87,8.95,8.94,205344.0,1832419.3,991608841.8,2163451226.3
sz000551,创元科技,2002-07-22,8.95,9.0,8.88,8.89,8.95,362458.0,3241319.6,984961184.76,2148947642.66
sz000551,创元科技,2002-07-23,8.89,9.17,8.8,9.07,8.89,1130641.0,10221825.0,1004904155.88,2192458393.58
sz000551,创元科技,2002-07-24,9.05,9.11,9.01,9.08,9.07,483295.0,4381285.7,1006012098.72,2194875657.52
sz000551,创元科技,2002-07-25,9.08,9.13,8.95,8.95,9.08,285400.0,2573852.2,991608841.8,2163451226.3
sz000551,创元科技,2002-07-26,8.94,8.99,8.79,8.79,8.95,255302.0,2272617.7,973881756.36,2124775003.26
sz000551,创元科技,2002-07-30,9.18,9.18,8.83,8.95,8.79,203525.0,1812489.2,991608841.8,2163451226.3
sz000551,创元科技,2002-07-31,8.99,8.99,8.8,8.81,8.95,130596.0,1155597.3,976097642.04,2129609531.14
sz000551,创元科技,2002-08-01,8.79,8.9,8.72,8.82,8.81,124442.0,1093869.2,977205584.88,2132026795.08
sz000551,创元科技,2002-08-02,8.82,8.85,8.62,8.7,8.82,557455.0,4831244.4,963910270.8,2103019627.8
sz000551,创元科技,2002-08-05,8.66,8.75,8.64,8.67,8.7,100040.0,867804.4,960586442.28,2095767835.98
sz000551,创元科技,2002-08-06,8.65,8.8,8.65,8.73,8.67,176144.0,1541433.8,967234099.32,2110271419.62
sz000551,创元科技,2002-08-07,8.85,8.85,8.7,8.71,8.73,78798.0,688375.6,965018213.64,2105436891.74
sz000551,创元科技,2002-08-08,8.71,8.75,8.65,8.66,8.71,108060.0,939137.2,959478499.44,2093350572.04
sz000551,创元科技,2002-08-09,8.65,8.66,8.6,8.6,8.66,121099.0,1044846.4,952830842.4,2078846988.4
sz000551,创元科技,2002-08-12,8.51,8.6,8.45,8.57,8.6,144692.0,1238016.6,949507013.88,2071595196.58
sz000551,创元科技,2002-08-13,8.54,8.62,8.54,8.6,8.57,82600.0,709287.8,952830842.4,2078846988.4
sz000551,创元科技,2002-08-14,8.6,8.65,8.59,8.65,8.6,69259.0,596736.4,958370556.6,2090933308.1
sz000551,创元科技,2002-08-15,8.65,8.65,8.58,8.65,8.65,64550.0,556805.4,958370556.6,2090933308.1
sz000551,创元科技,2002-08-16,8.58,8.73,8.57,8.65,8.65,105100.0,907877.5,958370556.6,2090933308.1
sz000551,创元科技,2002-08-19,8.65,8.7,8.65,8.66,8.65,72719.0,630208.4,959478499.44,2093350572.04
sz000551,创元科技,2002-08-20,8.64,8.82,8.64,8.78,8.66,199135.0,1744790.6,972773813.52,2122357739.32
sz000551,创元科技,2002-08-21,8.8,8.84,8.75,8.8,8.78,200702.0,1766028.2,974989699.2,2127192267.2
sz000551,创元科技,2002-08-22,8.8,8.98,8.75,8.87,8.8,450002.0,4007018.7,982745299.08,2144113114.78
sz000551,创元科技,2002-08-23,8.87,8.88,8.75,8.78,8.87,215520.0,1897208.2,972773813.52,2122357739.32
sz000551,创元科技,2002-08-26,8.8,8.8,8.64,8.65,8.78,165185.0,1436995.6,958370556.6,2090933308.1
sz000551,创元科技,2002-08-27,8.67,8.89,8.67,8.85,8.65,203655.0,1785967.2,980529413.4,2139278586.9
sz000551,创元科技,2002-08-28,8.84,8.86,8.76,8.78,8.85,87500.0,770065.6,972773813.52,2122357739.32
sz000551,创元科技,2002-08-29,8.73,8.8,8.65,8.65,8.78,191319.0,1661143.4,958370556.6,2090933308.1
sz000551,创元科技,2002-08-30,8.62,8.67,8.6,8.65,8.65,119100.0,1027494.0,958370556.6,2090933308.1
sz000551,创元科技,2002-09-02,8.61,8.75,8.61,8.75,8.65,123530.0,1072575.6,969449985.0,2115105947.5
sz000551,创元科技,2002-09-03,8.75,8.8,8.7,8.74,8.75,123775.0,1083121.8,968342042.16,2112688683.56
sz000551,创元科技,2002-09-04,8.71,8.72,8.62,8.65,8.74,107120.0,927826.8,958370556.6,2090933308.1
sz000551,创元科技,2002-09-05,8.66,8.77,8.53,8.54,8.65,193667.0,1663734.5,946183185.36,2064343404.76
sz000551,创元科技,2002-09-06,8.48,8.7,8.41,8.5,8.54,177906.0,1516332.5,941751414.0,2054674349.0
sz000551,创元科技,2002-09-09,8.5,8.5,8.4,8.44,8.5,100060.0,844593.6,935103756.96,2040170765.36
sz000551,创元科技,2002-09-10,8.4,8.58,8.4,8.49,8.44,126300.0,1072268.0,940643471.16,2052257085.06
sz000551,创元科技,2002-09-11,8.48,8.48,8.37,8.41,8.49,165776.0,1394215.2,931779928.44,2032918973.54
sz000551,创元科技,2002-09-12,8.38,8.49,8.36,8.45,8.41,60517.0,509541.7,936211699.8,2042588029.3
sz000551,创元科技,2002-09-13,8.45,8.48,8.39,8.46,8.45,85600.0,723511.0,937319642.64,2045005293.24
sz000551,创元科技,2002-09-16,8.46,8.46,8.3,8.32,8.46,199230.0,1662931.7,921808442.88,2011163598.08
sz000551,创元科技,2002-09-17,8.35,8.4,8.21,8.37,8.32,203893.0,1687368.2,927348157.08,2023249917.78
sz000551,创元科技,2002-09-18,8.36,8.44,8.36,8.38,8.37,98635.0,827976.3,928456099.92,2025667181.72
sz000551,创元科技,2002-09-19,8.38,8.65,8.23,8.61,8.38,522594.0,4437606.0,953938785.24,2081264252.34
sz000551,创元科技,2002-09-20,8.48,8.88,8.48,8.84,8.61,1592612.0,14001851.2,979421470.56,2136861322.96
sz000551,创元科技,2002-09-23,8.86,9.05,8.75,8.92,8.84,1253976.0,11124407.1,988285013.28,2156199434.48
sz000551,创元科技,2002-09-24,8.9,8.91,8.68,8.77,8.92,1325414.0,11571784.3,971665870.68,2119940475.38
sz000551,创元科技,2002-09-25,8.75,8.79,8.6,8.62,8.77,450240.0,3907862.7,955046728.08,2083681516.28
sz000551,创元科技,2002-09-26,8.62,8.69,8.45,8.47,8.62,326581.0,2796702.1,938427585.48,2047422557.18
sz000551,创元科技,2002-09-27,8.48,8.54,8.36,8.4,8.47,222500.0,1873197.2,930671985.6,2030501709.6
sz000551,创元科技,2002-10-08,8.4,8.4,8.08,8.11,8.4,286000.0,2360449.5,898541643.24,1960401055.34
sz000551,创元科技,2002-10-09,8.2,8.2,7.79,7.99,8.11,317500.0,2533624.0,885246329.16,1931393888.06
sz000551,创元科技,2002-10-10,7.91,8.08,7.9,8.02,7.99,102550.0,820187.0,888570157.68,1938645679.88
sz000551,创元科技,2002-10-11,8.09,8.09,7.98,7.99,8.02,99400.0,797952.0,885246329.16,1931393888.06
sz000551,创元科技,2002-10-14,7.99,8.09,7.9,8.06,7.99,104100.0,832175.0,893001929.04,1948314735.64
sz000551,创元科技,2002-10-15,8.03,8.04,7.97,8.03,8.06,141115.0,1129168.0,889678100.52,1941062943.82
sz000551,创元科技,2002-10-16,8.05,8.19,8.02,8.12,8.03,199100.0,1618698.0,899649586.08,1962818319.28
sz000551,创元科技,2002-10-17,8.16,8.16,7.91,7.95,8.12,87900.0,702587.0,880814557.8,1921724832.3
sz000551,创元科技,2002-10-18,7.96,8.06,7.87,7.94,7.95,112036.0,888305.5,879706614.96,1919307568.36
sz000551,创元科技,2002-10-21,7.92,8.0,7.9,7.96,7.94,75200.0,596278.0,881922500.64,1924142096.24
sz000551,创元科技,2002-10-22,7.98,8.18,7.97,8.14,7.96,181341.0,1465669.3,901865471.76,1967652847.16
sz000551,创元科技,2002-10-23,8.1,8.13,8.01,8.09,8.14,105698.0,852859.9,896325757.56,1955566527.46
sz000551,创元科技,2002-10-24,8.13,8.13,7.99,8.0,8.09,144500.0,1158720.0,886354272.0,1933811152.0
sz000551,创元科技,2002-10-25,8.03,8.03,7.8,7.88,8.0,345998.0,2729524.9,873058957.92,1904803984.72
sz000551,创元科技,2002-10-28,7.9,7.93,7.74,7.8,7.88,398769.0,3116167.5,864195415.2,1885465873.2
sz000551,创元科技,2002-10-29,7.8,7.86,7.74,7.86,7.8,78317.0,610201.6,870843072.24,1899969456.84
sz000551,创元科技,2002-10-30,7.84,7.89,7.78,7.85,7.86,67310.0,527938.4,869735129.4,1897552192.9
sz000551,创元科技,2002-10-31,7.85,7.92,7.8,7.85,7.85,78831.0,620063.3,869735129.4,1897552192.9
sz000551,创元科技,2002-11-01,7.84,7.87,7.75,7.8,7.85,67537.0,526389.8,864195415.2,1885465873.2
sz000551,创元科技,2002-11-04,7.81,7.99,7.81,7.98,7.8,89968.0,710754.8,884138386.32,1928976624.12
sz000551,创元科技,2002-11-05,8.01,8.13,7.99,8.1,7.98,275281.0,2221838.0,897433700.4,1957983791.4
sz000551,创元科技,2002-11-06,8.1,8.1,7.98,8.03,8.1,146912.0,1178652.7,889678100.52,1941062943.82
sz000551,创元科技,2002-11-07,8.0,8.03,7.95,7.98,8.03,100700.0,805225.0,884138386.32,1928976624.12
sz000551,创元科技,2002-11-08,8.1,8.15,7.8,7.81,7.98,145746.0,1148661.0,865303358.04,1887883137.14
sz000551,创元科技,2002-11-11,7.8,7.85,7.6,7.67,7.81,103000.0,798074.0,849792158.28,1854041441.98
sz000551,创元科技,2002-11-12,7.65,7.73,7.35,7.47,7.67,224400.0,1693565.0,827633301.48,1805696163.18
sz000551,创元科技,2002-11-13,7.4,7.52,7.33,7.51,7.47,142035.0,1053404.8,832065072.84,1815365218.94
sz000551,创元科技,2002-11-14,7.53,7.53,7.3,7.3,7.51,102300.0,755512.0,808798273.2,1764602676.2
sz000551,创元科技,2002-11-15,7.3,7.43,7.22,7.3,7.3,168600.0,1233848.9,808798273.2,1764602676.2
sz000551,创元科技,2002-11-18,7.3,7.3,7.03,7.09,7.3,165300.0,1180652.9,785531473.56,1713840133.46
sz000551,创元科技,2002-11-19,7.09,7.15,6.96,7.12,7.09,198973.0,1397123.5,788855302.08,1721091925.28
sz000551,创元科技,2002-11-20,7.06,7.07,6.9,6.95,7.12,131500.0,919116.0,770020273.8,1679998438.3
sz000551,创元科技,2002-11-21,6.95,6.95,6.57,6.57,6.95,209490.0,1396522.7,727918445.88,1588142408.58
sz000551,创元科技,2002-11-22,6.6,6.87,6.52,6.69,6.57,323140.0,2156606.2,741213759.96,1617149575.86
sz000551,创元科技,2002-11-25,6.54,6.74,6.53,6.69,6.69,101411.0,674017.6,741213759.96,1617149575.86
sz000551,创元科技,2002-11-26,6.85,6.85,6.5,6.52,6.69,160900.0,1069625.4,722378731.68,1576056088.88
sz000551,创元科技,2002-11-27,6.4,6.6,6.4,6.6,6.52,99620.0,649689.0,731242274.4,1595394200.4
sz000551,创元科技,2002-11-28,6.61,6.87,6.55,6.86,6.6,261840.0,1766330.2,760048788.24,1658243062.84
sz000551,创元科技,2002-12-02,6.91,7.15,6.75,6.77,6.86,959420.0,6724854.4,750077302.68,1636487687.38
sz000551,创元科技,2002-12-03,6.8,6.89,6.7,6.86,6.77,285020.0,1935322.5,760048788.24,1658243062.84
sz000551,创元科技,2002-12-04,6.9,7.06,6.78,6.87,6.86,230900.0,1598361.4,761156731.08,1660660326.78
sz000551,创元科技,2002-12-05,6.79,6.85,6.71,6.84,6.87,141249.0,956210.2,757832902.56,1653408534.96
sz000551,创元科技,2002-12-06,6.78,6.89,6.74,6.78,6.84,114600.0,780827.0,751185245.52,1638904951.32
sz000551,创元科技,2002-12-09,6.77,6.85,6.73,6.75,6.78,70750.0,478438.0,747861417.0,1631653159.5
sz000551,创元科技,2002-12-10,6.71,6.75,6.53,6.53,6.75,190400.0,1262714.7,723486674.52,1578473352.82
sz000551,创元科技,2002-12-11,6.45,6.7,6.43,6.63,6.53,192439.0,1268440.6,734566102.92,1602645992.22
sz000551,创元科技,2002-12-12,6.63,6.85,6.61,6.7,6.63,291650.0,1974073.0,742321702.8,1619566839.8
sz000551,创元科技,2002-12-13,6.61,6.88,6.6,6.78,6.7,158337.0,1069009.5,751185245.52,1638904951.32
sz000551,创元科技,2002-12-16,6.78,6.93,6.78,6.88,6.78,201426.0,1383824.0,762264673.92,1663077590.72
sz000551,创元科技,2002-12-17,6.88,7.01,6.85,7.0,6.88,239866.0,1663157.2,775559988.0,1692084758.0
sz000551,创元科技,2002-12-18,7.0,7.05,6.82,6.82,7.0,243300.0,1697137.0,755617016.88,1648574007.08
sz000551,创元科技,2002-12-19,6.82,6.99,6.81,6.93,6.82,180456.0,1245196.6,767804388.12,1675163910.42
sz000551,创元科技,2002-12-20,7.0,7.2,6.9,7.06,6.93,462570.0,3277210.4,782207645.04,1706588341.64
sz000551,创元科技,2002-12-23,7.06,7.17,7.03,7.06,7.06,323617.0,2294387.1,782207645.04,1706588341.64
sz000551,创元科技,2002-12-24,7.06,7.06,7.0,7.04,7.06,197664.0,1389301.3,779991759.36,1701753813.76
sz000551,创元科技,2002-12-26,7.0,7.0,6.68,6.79,7.04,276190.0,1882531.5,752293188.36,1641322215.26
sz000551,创元科技,2002-12-27,6.6,6.83,6.6,6.79,6.79,154910.0,1041919.1,752293188.36,1641322215.26
sz000551,创元科技,2002-12-30,6.69,6.7,6.64,6.68,6.79,114900.0,766793.0,740105817.12,1614732311.92
sz000551,创元科技,2002-12-31,6.7,6.74,6.55,6.57,6.68,107800.0,716869.0,727918445.88,1588142408.58
sz000551,创元科技,2003-01-02,6.52,6.63,6.45,6.46,6.57,144100.0,936265.8,715731074.64,1561552505.24
sz000551,创元科技,2003-01-03,6.43,6.53,6.43,6.5,6.46,108550.0,702850.0,720162846.0,1571221561.0
sz000551,创元科技,2003-01-06,6.5,6.69,6.41,6.66,6.5,118697.0,780075.0,737889931.44,1609897784.04
sz000551,创元科技,2003-01-07,6.62,6.79,6.6,6.66,6.66,154007.0,1032438.8,737889931.44,1609897784.04
sz000551,创元科技,2003-01-08,6.65,6.84,6.63,6.8,6.66,203183.0,1363992.7,753401131.2,1643739479.2
sz000551,创元科技,2003-01-09,6.85,7.02,6.76,6.99,6.8,506777.0,3503754.6,774452045.16,1689667494.06
sz000551,创元科技,2003-01-10,7.0,7.05,6.85,6.9,6.99,375800.0,2610148.8,764480559.6,1667912118.6
sz000551,创元科技,2003-01-13,6.85,7.09,6.83,7.05,6.9,481123.0,3362755.8,781099702.2,1704171077.7
sz000551,创元科技,2003-01-14,7.05,7.63,7.0,7.58,7.05,2633667.0,19322595.7,839820672.72,1832286066.52
sz000551,创元科技,2003-01-15,7.54,7.66,7.34,7.41,7.58,784735.0,5872528.9,820985644.44,1791192579.54
sz000551,创元科技,2003-01-16,7.38,7.51,7.31,7.46,7.41,519663.0,3868773.3,826525358.64,1803278899.24
sz000551,创元科技,2003-01-17,7.5,7.53,7.31,7.32,7.46,429800.0,3176380.8,811014158.88,1769437204.08
sz000551,创元科技,2003-01-20,7.25,7.35,7.2,7.34,7.32,240790.0,1749398.9,813230044.56,1774271731.96
sz000551,创元科技,2003-01-21,7.3,7.48,7.23,7.25,7.34,400499.0,2928613.8,803258559.0,1752516356.5
sz000551,创元科技,2003-01-22,7.22,7.28,7.11,7.2,7.25,339226.0,2439285.9,797718844.8,1740430036.8
sz000551,创元科技,2003-01-23,7.2,7.3,7.19,7.29,7.2,375753.0,2721280.3,807690330.36,1762185412.26
sz000551,创元科技,2003-01-24,7.25,7.33,7.2,7.3,7.29,417412.0,3039976.1,808798273.2,1764602676.2
sz000551,创元科技,2003-01-27,7.35,7.62,7.28,7.6,7.3,1857572.0,13882361.6,842036558.4,1837120594.4
sz000551,创元科技,2003-01-28,7.64,7.69,7.48,7.56,7.6,1598474.0,12086597.8,837604787.04,1827451538.64
sz000551,创元科技,2003-01-29,7.56,7.6,7.5,7.51,7.56,537083.0,4045550.4,832065072.84,1815365218.94
sz000551,创元科技,2003-02-10,7.42,7.45,7.3,7.35,7.51,222150.0,1643590.9,814337987.4,1776688995.9
sz000551,创元科技,2003-02-11,7.27,7.5,7.27,7.49,7.35,251219.0,1858060.2,829849187.16,1810530691.06
sz000551,创元科技,2003-02-12,7.55,7.69,7.55,7.66,7.49,1425844.0,10872669.9,848684215.44,1851624178.04
sz000551,创元科技,2003-02-13,7.7,7.74,7.56,7.58,7.66,710900.0,5440502.5,839820672.72,1832286066.52
sz000551,创元科技,2003-02-14,7.55,7.62,7.53,7.59,7.58,271352.0,2058947.1,840928615.56,1834703330.46
sz000551,创元科技,2003-02-17,7.6,7.64,7.46,7.5,7.59,344800.0,2603018.0,830957130.0,1812947955.0
sz000551,创元科技,2003-02-18,7.5,7.55,7.48,7.53,7.5,175001.0,1314966.1,834280958.52,1820199746.82
sz000551,创元科技,2003-02-19,7.53,7.67,7.53,7.67,7.53,610570.0,4652276.6,849792158.28,1854041441.98
sz000551,创元科技,2003-02-20,7.68,7.68,7.55,7.57,7.67,334406.0,2544830.4,838712729.88,1829868802.58
sz000551,创元科技,2003-02-21,7.52,7.53,7.32,7.34,7.57,439407.0,3249293.3,813230044.56,1774271731.96
sz000551,创元科技,2003-02-24,7.34,7.4,7.3,7.32,7.34,194250.0,1429635.0,811014158.88,1769437204.08
sz000551,创元科技,2003-02-25,7.37,7.5,7.35,7.47,7.32,223592.0,1666126.5,827633301.48,1805696163.18
sz000551,创元科技,2003-02-26,7.51,7.56,7.45,7.47,7.47,121074.0,905446.6,827633301.48,1805696163.18
sz000551,创元科技,2003-02-27,7.47,7.55,7.42,7.45,7.47,164500.0,1233686.0,825417415.8,1800861635.3
sz000551,创元科技,2003-02-28,7.48,7.48,7.36,7.4,7.45,153980.0,1140139.2,819877701.6,1788775315.6
sz000551,创元科技,2003-03-03,7.38,7.5,7.35,7.49,7.4,345991.0,2555980.8,829849187.16,1810530691.06
sz000551,创元科技,2003-03-04,7.49,7.5,7.38,7.4,7.49,239094.0,1775449.1,819877701.6,1788775315.6
sz000551,创元科技,2003-03-05,7.4,7.49,7.3,7.34,7.4,303542.0,2228355.8,813230044.56,1774271731.96
sz000551,创元科技,2003-03-06,7.35,7.35,7.21,7.23,7.34,225195.0,1636116.1,801042673.32,1747681828.62
sz000551,创元科技,2003-03-07,7.24,7.27,7.13,7.13,7.23,280360.0,2010858.8,789963244.92,1723509189.22
sz000551,创元科技,2003-03-10,7.13,7.18,6.94,6.94,7.13,359035.0,2515779.9,768912330.96,1677581174.36
sz000551,创元科技,2003-03-11,6.94,6.98,6.87,6.89,6.94,383088.0,2647394.6,763372616.76,1665494854.66
sz000551,创元科技,2003-03-12,6.9,6.92,6.78,6.91,6.89,353790.0,2426838.7,765588502.44,1670329382.54
sz000551,创元科技,2003-03-13,6.92,6.96,6.85,6.85,6.91,192900.0,1330841.0,758940845.4,1655825798.9
sz000551,创元科技,2003-03-14,6.85,6.93,6.8,6.88,6.85,305750.0,2096986.5,762264673.92,1663077590.72
sz000551,创元科技,2003-03-17,6.87,6.95,6.76,6.92,6.88,197774.0,1351252.4,766696445.28,1672746646.48
sz000551,创元科技,2003-03-18,6.92,6.97,6.82,6.82,6.92,115700.0,798029.0,755617016.88,1648574007.08
sz000551,创元科技,2003-03-19,6.82,6.89,6.78,6.82,6.82,166070.0,1131354.2,755617016.88,1648574007.08
sz000551,创元科技,2003-03-20,6.78,6.9,6.78,6.81,6.82,107300.0,731493.0,754509074.04,1646156743.14
sz000551,创元科技,2003-03-21,6.8,6.94,6.78,6.86,6.81,75700.0,519906.9,760048788.24,1658243062.84
sz000551,创元科技,2003-03-25,6.86,6.9,6.77,6.8,6.86,123350.0,841074.0,753401131.2,1643739479.2
sz000551,创元科技,2003-03-26,6.78,6.88,6.73,6.75,6.8,117200.0,792890.5,747861417.0,1631653159.5
sz000551,创元科技,2003-03-27,6.7,7.02,6.7,6.94,6.75,204954.0,1409944.9,768912330.96,1677581174.36
sz000551,创元科技,2003-03-28,6.88,6.99,6.88,6.94,6.94,314703.0,2181598.7,768912330.96,1677581174.36
sz000551,创元科技,2003-03-31,6.9,7.03,6.9,7.01,6.94,217186.0,1511324.7,776667930.84,1694502021.94
sz000551,创元科技,2003-04-01,7.02,7.1,6.97,7.07,7.01,275964.0,1941967.6,783315587.88,1709005605.58
sz000551,创元科技,2003-04-02,7.08,7.12,7.0,7.02,7.07,248100.0,1748611.0,777775873.68,1696919285.88
sz000551,创元科技,2003-04-03,7.01,7.02,6.95,6.99,7.02,229960.0,1608691.1,774452045.16,1689667494.06
sz000551,创元科技,2003-04-04,6.99,7.04,6.96,7.0,6.99,199474.0,1395819.7,775559988.0,1692084758.0
sz000551,创元科技,2003-04-07,7.04,7.06,6.93,6.95,7.0,254110.0,1780987.0,770020273.8,1679998438.3
sz000551,创元科技,2003-04-08,6.95,6.99,6.88,6.88,6.95,227823.0,1577130.1,762264673.92,1663077590.72
sz000551,创元科技,2003-04-09,6.88,6.94,6.8,6.93,6.88,297720.0,2037709.9,767804388.12,1675163910.42
sz000551,创元科技,2003-04-10,6.94,7.0,6.8,6.93,6.93,496034.0,3410801.7,767804388.12,1675163910.42
sz000551,创元科技,2003-04-11,6.88,7.12,6.88,7.11,6.93,620820.0,4349393.5,787747359.24,1718674661.34
sz000551,创元科技,2003-04-14,7.16,7.34,7.12,7.34,7.11,934212.0,6750642.6,813230044.56,1774271731.96
sz000551,创元科技,2003-04-15,7.38,7.4,7.22,7.3,7.34,670563.0,4894650.9,808798273.2,1764602676.2
sz000551,创元科技,2003-04-16,7.31,7.4,7.01,7.04,7.3,963195.0,6972174.9,779991759.36,1701753813.76
sz000551,创元科技,2003-04-17,7.04,7.2,7.04,7.14,7.04,605088.0,4303816.8,791071187.76,1725926453.16
sz000551,创元科技,2003-04-18,7.14,7.24,7.08,7.19,7.14,449357.0,3222972.9,796610901.96,1738012772.86
sz000551,创元科技,2003-04-21,7.17,7.17,6.95,6.97,7.19,379402.0,2653323.4,772236159.48,1684832966.18
sz000551,创元科技,2003-04-22,6.97,7.25,6.95,7.21,6.97,1145748.0,8207071.0,798826787.64,1742847300.74
sz000551,创元科技,2003-04-23,7.22,7.25,7.05,7.14,7.21,951414.0,6803614.6,791071187.76,1725926453.16
sz000551,创元科技,2003-04-24,7.12,7.16,6.84,6.89,7.14,648100.0,4540076.3,763372616.76,1665494854.66
sz000551,创元科技,2003-04-25,6.88,6.95,6.72,6.75,6.89,290600.0,1976912.2,747861417.0,1631653159.5
sz000551,创元科技,2003-04-28,6.75,6.88,6.6,6.87,6.75,456657.0,3095613.9,761156731.08,1660660326.78
sz000551,创元科技,2003-04-30,6.75,6.79,6.6,6.79,6.87,553155.0,3699407.7,752293188.36,1641322215.26
sz000551,创元科技,2003-05-12,6.79,6.88,6.6,6.61,6.79,332925.0,2219555.0,732350217.24,1597811464.34
sz000551,创元科技,2003-05-13,6.61,6.61,6.05,6.11,6.61,579596.0,3599008.1,676953075.24,1476948267.34
sz000551,创元科技,2003-05-14,6.11,6.37,6.11,6.27,6.11,281200.0,1765959.5,694680160.68,1515624490.38
sz000551,创元科技,2003-05-15,6.27,6.75,6.27,6.68,6.27,863490.0,5695951.6,740105817.12,1614732311.92
sz000551,创元科技,2003-05-16,6.68,6.68,6.48,6.52,6.68,565994.0,3700495.5,722378731.68,1576056088.88
sz000551,创元科技,2003-05-19,6.58,6.68,6.45,6.61,6.52,667547.0,4389760.8,732350217.24,1597811464.34
sz000551,创元科技,2003-05-20,6.6,6.6,6.41,6.44,6.61,402440.0,2608270.4,713515188.96,1556717977.36
sz000551,创元科技,2003-05-21,6.4,6.56,6.4,6.45,6.44,207837.0,1345797.7,714623131.8,1559135241.3
sz000551,创元科技,2003-05-22,6.42,6.49,6.4,6.45,6.45,200200.0,1289498.0,714623131.8,1559135241.3
sz000551,创元科技,2003-05-23,6.48,6.71,6.45,6.63,6.45,755804.0,5005915.4,734566102.92,1602645992.22
sz000551,创元科技,2003-05-26,6.63,6.66,6.58,6.62,6.63,396770.0,2623714.4,733458160.08,1600228728.28
sz000551,创元科技,2003-05-27,6.63,6.75,6.58,6.72,6.62,467513.0,3128021.4,744537588.48,1624401367.68
sz000551,创元科技,2003-05-28,6.68,6.8,6.63,6.64,6.72,465599.0,3128091.8,735674045.76,1605063256.16
sz000551,创元科技,2003-05-29,6.83,7.09,6.83,7.05,6.64,3338829.0,23297633.0,781099702.2,1704171077.7
sz000551,创元科技,2003-05-30,7.13,7.19,7.01,7.04,7.05,1771225.0,12563766.8,779991759.36,1701753813.76
sz000551,创元科技,2003-06-02,6.99,7.03,6.89,6.93,7.04,661059.0,4590039.8,767804388.12,1675163910.42
sz000551,创元科技,2003-06-03,6.95,7.05,6.9,6.91,6.93,399500.0,2778681.0,765588502.44,1670329382.54
sz000551,创元科技,2003-06-04,6.91,7.0,6.75,6.92,6.91,356835.0,2443991.0,766696445.28,1672746646.48
sz000551,创元科技,2003-06-05,6.95,6.95,6.75,6.76,6.92,236700.0,1610076.0,748969359.84,1634070423.44
sz000551,创元科技,2003-06-06,6.75,6.79,6.71,6.71,6.76,312885.0,2114023.9,743429645.64,1621984103.74
sz000551,创元科技,2003-06-09,6.7,6.75,6.6,6.6,6.71,281188.0,1867011.8,731242274.4,1595394200.4
sz000551,创元科技,2003-06-10,6.58,6.7,6.58,6.69,6.6,248979.0,1652438.3,741213759.96,1617149575.86
sz000551,创元科技,2003-06-11,6.71,6.88,6.68,6.88,6.69,331554.0,2246093.8,762264673.92,1663077590.72
sz000551,创元科技,2003-06-12,6.88,6.9,6.73,6.75,6.88,373918.0,2536079.7,747861417.0,1631653159.5
sz000551,创元科技,2003-06-13,6.79,6.84,6.72,6.79,6.75,291338.0,1972346.2,752293188.36,1641322215.26
sz000551,创元科技,2003-06-16,6.75,6.79,6.71,6.75,6.79,173197.0,1168269.8,747861417.0,1631653159.5
sz000551,创元科技,2003-06-17,6.75,6.83,6.74,6.78,6.75,275141.0,1867884.9,751185245.52,1638904951.32
sz000551,创元科技,2003-06-18,6.8,6.81,6.68,6.69,6.78,419700.0,2825565.0,741213759.96,1617149575.86
sz000551,创元科技,2003-06-19,6.58,6.67,6.51,6.55,6.59,223024.0,1461270.3,725702560.2,1583307880.7
sz000551,创元科技,2003-06-20,6.53,6.62,6.49,6.51,6.55,181600.0,1186393.5,721270788.84,1573638824.94
sz000551,创元科技,2003-06-23,6.5,6.5,6.36,6.4,6.51,241699.0,1550044.6,709083417.6,1547048921.6
sz000551,创元科技,2003-06-24,6.36,6.49,6.35,6.48,6.4,142005.0,913352.3,717946960.32,1566387033.12
sz000551,创元科技,2003-06-25,6.5,6.55,6.43,6.43,6.48,101900.0,661268.0,712407246.12,1554300713.42
sz000551,创元科技,2003-06-26,6.47,6.57,6.36,6.52,6.43,155450.0,1004171.0,722378731.68,1576056088.88
sz000551,创元科技,2003-06-27,6.23,6.52,6.23,6.35,6.52,105700.0,675177.5,703543703.4,1534962601.9
sz000551,创元科技,2003-06-30,6.33,6.43,6.33,6.35,6.35,112899.0,720548.6,703543703.4,1534962601.9
sz000551,创元科技,2003-07-01,6.43,6.48,6.35,6.35,6.35,119718.0,765534.3,703543703.4,1534962601.9
sz000551,创元科技,2003-07-02,6.37,6.43,6.3,6.4,6.35,164095.0,1047038.4,709083417.6,1547048921.6
sz000551,创元科技,2003-07-03,6.41,6.46,6.38,6.42,6.4,87300.0,560349.0,711299303.28,1551883449.48
sz000551,创元科技,2003-07-04,6.42,6.47,6.34,6.36,6.42,100801.0,643653.3,704651646.24,1537379865.84
sz000551,创元科技,2003-07-07,6.32,6.35,6.25,6.27,6.36,175006.0,1098658.6,694680160.68,1515624490.38
sz000551,创元科技,2003-07-08,6.27,6.38,6.27,6.33,6.27,93600.0,592713.0,701327817.72,1530128074.02
sz000551,创元科技,2003-07-09,6.38,6.38,6.28,6.34,6.33,89552.0,566920.6,702435760.56,1532545337.96
sz000551,创元科技,2003-07-10,6.36,6.48,6.31,6.48,6.34,195710.0,1255304.7,717946960.32,1566387033.12
sz000551,创元科技,2003-07-11,6.45,6.46,6.38,6.42,6.48,214820.0,1377982.0,711299303.28,1551883449.48
sz000551,创元科技,2003-07-14,6.46,6.46,6.38,6.41,6.42,182319.0,1168539.4,710191360.44,1549466185.54
sz000551,创元科技,2003-07-15,6.45,6.47,6.38,6.47,6.41,291922.0,1873567.4,716839017.48,1563969769.18
sz000551,创元科技,2003-07-16,6.48,6.61,6.48,6.6,6.47,1290110.0,8458387.8,731242274.4,1595394200.4
sz000551,创元科技,2003-07-17,6.58,6.58,6.5,6.56,6.6,518900.0,3397974.0,726810503.04,1585725144.64
sz000551,创元科技,2003-07-18,6.56,6.56,6.35,6.35,6.56,331900.0,2133749.9,703543703.4,1534962601.9
sz000551,创元科技,2003-07-21,6.33,6.33,6.15,6.19,6.35,300508.0,1863948.4,685816617.96,1496286378.86
sz000551,创元科技,2003-07-22,6.26,6.3,6.2,6.26,6.19,162229.0,1013066.5,693572217.84,1513207226.44
sz000551,创元科技,2003-07-23,6.26,6.29,6.16,6.25,6.26,176247.0,1096926.6,692464275.0,1510789962.5
sz000551,创元科技,2003-07-24,6.2,6.23,6.1,6.14,6.25,268800.0,1662466.0,680276903.76,1484200059.16
sz000551,创元科技,2003-07-25,6.18,6.29,6.1,6.19,6.14,250892.0,1552982.0,685816617.96,1496286378.86
sz000551,创元科技,2003-07-28,6.14,6.14,6.07,6.12,6.19,144970.0,884813.0,678061018.08,1479365531.28
sz000551,创元科技,2003-07-29,6.2,6.2,6.15,6.17,6.12,117271.0,723215.1,683600732.28,1491451850.98
sz000551,创元科技,2003-07-30,6.17,6.25,6.16,6.17,6.17,69300.0,428467.0,683600732.28,1491451850.98
sz000551,创元科技,2003-07-31,6.17,6.23,6.14,6.2,6.17,149545.0,924694.8,686924560.8,1498703642.8
sz000551,创元科技,2003-08-01,6.15,6.3,6.14,6.27,6.2,244900.0,1523426.0,694680160.68,1515624490.38
sz000551,创元科技,2003-08-04,6.26,6.36,6.19,6.33,6.27,220232.0,1388348.7,701327817.72,1530128074.02
sz000551,创元科技,2003-08-05,6.3,6.3,6.22,6.25,6.33,181598.0,1135032.5,692464275.0,1510789962.5
sz000551,创元科技,2003-08-06,6.23,6.32,6.23,6.27,6.25,143235.0,898598.3,694680160.68,1515624490.38
sz000551,创元科技,2003-08-07,6.24,6.28,6.17,6.24,6.27,167200.0,1041782.0,691356332.16,1508372698.56
sz000551,创元科技,2003-08-11,6.12,6.19,6.12,6.19,6.24,124922.0,768712.4,685816617.96,1496286378.86
sz000551,创元科技,2003-08-12,6.15,6.25,6.15,6.25,6.19,85400.0,530923.5,692464275.0,1510789962.5
sz000551,创元科技,2003-08-13,6.18,6.2,6.16,6.17,6.25,60400.0,372969.2,683600732.28,1491451850.98
sz000551,创元科技,2003-08-14,6.16,6.28,6.11,6.18,6.17,206901.0,1286691.9,684708675.12,1493869114.92
sz000551,创元科技,2003-08-15,6.2,6.29,6.2,6.26,6.18,180934.0,1131421.2,693572217.84,1513207226.44
sz000551,创元科技,2003-08-18,6.28,6.3,6.2,6.25,6.26,107667.0,672125.1,692464275.0,1510789962.5
sz000551,创元科技,2003-08-19,6.25,6.28,6.2,6.22,6.25,99713.0,621482.4,689140446.48,1503538170.68
sz000551,创元科技,2003-08-20,6.2,6.2,6.12,6.19,6.22,125339.0,770874.7,685816617.96,1496286378.86
sz000551,创元科技,2003-08-21,6.18,6.18,6.08,6.12,6.19,194800.0,1192033.0,678061018.08,1479365531.28
sz000551,创元科技,2003-08-22,6.16,6.18,6.1,6.13,6.12,81400.0,499509.0,679168960.92,1481782795.22
sz000551,创元科技,2003-08-25,6.1,6.1,5.95,5.98,6.13,336888.0,2022591.5,662549818.32,1445523836.12
sz000551,创元科技,2003-08-26,5.97,6.01,5.92,5.95,5.98,145769.0,869075.2,659225989.8,1438272044.3
sz000551,创元科技,2003-08-27,6.0,6.0,5.9,5.92,5.95,123700.0,735223.0,655902161.28,1431020252.48
sz000551,创元科技,2003-08-28,5.92,5.92,5.8,5.81,5.92,156500.0,917406.0,643714790.04,1404430349.14
sz000551,创元科技,2003-08-29,5.8,5.81,5.71,5.8,5.81,237092.0,1365106.6,642606847.2,1402013085.2
sz000551,创元科技,2003-09-01,5.8,5.95,5.74,5.93,5.8,259436.0,1517531.0,657010104.12,1433437516.42
sz000551,创元科技,2003-09-02,5.95,5.99,5.88,5.9,5.93,398323.0,2356270.5,653686275.6,1426185724.6
sz000551,创元科技,2003-09-03,5.9,6.0,5.87,5.98,5.9,379830.0,2252304.1,662549818.32,1445523836.12
sz000551,创元科技,2003-09-04,5.96,6.0,5.93,5.94,5.98,142690.0,852270.3,658118046.96,1435854780.36
sz000551,创元科技,2003-09-05,5.94,5.94,5.82,5.85,5.94,273963.0,1604604.8,648146561.4,1414099404.9
sz000551,创元科技,2003-09-08,5.86,5.97,5.84,5.95,5.85,523859.0,3086954.7,659225989.8,1438272044.3
sz000551,创元科技,2003-09-09,6.0,6.06,5.8,5.87,5.95,1069881.0,6340256.9,650362447.08,1418933932.78
sz000551,创元科技,2003-09-10,5.85,5.86,5.75,5.84,5.87,243160.0,1413083.2,647038618.56,1411682140.96
sz000551,创元科技,2003-09-11,5.82,5.84,5.78,5.8,5.84,166200.0,965008.0,642606847.2,1402013085.2
sz000551,创元科技,2003-09-12,5.85,5.85,5.73,5.74,5.8,165800.0,955206.0,635959190.16,1387509501.56
sz000551,创元科技,2003-09-15,5.77,5.85,5.65,5.67,5.74,260000.0,1489913.0,628203590.28,1370588653.98
sz000551,创元科技,2003-09-16,5.68,5.82,5.66,5.82,5.67,146789.0,840758.6,644822732.88,1406847613.08
sz000551,创元科技,2003-09-17,5.78,5.78,5.68,5.68,5.82,84200.0,481053.0,629311533.12,1373005917.92
sz000551,创元科技,2003-09-18,5.79,5.8,5.65,5.71,5.68,88163.0,503932.1,632635361.64,1380257709.74
sz000551,创元科技,2003-09-19,5.7,5.82,5.7,5.77,5.71,273877.0,1578127.9,639283018.68,1394761293.38
sz000551,创元科技,2003-09-22,5.82,5.83,5.7,5.78,5.77,155627.0,895899.0,640390961.52,1397178557.32
sz000551,创元科技,2003-09-23,5.7,5.8,5.7,5.8,5.78,71805.0,413634.9,642606847.2,1402013085.2
sz000551,创元科技,2003-09-24,5.8,5.82,5.76,5.81,5.8,157239.0,910937.1,643714790.04,1404430349.14
sz000551,创元科技,2003-09-25,5.77,5.77,5.69,5.7,5.81,112811.0,644918.2,631527418.8,1377840445.8
sz000551,创元科技,2003-09-26,5.7,5.71,5.65,5.66,5.7,115850.0,656508.0,627095647.44,1368171390.04
sz000551,创元科技,2003-09-29,5.65,5.66,5.51,5.53,5.66,124120.0,692011.6,612692390.52,1336746958.82
sz000551,创元科技,2003-09-30,5.52,5.57,5.46,5.54,5.53,200399.0,1106143.5,613800333.36,1339164222.76
sz000551,创元科技,2003-10-08,5.6,5.6,5.46,5.59,5.54,100980.0,560098.5,619340047.56,1351250542.46
sz000551,创元科技,2003-10-09,5.6,5.62,5.5,5.52,5.59,75400.0,419738.0,611584447.68,1334329694.88
sz000551,创元科技,2003-10-10,5.5,5.68,5.47,5.65,5.52,215683.0,1206525.9,625987704.6,1365754126.1
sz000551,创元科技,2003-10-13,5.68,5.68,5.58,5.62,5.65,102950.0,578218.5,622663876.08,1358502334.28
sz000551,创元科技,2003-10-14,5.59,5.6,5.51,5.52,5.62,101100.0,561679.0,611584447.68,1334329694.88
sz000551,创元科技,2003-10-15,5.52,5.6,5.49,5.5,5.52,235509.0,1301610.5,609368562.0,1329495167.0
sz000551,创元科技,2003-10-16,5.49,5.5,5.25,5.3,5.5,285044.0,1531370.3,587209705.2,1281149888.2
sz000551,创元科技,2003-10-17,5.3,5.36,5.3,5.33,5.3,106800.0,570326.5,590533533.72,1288401680.02
sz000551,创元科技,2003-10-20,5.3,5.35,5.3,5.3,5.33,105120.0,558851.0,587209705.2,1281149888.2
sz000551,创元科技,2003-10-21,5.3,5.36,5.21,5.25,5.3,120510.0,633375.3,581669991.0,1269063568.5
sz000551,创元科技,2003-10-22,5.3,5.4,5.27,5.31,5.25,363050.0,1939831.0,588317648.04,1283567152.14
sz000551,创元科技,2003-10-23,5.4,5.42,5.32,5.33,5.31,177054.0,951185.3,590533533.72,1288401680.02
sz000551,创元科技,2003-10-24,5.38,5.38,5.22,5.26,5.33,261600.0,1384601.0,582777933.84,1271480832.44
sz000551,创元科技,2003-10-27,5.21,5.25,5.08,5.1,5.26,424530.0,2178426.0,565050848.4,1232804609.4
sz000551,创元科技,2003-10-28,5.1,5.16,5.01,5.04,5.1,420450.0,2130062.5,558403191.36,1218301025.76
sz000551,创元科技,2003-10-29,5.1,5.13,4.79,4.94,5.04,465488.0,2293303.6,547323762.96,1194128386.36
sz000551,创元科技,2003-10-30,4.95,4.96,4.82,4.92,4.94,196115.0,958844.4,545107877.28,1189293858.48
sz000551,创元科技,2003-10-31,4.91,5.07,4.9,4.96,4.92,228678.0,1139301.2,549539648.64,1198962914.24
sz000551,创元科技,2003-11-03,4.99,5.03,4.93,5.0,4.96,159050.0,794617.5,553971420.0,1208631970.0
sz000551,创元科技,2003-11-04,5.01,5.16,5.01,5.12,5.0,389876.0,1983797.0,567266734.08,1237639137.28
sz000551,创元科技,2003-11-05,5.08,5.12,4.96,5.0,5.12,229110.0,1155461.0,553971420.0,1208631970.0
sz000551,创元科技,2003-11-06,4.99,5.0,4.8,4.84,5.0,306040.0,1484729.6,536244334.56,1169955746.96
sz000551,创元科技,2003-11-07,4.8,5.1,4.75,4.96,4.84,507204.0,2480953.6,549539648.64,1198962914.24
sz000551,创元科技,2003-11-10,5.01,5.05,4.91,5.01,4.96,363710.0,1815425.6,555079362.84,1211049233.94
sz000551,创元科技,2003-11-11,5.05,5.05,4.95,5.0,5.01,225701.0,1128307.0,553971420.0,1208631970.0
sz000551,创元科技,2003-11-12,4.98,5.0,4.9,4.9,5.0,138100.0,682992.0,542891991.6,1184459330.6
sz000551,创元科技,2003-11-13,4.85,5.06,4.8,4.98,4.9,231401.0,1152594.2,551755534.32,1203797442.12
sz000551,创元科技,2003-11-14,5.0,5.07,4.97,5.05,4.98,318841.0,1604505.4,559511134.2,1220718289.7
sz000551,创元科技,2003-11-17,5.03,5.1,5.02,5.05,5.05,252100.0,1276528.0,559511134.2,1220718289.7
sz000551,创元科技,2003-11-18,5.03,5.03,4.95,4.98,5.05,94679.0,472145.5,551755534.32,1203797442.12
sz000551,创元科技,2003-11-19,5.0,5.2,4.95,5.14,4.98,793581.0,4076345.1,569482619.76,1242473665.16
sz000551,创元科技,2003-11-20,5.15,5.5,5.14,5.46,5.14,2000964.0,10757591.7,604936790.64,1319826111.24
sz000551,创元科技,2003-11-21,5.46,5.54,5.2,5.25,5.46,1117694.0,5981225.7,581669991.0,1269063568.5
sz000551,创元科技,2003-11-24,5.24,5.43,5.2,5.38,5.25,594105.0,3182813.3,596073247.92,1300487999.72
sz000551,创元科技,2003-11-25,5.43,5.54,5.33,5.4,5.38,1045779.0,5694909.5,598289133.6,1305322527.6
sz000551,创元科技,2003-11-26,5.39,5.44,5.32,5.41,5.4,564592.0,3034536.5,599397076.44,1307739791.54
sz000551,创元科技,2003-11-27,5.38,5.39,5.26,5.28,5.41,489900.0,2599337.0,584993819.52,1276315360.32
sz000551,创元科技,2003-11-28,5.29,5.37,5.23,5.3,5.28,280817.0,1484902.6,587209705.2,1281149888.2
sz000551,创元科技,2003-12-01,5.28,5.49,5.28,5.46,5.3,579032.0,3134975.4,604936790.64,1319826111.24
sz000551,创元科技,2003-12-02,5.46,5.6,5.45,5.47,5.46,1053610.0,5814230.4,606044733.48,1322243375.18
sz000551,创元科技,2003-12-03,5.47,5.5,5.4,5.45,5.47,390628.0,2128732.7,603828847.8,1317408847.3
sz000551,创元科技,2003-12-04,5.45,5.49,5.4,5.46,5.45,382826.0,2080731.8,604936790.64,1319826111.24
sz000551,创元科技,2003-12-05,5.47,5.64,5.45,5.58,5.46,1187626.0,6622349.3,618232104.72,1348833278.52
sz000551,创元科技,2003-12-08,5.58,5.6,5.42,5.46,5.58,386403.0,2121538.6,604936790.64,1319826111.24
sz000551,创元科技,2003-12-09,5.46,5.5,5.4,5.47,5.46,287846.0,1564829.7,606044733.48,1322243375.18
sz000551,创元科技,2003-12-10,5.49,5.67,5.46,5.65,5.47,962255.0,5367184.1,625987704.6,1365754126.1
sz000551,创元科技,2003-12-11,5.65,5.69,5.54,5.59,5.65,495995.0,2779485.6,619340047.56,1351250542.46
sz000551,创元科技,2003-12-12,5.6,5.6,5.52,5.59,5.59,297505.0,1653651.2,619340047.56,1351250542.46
sz000551,创元科技,2003-12-15,5.59,5.6,5.51,5.54,5.59,242824.0,1344878.0,613800333.36,1339164222.76
sz000551,创元科技,2003-12-16,5.54,5.54,5.32,5.4,5.54,466123.0,2507535.6,598289133.6,1305322527.6
sz000551,创元科技,2003-12-17,5.36,5.41,5.26,5.27,5.4,454371.0,2432928.9,583885876.68,1273898096.38
sz000551,创元科技,2003-12-18,5.26,5.3,5.15,5.2,5.27,293821.0,1537787.3,576130276.8,1256977248.8
sz000551,创元科技,2003-12-19,5.2,5.27,4.91,4.99,5.2,522882.0,2647971.2,552863477.16,1206214706.06
sz000551,创元科技,2003-12-22,4.98,5.26,4.98,5.24,4.99,569105.0,2890111.4,580562048.16,1266646304.56
sz000551,创元科技,2003-12-23,5.15,5.28,5.15,5.18,5.24,403000.0,2096470.7,573914391.12,1252142720.92
sz000551,创元科技,2003-12-24,5.12,5.23,5.12,5.22,5.18,362382.0,1868229.0,578346162.48,1261811776.68
sz000551,创元科技,2003-12-25,5.23,5.23,5.13,5.13,5.22,361800.0,1868253.0,568374676.92,1240056401.22
sz000551,创元科技,2003-12-26,5.13,5.2,5.11,5.18,5.13,232517.0,1198540.4,573914391.12,1252142720.92
sz000551,创元科技,2003-12-29,5.19,5.23,5.11,5.11,5.18,329504.0,1691870.5,566158791.24,1235221873.34
sz000551,创元科技,2003-12-30,5.11,5.11,5.01,5.05,5.11,307600.0,1550834.0,559511134.2,1220718289.7
sz000551,创元科技,2003-12-31,5.07,5.08,5.01,5.03,5.05,249054.0,1255119.5,557295248.52,1215883761.82
sz000551,创元科技,2004-01-02,5.03,5.13,5.01,5.04,5.03,235017.0,1187088.2,558403191.36,1218301025.76
sz000551,创元科技,2004-01-05,5.02,5.13,5.01,5.13,5.04,393533.0,2000825.5,568374676.92,1240056401.22
sz000551,创元科技,2004-01-06,5.14,5.15,4.99,5.1,5.13,810672.0,4100649.9,565050848.4,1232804609.4
sz000551,创元科技,2004-01-07,5.1,5.19,5.03,5.18,5.1,784813.0,3998178.2,573914391.12,1252142720.92
sz000551,创元科技,2004-01-08,5.21,5.35,5.21,5.29,5.18,1019772.0,5383219.2,586101762.36,1278732624.26
sz000551,创元科技,2004-01-09,5.3,5.37,5.22,5.24,5.29,854519.0,4504873.0,580562048.16,1266646304.56
sz000551,创元科技,2004-01-12,5.2,5.22,5.15,5.22,5.24,518415.0,2688583.1,578346162.48,1261811776.68
sz000551,创元科技,2004-01-13,5.22,5.35,5.16,5.35,5.22,824378.0,4363023.8,592749419.4,1293236207.9
sz000551,创元科技,2004-01-14,5.37,5.43,5.31,5.35,5.35,725695.0,3895948.2,592749419.4,1293236207.9
sz000551,创元科技,2004-01-15,5.32,5.37,5.25,5.28,5.35,431375.0,2282422.5,584993819.52,1276315360.32
sz000551,创元科技,2004-01-16,5.28,5.54,5.26,5.47,5.28,1651873.0,9034813.4,606044733.48,1322243375.18
sz000551,创元科技,2004-01-29,5.54,5.8,5.45,5.79,5.47,1727279.0,9779543.8,641498904.36,1399595821.26
sz000551,创元科技,2004-01-30,5.79,5.8,5.6,5.61,5.79,1013179.0,5751157.4,621555933.24,1356085070.34
sz000551,创元科技,2004-02-02,6.13,6.13,5.55,5.7,5.61,1540861.0,8932937.3,631527418.8,1377840445.8
sz000551,创元科技,2004-02-03,5.75,5.91,5.65,5.85,5.7,1504583.0,8746986.0,648146561.4,1414099404.9
sz000551,创元科技,2004-02-04,5.85,5.95,5.7,5.94,5.85,1450993.0,8482765.6,658118046.96,1435854780.36
sz000551,创元科技,2004-02-05,5.84,6.08,5.84,6.07,5.94,1544462.0,9177907.6,672521303.88,1467279211.58
sz000551,创元科技,2004-02-06,6.08,6.12,5.85,5.85,6.07,1423858.0,8495514.1,648146561.4,1414099404.9
sz000551,创元科技,2004-02-09,5.8,5.98,5.76,5.97,5.85,1089124.0,6441159.2,661441875.48,1443106572.18
sz000551,创元科技,2004-02-10,5.97,6.24,5.97,6.16,5.97,2273667.0,13887477.8,682492789.44,1489034587.04
sz000551,创元科技,2004-02-11,6.14,6.23,6.08,6.21,6.16,1814829.0,11197064.4,688032503.64,1501120906.74
sz000551,创元科技,2004-02-12,6.22,6.34,6.17,6.18,6.21,1311143.0,8197737.8,684708675.12,1493869114.92
sz000551,创元科技,2004-02-13,6.19,6.19,6.05,6.11,6.18,1242504.0,7607825.3,676953075.24,1476948267.34
sz000551,创元科技,2004-02-16,6.09,6.3,6.09,6.27,6.11,809616.0,5042443.0,694680160.68,1515624490.38
sz000551,创元科技,2004-02-17,6.3,6.5,6.29,6.43,6.27,1845137.0,11841346.0,712407246.12,1554300713.42
sz000551,创元科技,2004-02-18,6.43,6.49,6.35,6.41,6.43,1024028.0,6530530.3,710191360.44,1549466185.54
sz000551,创元科技,2004-02-19,6.36,6.42,6.29,6.36,6.41,904908.0,5736169.6,704651646.24,1537379865.84
sz000551,创元科技,2004-02-20,6.38,6.48,6.36,6.44,6.36,1058993.0,6789013.9,713515188.96,1556717977.36
sz000551,创元科技,2004-02-23,6.46,6.7,6.36,6.37,6.44,1714210.0,11182087.2,705759589.08,1539797129.78
sz000551,创元科技,2004-02-24,6.35,6.38,6.12,6.28,6.37,1653328.0,10377473.8,695788103.52,1518041754.32
sz000551,创元科技,2004-02-25,6.22,6.48,6.22,6.34,6.28,2019763.0,12880472.6,702435760.56,1532545337.96
sz000551,创元科技,2004-02-26,6.4,6.4,6.19,6.29,6.34,1492499.0,9371503.0,696896046.36,1520459018.26
sz000551,创元科技,2004-02-27,6.28,6.67,6.28,6.64,6.29,5083775.0,33254370.2,735674045.76,1605063256.16
sz000551,创元科技,2004-03-01,6.66,6.7,6.5,6.66,6.64,2640974.0,17462071.9,737889931.44,1609897784.04
sz000551,创元科技,2004-03-02,6.7,6.99,6.62,6.87,6.66,6493435.0,44516533.7,761156731.08,1660660326.78
sz000551,创元科技,2004-03-03,6.86,6.95,6.6,6.65,6.87,3226579.0,21940965.1,736781988.6,1607480520.1
sz000551,创元科技,2004-03-04,6.67,6.8,6.52,6.65,6.65,2421571.0,16111860.5,736781988.6,1607480520.1
sz000551,创元科技,2004-03-05,6.77,6.85,6.65,6.69,6.65,1811516.0,12202685.6,741213759.96,1617149575.86
sz000551,创元科技,2004-03-08,6.7,6.78,6.45,6.48,6.69,1495100.0,9883935.5,717946960.32,1566387033.12
sz000551,创元科技,2004-03-09,6.48,6.64,6.48,6.54,6.48,1339255.0,8756957.1,724594617.36,1580890616.76
sz000551,创元科技,2004-03-10,6.55,6.78,6.54,6.75,6.54,1350206.0,9026557.1,747861417.0,1631653159.5
sz000551,创元科技,2004-03-11,6.85,7.0,6.73,6.79,6.75,3308993.0,22723457.4,752293188.36,1641322215.26
sz000551,创元科技,2004-03-12,6.8,7.15,6.77,7.03,6.79,6956245.0,48586259.5,778883816.52,1699336549.82
sz000551,创元科技,2004-03-15,7.05,7.2,7.02,7.11,7.03,4337754.0,30794203.3,787747359.24,1718674661.34
sz000551,创元科技,2004-03-16,7.14,7.18,6.96,7.03,7.11,2146693.0,15110128.3,778883816.52,1699336549.82
sz000551,创元科技,2004-03-17,7.1,7.22,7.0,7.14,7.03,3426409.0,24419969.2,791071187.76,1725926453.16
sz000551,创元科技,2004-03-18,7.16,7.31,7.05,7.09,7.14,3707095.0,26653534.1,785531473.56,1713840133.46
sz000551,创元科技,2004-03-19,7.08,7.26,6.92,7.16,7.09,4281742.0,30536953.2,793287073.44,1730760981.04
sz000551,创元科技,2004-03-22,7.16,7.29,7.09,7.13,7.16,2662341.0,19047062.1,789963244.92,1723509189.22
sz000551,创元科技,2004-03-23,7.1,7.19,6.98,7.04,7.13,2615794.0,18410686.1,779991759.36,1701753813.76
sz000551,创元科技,2004-03-24,7.04,7.17,6.86,6.88,7.04,3848930.0,27036205.2,762264673.92,1663077590.72
sz000551,创元科技,2004-03-25,6.92,6.99,6.87,6.94,6.88,2232756.0,15442845.2,768912330.96,1677581174.36
sz000551,创元科技,2004-03-26,6.92,7.03,6.8,6.86,6.94,1681626.0,11555037.3,760048788.24,1658243062.84
sz000551,创元科技,2004-03-29,6.85,6.89,6.8,6.84,6.86,916290.0,6262319.4,757832902.56,1653408534.96
sz000551,创元科技,2004-03-30,6.84,6.99,6.84,6.99,6.84,1785639.0,12371681.6,774452045.16,1689667494.06
sz000551,创元科技,2004-03-31,7.02,7.12,6.91,7.04,6.99,2733753.0,19252391.9,779991759.36,1701753813.76
sz000551,创元科技,2004-04-01,7.06,7.09,6.92,6.96,7.04,1809520.0,12614820.6,771128216.64,1682415702.24
sz000551,创元科技,2004-04-02,6.96,6.96,6.82,6.9,6.96,1727061.0,11868249.6,764480559.6,1667912118.6
sz000551,创元科技,2004-04-05,6.86,6.96,6.83,6.95,6.9,1073120.0,7412228.6,770020273.8,1679998438.3
sz000551,创元科技,2004-04-06,6.96,7.1,6.88,7.1,6.95,1695800.0,11843092.6,786639416.4,1716257397.4
sz000551,创元科技,2004-04-07,7.12,7.15,7.0,7.07,7.1,1424019.0,10087399.5,783315587.88,1709005605.58
sz000551,创元科技,2004-04-08,7.07,7.16,7.03,7.12,7.07,1367532.0,9698029.0,788855302.08,1721091925.28
sz000551,创元科技,2004-04-09,7.12,7.12,6.8,6.82,7.12,1407844.0,9797824.3,755617016.88,1648574007.08
sz000551,创元科技,2004-04-12,6.82,6.89,6.65,6.72,6.82,874088.0,5898624.9,744537588.48,1624401367.68
sz000551,创元科技,2004-04-13,6.72,6.8,6.64,6.67,6.72,732637.0,4910899.5,738997874.28,1612315047.98
sz000551,创元科技,2004-04-14,6.68,6.81,6.58,6.65,6.67,907515.0,6052760.9,736781988.6,1607480520.1
sz000551,创元科技,2004-04-15,6.62,6.74,6.52,6.54,6.65,426350.0,2818789.5,724594617.36,1580890616.76
sz000551,创元科技,2004-04-16,6.54,6.59,6.21,6.46,6.54,1049241.0,6725127.2,715731074.64,1561552505.24
sz000551,创元科技,2004-04-19,6.5,6.5,6.31,6.31,6.46,414890.0,2648670.1,699111932.04,1525293546.14
sz000551,创元科技,2004-04-20,6.31,6.39,6.24,6.35,6.31,345233.0,2179725.7,703543703.4,1534962601.9
sz000551,创元科技,2004-04-21,6.4,6.5,6.35,6.38,6.35,378085.0,2423361.2,706867531.92,1542214393.72
sz000551,创元科技,2004-04-22,6.36,6.49,6.33,6.48,6.38,285277.0,1835110.3,717946960.32,1566387033.12
sz000551,创元科技,2004-04-23,6.48,6.48,6.23,6.4,6.48,495443.0,3164940.1,709083417.6,1547048921.6
sz000551,创元科技,2004-04-26,6.38,6.45,6.26,6.31,6.4,432728.0,2748632.1,699111932.04,1525293546.14
sz000551,创元科技,2004-04-27,6.33,6.37,6.1,6.12,6.31,478948.0,2986110.0,678061018.08,1479365531.28
sz000551,创元科技,2004-04-28,6.14,6.3,6.13,6.24,6.12,590620.0,3670587.4,691356332.16,1508372698.56
sz000551,创元科技,2004-04-29,6.24,6.28,6.12,6.12,6.24,371450.0,2293529.0,678061018.08,1479365531.28
sz000551,创元科技,2004-04-30,6.12,6.21,6.01,6.12,6.12,234667.0,1437109.4,678061018.08,1479365531.28
sz000551,创元科技,2004-05-10,6.12,6.25,5.9,5.9,6.12,270500.0,1630554.5,653686275.6,1426185724.6
sz000551,创元科技,2004-05-11,5.9,5.98,5.8,5.86,5.9,284053.0,1668841.6,649254504.24,1416516668.84
sz000551,创元科技,2004-05-12,5.86,6.1,5.83,6.09,5.86,401806.0,2408496.4,674737189.56,1472113739.46
sz000551,创元科技,2004-05-13,6.09,6.09,5.99,6.02,6.09,227710.0,1373134.6,666981589.68,1455192891.88
sz000551,创元科技,2004-05-14,6.0,6.0,5.84,5.88,6.02,221510.0,1308138.6,651470389.92,1421351196.72
sz000551,创元科技,2004-05-17,5.81,5.95,5.8,5.9,5.88,142250.0,838544.9,653686275.6,1426185724.6
sz000551,创元科技,2004-05-18,5.96,6.11,5.9,6.07,5.9,346618.0,2083177.4,672521303.88,1467279211.58
sz000551,创元科技,2004-05-19,6.08,6.18,6.05,6.11,6.07,475010.0,2914253.6,676953075.24,1476948267.34
sz000551,创元科技,2004-05-20,6.06,6.12,5.98,5.99,6.11,246785.0,1490978.3,663657761.16,1447941100.06
sz000551,创元科技,2004-05-21,5.95,6.03,5.9,6.02,5.99,157900.0,942732.0,666981589.68,1455192891.88
sz000551,创元科技,2004-05-24,6.03,6.08,5.94,5.95,6.02,133200.0,800413.0,659225989.8,1438272044.3
sz000551,创元科技,2004-05-26,5.88,6.04,5.7,6.03,5.95,600490.0,3501580.7,668089532.52,1457610155.82
sz000551,创元科技,2004-05-27,6.08,6.6,6.06,6.48,6.03,3048320.0,19340192.0,717946960.32,1566387033.12
sz000551,创元科技,2004-05-28,6.4,6.46,6.31,6.37,6.48,1157306.0,7384365.2,705759589.08,1539797129.78
sz000551,创元科技,2004-05-31,6.36,6.48,6.3,6.48,6.37,652574.0,4184118.2,717946960.32,1566387033.12
sz000551,创元科技,2004-06-01,6.49,6.53,6.37,6.51,6.48,722936.0,4668710.0,721270788.84,1573638824.94
sz000551,创元科技,2004-06-02,6.52,6.52,6.34,6.41,6.51,585512.0,3744018.4,710191360.44,1549466185.54
sz000551,创元科技,2004-06-03,6.39,6.39,6.13,6.15,6.41,887999.0,5514153.9,681384846.6,1486617323.1
sz000551,创元科技,2004-06-04,6.15,6.3,6.14,6.19,6.15,374750.0,2327061.0,685816617.96,1496286378.86
sz000551,创元科技,2004-06-07,6.16,6.16,5.92,6.0,6.19,468299.0,2815691.1,664765704.0,1450358364.0
sz000551,创元科技,2004-06-08,5.98,6.08,5.96,6.03,6.0,263320.0,1581990.2,668089532.52,1457610155.82
sz000551,创元科技,2004-06-09,6.01,6.09,5.61,5.61,6.03,550595.0,3188795.6,621555933.24,1356085070.34
sz000551,创元科技,2004-06-10,5.6,5.75,5.55,5.63,5.61,378011.0,2132492.3,623771818.92,1360919598.22
sz000551,创元科技,2004-06-11,5.73,5.85,5.62,5.65,5.63,340192.0,1956486.9,625987704.6,1365754126.1
sz000551,创元科技,2004-06-14,5.6,5.62,5.35,5.43,5.65,313284.0,1708065.2,601612962.12,1312574319.42
sz000551,创元科技,2004-06-15,5.45,5.57,5.38,5.53,5.43,197451.0,1084357.0,612692390.52,1336746958.82
sz000551,创元科技,2004-06-16,5.5,5.61,5.43,5.52,5.53,210631.0,1163654.7,611584447.68,1334329694.88
sz000551,创元科技,2004-06-17,5.5,5.61,5.37,5.39,5.52,299900.0,1639062.0,597181190.76,1302905263.66
sz000551,创元科技,2004-06-18,5.31,5.45,5.3,5.44,5.39,133895.0,722426.2,602720904.96,1314991583.36
sz000551,创元科技,2004-06-21,5.5,5.58,5.4,5.58,5.44,177800.0,977423.0,618232104.72,1348833278.52
sz000551,创元科技,2004-06-22,5.59,5.68,5.5,5.59,5.58,230904.0,1291614.7,619340047.56,1351250542.46
sz000551,创元科技,2004-06-23,5.55,5.55,5.45,5.48,5.59,129512.0,710520.6,607152676.32,1324660639.12
sz000551,创元科技,2004-06-24,5.59,5.59,5.46,5.46,5.48,139400.0,769337.0,604936790.64,1319826111.24
sz000551,创元科技,2004-06-25,5.41,5.48,5.32,5.36,5.46,239500.0,1294105.6,593857362.24,1295653471.84
sz000551,创元科技,2004-06-28,5.34,5.39,5.01,5.09,5.36,256250.0,1318381.0,563942905.56,1230387345.46
sz000551,创元科技,2004-06-29,5.1,5.23,5.05,5.14,5.09,200903.0,1022797.2,569482619.76,1242473665.16
sz000551,创元科技,2004-06-30,5.17,5.17,5.04,5.07,5.14,108860.0,556035.5,561727019.88,1225552817.58
sz000551,创元科技,2004-07-01,5.07,5.3,5.05,5.3,5.07,376063.0,1962602.9,587209705.2,1281149888.2
sz000551,创元科技,2004-07-02,5.28,5.29,5.2,5.28,5.3,228023.0,1193905.8,584993819.52,1276315360.32
sz000551,创元科技,2004-07-05,5.21,5.25,5.16,5.25,5.28,99152.0,516356.4,581669991.0,1269063568.5
sz000551,创元科技,2004-07-06,5.21,5.34,5.21,5.27,5.25,201305.0,1064516.2,583885876.68,1273898096.38
sz000551,创元科技,2004-07-07,5.23,5.23,5.15,5.16,5.27,118400.0,614634.0,571698505.44,1247308193.04
sz000551,创元科技,2004-07-08,5.15,5.21,5.12,5.21,5.16,132513.0,681934.6,577238219.64,1259394512.74
sz000551,创元科技,2004-07-09,5.2,5.22,5.13,5.21,5.21,170989.0,887969.8,577238219.64,1259394512.74
sz000551,创元科技,2004-07-12,5.15,5.15,5.05,5.08,5.21,161600.0,821826.0,562834962.72,1227970081.52
sz000551,创元科技,2004-07-13,5.05,5.21,5.04,5.21,5.08,154529.0,789854.1,577238219.64,1259394512.74
sz000551,创元科技,2004-07-14,5.2,5.23,5.04,5.21,5.21,292304.0,1498193.2,577238219.64,1259394512.74
sz000551,创元科技,2004-07-15,5.2,5.51,5.1,5.33,5.21,734873.0,3875677.8,590533533.72,1288401680.02
sz000551,创元科技,2004-07-16,5.35,5.45,5.31,5.41,5.33,608989.0,3281773.7,599397076.44,1307739791.54
sz000551,创元科技,2004-07-19,5.33,5.5,5.31,5.39,5.41,342055.0,1844215.1,597181190.76,1302905263.66
sz000551,创元科技,2004-07-20,5.36,5.36,5.2,5.35,5.39,277750.0,1476700.5,592749419.4,1293236207.9
sz000551,创元科技,2004-07-21,5.35,5.35,5.2,5.21,5.35,339891.0,1781218.6,577238219.64,1259394512.74
sz000551,创元科技,2004-07-22,5.21,5.27,5.13,5.14,5.21,251500.0,1309181.0,569482619.76,1242473665.16
sz000551,创元科技,2004-07-23,5.04,5.12,5.04,5.12,5.04,178005.0,903245.2,567266734.08,1237639137.28
sz000551,创元科技,2004-07-26,5.06,5.11,5.03,5.05,5.12,227000.0,1148098.0,559511134.2,1220718289.7
sz000551,创元科技,2004-07-27,5.05,5.1,5.03,5.08,5.05,240110.0,1214822.4,562834962.72,1227970081.52
sz000551,创元科技,2004-07-28,5.09,5.12,4.98,5.1,5.08,204550.0,1034296.5,565050848.4,1232804609.4
sz000551,创元科技,2004-07-29,5.18,5.18,5.07,5.13,5.1,195184.0,996596.9,568374676.92,1240056401.22
sz000551,创元科技,2004-07-30,5.14,5.16,5.05,5.08,5.13,150400.0,766455.0,562834962.72,1227970081.52
sz000551,创元科技,2004-08-02,5.05,5.11,5.02,5.1,5.08,168725.0,851816.8,565050848.4,1232804609.4
sz000551,创元科技,2004-08-03,5.12,5.18,5.11,5.12,5.1,229425.0,1177988.0,567266734.08,1237639137.28
sz000551,创元科技,2004-08-04,5.12,5.3,5.09,5.25,5.12,358107.0,1870133.2,581669991.0,1269063568.5
sz000551,创元科技,2004-08-05,5.25,5.25,5.15,5.16,5.25,165000.0,856573.0,571698505.44,1247308193.04
sz000551,创元科技,2004-08-06,5.17,5.19,5.09,5.11,5.16,115400.0,591764.0,566158791.24,1235221873.34
sz000551,创元科技,2004-08-09,5.07,5.11,5.03,5.05,5.11,143650.0,727232.0,559511134.2,1220718289.7
sz000551,创元科技,2004-08-10,5.07,5.14,5.06,5.1,5.05,101849.0,517406.9,565050848.4,1232804609.4
sz000551,创元科技,2004-08-11,5.11,5.12,4.98,4.99,5.1,225400.0,1131525.0,552863477.16,1206214706.06
sz000551,创元科技,2004-08-12,4.99,4.99,4.8,4.84,4.99,294200.0,1428283.8,536244334.56,1169955746.96
sz000551,创元科技,2004-08-13,4.82,4.94,4.82,4.85,4.84,120293.0,584919.6,537352277.4,1172373010.9
sz000551,创元科技,2004-08-16,4.85,4.9,4.78,4.82,4.85,118300.0,570488.0,534028448.88,1165121219.08
sz000551,创元科技,2004-08-17,4.88,4.89,4.82,4.83,4.82,121099.0,586761.0,535136391.72,1167538483.02
sz000551,创元科技,2004-08-18,4.81,4.9,4.81,4.84,4.83,139049.0,673522.7,536244334.56,1169955746.96
sz000551,创元科技,2004-08-19,4.82,4.86,4.7,4.7,4.84,339300.0,1613529.0,520733134.8,1136114051.8
sz000551,创元科技,2004-08-20,4.66,4.87,4.65,4.75,4.7,257451.0,1211876.8,526272849.0,1148200371.5
sz000551,创元科技,2004-08-23,4.8,4.8,4.71,4.77,4.75,95150.0,451444.5,528488734.68,1153034899.38
sz000551,创元科技,2004-08-24,4.78,4.96,4.76,4.95,4.77,350650.0,1719853.0,548431705.8,1196545650.3
sz000551,创元科技,2004-08-25,4.98,5.06,4.9,4.96,4.95,504164.0,2511634.6,549539648.64,1198962914.24
sz000551,创元科技,2004-08-26,4.95,4.95,4.85,4.89,4.96,151759.0,740397.2,541784048.76,1182042066.66
sz000551,创元科技,2004-08-27,4.88,4.93,4.78,4.87,4.89,141837.0,687302.7,539568163.08,1177207538.78
sz000551,创元科技,2004-08-30,4.95,4.95,4.75,4.88,4.87,140900.0,680891.0,540676105.92,1179624802.72
sz000551,创元科技,2004-08-31,5.1,5.18,5.0,5.02,4.88,814145.0,4103924.0,556187305.68,1213466497.88
sz000551,创元科技,2004-09-01,5.0,5.0,4.86,4.88,5.02,157400.0,774095.0,540676105.92,1179624802.72
sz000551,创元科技,2004-09-02,4.89,5.0,4.82,4.98,4.88,127573.0,629479.7,551755534.32,1203797442.12
sz000551,创元科技,2004-09-03,4.96,5.01,4.92,4.96,4.98,169400.0,842691.0,549539648.64,1198962914.24
sz000551,创元科技,2004-09-06,4.92,4.97,4.92,4.96,4.96,73701.0,363805.9,549539648.64,1198962914.24
sz000551,创元科技,2004-09-07,4.92,4.96,4.91,4.94,4.96,89000.0,438230.0,547323762.96,1194128386.36
sz000551,创元科技,2004-09-08,4.95,4.95,4.88,4.91,4.94,83200.0,409251.0,543999934.44,1186876594.54
sz000551,创元科技,2004-09-09,4.86,4.89,4.81,4.82,4.91,117600.0,569684.8,534028448.88,1165121219.08
sz000551,创元科技,2004-09-10,4.89,4.89,4.7,4.82,4.82,98803.0,475123.5,534028448.88,1165121219.08
sz000551,创元科技,2004-09-13,4.75,4.78,4.66,4.66,4.82,140500.0,661769.0,516301363.44,1126444996.04
sz000551,创元科技,2004-09-14,4.8,4.87,4.75,4.81,4.66,185800.0,893278.0,532920506.04,1162703955.14
sz000551,创元科技,2004-09-15,4.85,5.11,4.81,5.07,4.81,641241.0,3225869.1,561727019.88,1225552817.58
sz000551,创元科技,2004-09-16,5.06,5.2,5.03,5.16,5.07,819395.0,4203148.3,571698505.44,1247308193.04
sz000551,创元科技,2004-09-17,5.13,5.49,5.07,5.48,5.16,1307470.0,6836826.6,607152676.32,1324660639.12
sz000551,创元科技,2004-09-20,5.48,5.8,5.45,5.75,5.48,3047769.0,17064747.3,637067133.0,1389926765.5
sz000551,创元科技,2004-09-21,5.72,5.72,5.5,5.6,5.75,1731366.0,9721426.8,620447990.4,1353667806.4
sz000551,创元科技,2004-09-22,5.57,5.57,5.36,5.37,5.6,914350.0,4989077.9,594965305.08,1298070735.78
sz000551,创元科技,2004-09-23,5.38,5.57,5.35,5.56,5.37,518302.0,2812519.1,616016219.04,1343998750.64
sz000551,创元科技,2004-09-24,5.6,5.65,5.31,5.32,5.56,1020500.0,5611963.0,589425590.88,1285984416.08
sz000551,创元科技,2004-09-27,5.41,5.49,5.16,5.22,5.32,439410.0,2338943.0,578346162.48,1261811776.68
sz000551,创元科技,2004-09-28,5.22,5.3,5.15,5.24,5.22,294701.0,1536926.5,580562048.16,1266646304.56
sz000551,创元科技,2004-09-29,5.29,5.29,5.17,5.2,5.24,215200.0,1123698.0,576130276.8,1256977248.8
sz000551,创元科技,2004-09-30,5.21,5.22,5.01,5.06,5.2,351593.0,1801006.7,560619077.04,1223135553.64
sz000551,创元科技,2004-10-08,5.09,5.22,5.05,5.22,5.06,189022.0,971005.9,578346162.48,1261811776.68
sz000551,创元科技,2004-10-11,5.23,5.37,5.15,5.22,5.22,391153.0,2043759.6,578346162.48,1261811776.68
sz000551,创元科技,2004-10-12,5.22,5.25,5.11,5.11,5.22,286210.0,1483886.0,566158791.24,1235221873.34
sz000551,创元科技,2004-10-13,5.1,5.19,5.1,5.17,5.11,232250.0,1193023.0,572806448.28,1249725456.98
sz000551,创元科技,2004-10-14,5.13,5.13,4.88,4.9,5.17,529600.0,2647172.1,542891991.6,1184459330.6
sz000551,创元科技,2004-10-15,4.9,4.97,4.82,4.96,4.9,296000.0,1448883.0,549539648.64,1198962914.24
sz000551,创元科技,2004-10-18,5.15,5.46,5.13,5.46,4.96,4031392.0,21592833.4,604936790.64,1319826111.24
sz000551,创元科技,2004-10-19,5.49,5.63,5.32,5.37,5.46,3952003.0,21697335.1,594965305.08,1298070735.78
sz000551,创元科技,2004-10-20,5.3,5.3,5.12,5.26,5.37,1473879.0,7654291.0,582777933.84,1271480832.44
sz000551,创元科技,2004-10-21,5.26,5.37,5.16,5.17,5.26,1191643.0,6265745.9,572806448.28,1249725456.98
sz000551,创元科技,2004-10-22,5.1,5.1,4.75,4.94,5.17,1470511.0,7249024.6,547323762.96,1194128386.36
sz000551,创元科技,2004-10-25,5.0,5.11,4.88,4.93,4.94,655512.0,3244964.8,546215820.12,1191711122.42
sz000551,创元科技,2004-10-26,4.93,5.09,4.93,5.09,4.93,491624.0,2468228.7,563942905.56,1230387345.46
sz000551,创元科技,2004-10-27,5.09,5.15,4.96,5.15,5.09,774729.0,3919659.0,570590562.6,1244890929.1
sz000551,创元科技,2004-10-28,5.15,5.22,5.08,5.11,5.15,640784.0,3299722.4,566158791.24,1235221873.34
sz000551,创元科技,2004-10-29,5.0,5.0,4.71,4.91,5.11,565269.0,2782981.6,543999934.44,1186876594.54
sz000551,创元科技,2004-11-01,4.9,4.99,4.86,4.91,4.91,177020.0,872732.0,543999934.44,1186876594.54
sz000551,创元科技,2004-11-02,4.91,4.96,4.88,4.95,4.91,182670.0,899887.1,548431705.8,1196545650.3
sz000551,创元科技,2004-11-03,5.0,5.05,4.94,5.05,4.95,279002.0,1393266.9,559511134.2,1220718289.7
sz000551,创元科技,2004-11-04,5.07,5.07,4.88,4.88,5.05,285918.0,1421497.8,540676105.92,1179624802.72
sz000551,创元科技,2004-11-05,4.93,4.95,4.88,4.9,4.88,270700.0,1326079.0,542891991.6,1184459330.6
sz000551,创元科技,2004-11-08,4.88,4.91,4.85,4.9,4.9,125490.0,613284.3,542891991.6,1184459330.6
sz000551,创元科技,2004-11-09,4.89,4.95,4.88,4.92,4.9,123430.0,605128.4,545107877.28,1189293858.48
sz000551,创元科技,2004-11-10,4.97,5.14,4.91,5.11,4.92,781336.0,3960060.2,566158791.24,1235221873.34
sz000551,创元科技,2004-11-11,5.15,5.3,5.07,5.1,5.11,1221015.0,6335016.1,565050848.4,1232804609.4
sz000551,创元科技,2004-11-12,5.1,5.15,5.05,5.13,5.1,416450.0,2124411.0,568374676.92,1240056401.22
sz000551,创元科技,2004-11-15,5.12,5.19,5.07,5.18,5.13,387496.0,1989862.7,573914391.12,1252142720.92
sz000551,创元科技,2004-11-16,5.21,5.22,5.12,5.16,5.18,305200.0,1579275.1,571698505.44,1247308193.04
sz000551,创元科技,2004-11-17,5.09,5.15,5.06,5.07,5.16,224691.0,1144144.5,561727019.88,1225552817.58
sz000551,创元科技,2004-11-18,5.05,5.18,5.05,5.15,5.07,242000.0,1238717.9,570590562.6,1244890929.1
sz000551,创元科技,2004-11-19,5.18,5.29,5.14,5.26,5.15,759513.0,3961369.2,582777933.84,1271480832.44
sz000551,创元科技,2004-11-22,5.12,5.3,5.12,5.29,5.26,632437.0,3322375.0,586101762.36,1278732624.26
sz000551,创元科技,2004-11-23,5.32,5.35,5.2,5.3,5.29,508640.0,2676403.7,587209705.2,1281149888.2
sz000551,创元科技,2004-11-24,5.3,5.3,5.11,5.11,5.3,384700.0,2001779.0,566158791.24,1235221873.34
sz000551,创元科技,2004-11-25,5.08,5.16,5.06,5.11,5.11,326634.0,1669334.6,566158791.24,1235221873.34
sz000551,创元科技,2004-11-26,5.11,5.22,5.11,5.15,5.11,194940.0,1005747.2,570590562.6,1244890929.1
sz000551,创元科技,2004-11-29,5.13,5.15,4.9,4.97,5.15,425300.0,2139533.1,550647591.48,1201380178.18
sz000551,创元科技,2004-11-30,5.03,5.08,4.97,5.07,4.97,217152.0,1090820.1,561727019.88,1225552817.58
sz000551,创元科技,2004-12-01,5.07,5.12,5.02,5.08,5.07,294752.0,1497456.7,562834962.72,1227970081.52
sz000551,创元科技,2004-12-02,5.11,5.44,5.06,5.43,5.08,2104462.0,11132404.2,601612962.12,1312574319.42
sz000551,创元科技,2004-12-03,5.5,5.58,5.29,5.31,5.43,3304274.0,17983062.8,588317648.04,1283567152.14
sz000551,创元科技,2004-12-06,5.39,5.48,5.33,5.4,5.31,948240.0,5122501.0,598289133.6,1305322527.6
sz000551,创元科技,2004-12-07,5.42,5.46,5.3,5.32,5.4,616832.0,3310212.3,589425590.88,1285984416.08
sz000551,创元科技,2004-12-08,5.28,5.38,5.26,5.28,5.32,339044.0,1795177.4,584993819.52,1276315360.32
sz000551,创元科技,2004-12-09,5.26,5.34,5.21,5.27,5.28,309269.0,1637814.1,583885876.68,1273898096.38
sz000551,创元科技,2004-12-10,5.31,5.44,5.06,5.17,5.27,1379926.0,7213132.6,572806448.28,1249725456.98
sz000551,创元科技,2004-12-13,5.1,5.15,5.03,5.1,5.17,367039.0,1862132.1,565050848.4,1232804609.4
sz000551,创元科技,2004-12-14,5.04,5.13,5.04,5.09,5.1,214461.0,1088565.8,563942905.56,1230387345.46
sz000551,创元科技,2004-12-15,5.05,5.08,4.92,5.02,5.09,404076.0,2021639.5,556187305.68,1213466497.88
sz000551,创元科技,2004-12-16,5.0,5.03,4.94,4.97,5.02,232270.0,1155333.5,550647591.48,1201380178.18
sz000551,创元科技,2004-12-17,4.95,5.02,4.91,4.95,4.97,234326.0,1161826.4,548431705.8,1196545650.3
sz000551,创元科技,2004-12-20,4.95,5.04,4.89,5.04,4.95,434500.0,2152145.0,558403191.36,1218301025.76
sz000551,创元科技,2004-12-21,5.12,5.48,5.12,5.28,5.04,3422634.0,18103354.6,584993819.52,1276315360.32
sz000551,创元科技,2004-12-22,5.25,5.4,5.2,5.38,5.28,1808538.0,9624888.4,596073247.92,1300487999.72
sz000551,创元科技,2004-12-23,5.45,5.56,5.3,5.32,5.38,2566219.0,13925056.3,589425590.88,1285984416.08
sz000551,创元科技,2004-12-24,5.32,5.46,5.3,5.38,5.32,1128767.0,6093661.4,596073247.92,1300487999.72
sz000551,创元科技,2004-12-27,5.39,5.39,5.22,5.3,5.38,556000.0,2941468.0,587209705.2,1281149888.2
sz000551,创元科技,2004-12-28,5.27,5.34,5.2,5.3,5.3,414364.0,2186135.8,587209705.2,1281149888.2
sz000551,创元科技,2004-12-29,5.28,5.36,5.23,5.27,5.3,411914.0,2177978.1,583885876.68,1273898096.38
sz000551,创元科技,2004-12-30,5.26,5.26,5.08,5.13,5.27,657008.0,3388691.4,568374676.92,1240056401.22
sz000551,创元科技,2004-12-31,5.2,5.3,5.16,5.19,5.13,675017.0,3527193.1,575022333.96,1254559984.86
sz000551,创元科技,2005-01-04,5.15,5.25,5.04,5.22,5.19,382300.0,1983984.9,578346162.48,1261811776.68
sz000551,创元科技,2005-01-05,5.21,5.44,5.15,5.4,5.22,990736.0,5301796.2,598289133.6,1305322527.6
sz000551,创元科技,2005-01-06,5.38,5.4,5.26,5.35,5.4,593002.0,3160051.1,592749419.4,1293236207.9
sz000551,创元科技,2005-01-07,5.35,5.46,5.33,5.38,5.35,784596.0,4232714.3,596073247.92,1300487999.72
sz000551,创元科技,2005-01-10,5.38,5.42,5.29,5.41,5.38,423784.0,2276639.9,599397076.44,1307739791.54
sz000551,创元科技,2005-01-11,5.4,5.48,5.3,5.48,5.41,920905.0,4967988.6,607152676.32,1324660639.12
sz000551,创元科技,2005-01-12,5.48,5.58,5.43,5.52,5.48,1762704.0,9717984.1,611584447.68,1334329694.88
sz000551,创元科技,2005-01-13,5.55,5.62,5.45,5.47,5.52,1634731.0,9041745.8,606044733.48,1322243375.18
sz000551,创元科技,2005-01-14,5.47,5.5,5.35,5.35,5.47,770842.0,4171859.5,592749419.4,1293236207.9
sz000551,创元科技,2005-01-17,5.28,5.45,5.26,5.43,5.35,959412.0,5170003.4,601612962.12,1312574319.42
sz000551,创元科技,2005-01-18,5.43,5.53,5.38,5.52,5.43,973450.0,5313509.6,611584447.68,1334329694.88
sz000551,创元科技,2005-01-19,5.52,5.55,5.44,5.46,5.52,598980.0,3279254.4,604936790.64,1319826111.24
sz000551,创元科技,2005-01-20,5.43,5.44,5.31,5.39,5.46,726925.0,3897406.3,597181190.76,1302905263.66
sz000551,创元科技,2005-01-21,5.33,5.42,4.85,5.26,5.39,1422331.0,7486074.6,582777933.84,1271480832.44
sz000551,创元科技,2005-01-24,5.45,5.5,5.3,5.39,5.26,941459.0,5078511.5,597181190.76,1302905263.66
sz000551,创元科技,2005-01-25,5.35,5.39,5.25,5.31,5.39,554780.0,2948212.3,588317648.04,1283567152.14
sz000551,创元科技,2005-01-26,5.3,5.38,5.25,5.36,5.31,422504.0,2251862.5,593857362.24,1295653471.84
sz000551,创元科技,2005-01-27,5.38,5.44,5.26,5.26,5.36,641230.0,3425193.8,582777933.84,1271480832.44
sz000551,创元科技,2005-01-28,5.26,5.29,5.01,5.09,5.26,637575.0,3272401.5,563942905.56,1230387345.46
sz000551,创元科技,2005-01-31,5.05,5.12,5.01,5.05,5.09,456899.0,2304876.0,559511134.2,1220718289.7
sz000551,创元科技,2005-02-01,5.12,5.23,5.1,5.1,5.05,504109.0,2594448.8,565050848.4,1232804609.4
sz000551,创元科技,2005-02-02,5.21,5.43,5.15,5.42,5.1,921243.0,4876880.3,600505019.28,1310157055.48
sz000551,创元科技,2005-02-03,5.46,5.49,5.31,5.37,5.42,913003.0,4924101.8,594965305.08,1298070735.78
sz000551,创元科技,2005-02-04,5.35,5.48,5.33,5.46,5.37,798182.0,4328351.7,604936790.64,1319826111.24
sz000551,创元科技,2005-02-16,5.5,5.5,5.34,5.4,5.46,479692.0,2593340.1,598289133.6,1305322527.6
sz000551,创元科技,2005-02-17,5.38,5.41,5.28,5.4,5.4,406466.0,2171339.7,598289133.6,1305322527.6
sz000551,创元科技,2005-02-18,5.33,5.38,5.27,5.31,5.4,338340.0,1797587.9,588317648.04,1283567152.14
sz000551,创元科技,2005-02-21,5.34,5.84,5.34,5.74,5.31,4415900.0,24975040.5,635959190.16,1387509501.56
sz000551,创元科技,2005-02-22,5.7,6.04,5.64,5.88,5.74,5254989.0,30823854.7,651470389.92,1421351196.72
sz000551,创元科技,2005-02-23,5.88,6.23,5.75,6.1,5.88,3912971.0,23376526.4,675845132.4,1474531003.4
sz000551,创元科技,2005-02-24,6.05,6.08,5.92,5.98,6.1,2295504.0,13745940.8,662549818.32,1445523836.12
sz000551,创元科技,2005-02-25,5.96,6.18,5.94,5.95,5.98,2863989.0,17327432.9,659225989.8,1438272044.3
sz000551,创元科技,2005-02-28,5.94,5.94,5.79,5.84,5.95,1739312.0,10166796.0,647038618.56,1411682140.96
sz000551,创元科技,2005-03-01,5.8,5.93,5.77,5.93,5.84,1117534.0,6557894.2,657010104.12,1433437516.42
sz000551,创元科技,2005-03-02,6.01,6.17,5.82,5.84,5.93,2002514.0,12005293.6,647038618.56,1411682140.96
sz000551,创元科技,2005-03-03,5.79,6.0,5.67,5.97,5.84,1520671.0,8860832.5,661441875.48,1443106572.18
sz000551,创元科技,2005-03-04,5.98,6.12,5.92,6.02,5.97,2346772.0,14185629.0,666981589.68,1455192891.88
sz000551,创元科技,2005-03-07,6.09,6.1,5.86,6.03,6.02,883912.0,5274075.1,668089532.52,1457610155.82
sz000551,创元科技,2005-03-08,6.05,6.45,6.05,6.34,6.03,3376043.0,21232601.9,702435760.56,1532545337.96
sz000551,创元科技,2005-03-09,6.34,6.37,6.22,6.32,6.34,1729032.0,10893016.1,700219874.88,1527710810.08
sz000551,创元科技,2005-03-10,6.33,6.48,6.11,6.16,6.32,3276477.0,20800362.1,682492789.44,1489034587.04
sz000551,创元科技,2005-03-11,6.11,6.2,6.06,6.2,6.16,1386104.0,8516985.7,686924560.8,1498703642.8
sz000551,创元科技,2005-03-14,6.17,6.31,6.01,6.14,6.2,1312350.0,8069927.4,680276903.76,1484200059.16
sz000551,创元科技,2005-03-15,6.2,6.2,5.91,5.92,6.14,1398296.0,8415992.4,655902161.28,1431020252.48
sz000551,创元科技,2005-03-16,5.9,5.9,5.76,5.83,5.92,1097279.0,6390942.2,645930675.72,1409264877.02
sz000551,创元科技,2005-03-17,5.85,5.93,5.76,5.77,5.83,792502.0,4633086.4,639283018.68,1394761293.38
sz000551,创元科技,2005-03-18,5.77,5.85,5.4,5.49,5.77,1314935.0,7357810.3,608260619.16,1327077903.06
sz000551,创元科技,2005-03-21,5.46,5.59,5.42,5.59,5.49,677326.0,3741064.5,619340047.56,1351250542.46
sz000551,创元科技,2005-03-22,5.59,5.73,5.41,5.66,5.59,1382045.0,7702234.0,627095647.44,1368171390.04
sz000551,创元科技,2005-03-23,5.64,5.72,5.5,5.53,5.66,888914.0,4988238.7,612692390.52,1336746958.82
sz000551,创元科技,2005-03-24,5.52,5.59,5.43,5.59,5.53,540104.0,2978232.8,619340047.56,1351250542.46
sz000551,创元科技,2005-03-25,5.58,5.63,5.46,5.49,5.59,604481.0,3354753.6,608260619.16,1327077903.06
sz000551,创元科技,2005-03-28,5.49,5.49,5.01,5.17,5.49,1419353.0,7288711.1,572806448.28,1249725456.98
sz000551,创元科技,2005-03-29,5.11,5.18,5.01,5.02,5.17,675999.0,3441929.1,556187305.68,1213466497.88
sz000551,创元科技,2005-03-30,4.97,5.12,4.85,4.88,5.02,1091720.0,5455693.4,540676105.92,1179624802.72
sz000551,创元科技,2005-03-31,4.88,5.02,4.76,5.01,4.88,1348296.0,6605775.6,555079362.84,1211049233.94
sz000551,创元科技,2005-04-01,5.0,5.26,4.85,5.13,5.01,1296200.0,6506529.8,568374676.92,1240056401.22
sz000551,创元科技,2005-04-04,5.04,5.07,4.95,4.96,5.13,724366.0,3633506.2,549539648.64,1198962914.24
sz000551,创元科技,2005-04-05,4.95,5.02,4.81,4.83,4.96,577600.0,2832593.0,535136391.72,1167538483.02
sz000551,创元科技,2005-04-06,4.81,4.93,4.69,4.89,4.83,960756.0,4611560.6,541784048.76,1182042066.66
sz000551,创元科技,2005-04-07,4.86,5.13,4.82,5.01,4.89,1461260.0,7306485.1,555079362.84,1211049233.94
sz000551,创元科技,2005-04-08,5.02,5.1,4.94,5.05,5.01,814891.0,4094816.9,559511134.2,1220718289.7
sz000551,创元科技,2005-04-11,5.05,5.18,5.05,5.08,5.05,931055.0,4746093.6,562834962.72,1227970081.52
sz000551,创元科技,2005-04-12,5.08,5.11,4.85,4.9,5.08,693500.0,3461229.0,542891991.6,1184459330.6
sz000551,创元科技,2005-04-13,4.92,5.09,4.92,5.06,4.9,728715.0,3656111.6,560619077.04,1223135553.64
sz000551,创元科技,2005-04-14,5.09,5.15,4.92,4.97,5.06,753376.0,3762144.4,550647591.48,1201380178.18
sz000551,创元科技,2005-04-15,4.96,4.96,4.77,4.78,4.97,674600.0,3264017.0,529596677.52,1155452163.32
sz000551,创元科技,2005-04-18,4.77,4.77,4.32,4.41,4.78,1184247.0,5257105.1,488602792.44,1066013397.54
sz000551,创元科技,2005-04-19,4.39,4.47,4.33,4.42,4.41,483566.0,2126259.2,489710735.28,1068430661.48
sz000551,创元科技,2005-04-20,4.42,4.42,4.07,4.16,4.42,941324.0,3932430.5,460904221.44,1005581799.04
sz000551,创元科技,2005-04-21,4.13,4.19,4.04,4.06,4.16,801737.0,3288221.8,449824793.04,981409159.64
sz000551,创元科技,2005-04-22,4.05,4.18,4.05,4.12,4.06,589306.0,2425003.5,456472450.08,995912743.28
sz000551,创元科技,2005-04-25,4.07,4.07,3.95,4.0,4.12,506845.0,2023422.6,443177136.0,966905576.0
sz000551,创元科技,2005-04-26,4.0,4.21,3.98,4.16,4.0,621191.0,2556419.0,460904221.44,1005581799.04
sz000551,创元科技,2005-04-27,4.15,4.18,4.08,4.14,4.16,634634.0,2616880.7,458688335.76,1000747271.16
sz000551,创元科技,2005-04-28,4.16,4.38,4.03,4.29,4.14,891785.0,3767017.6,475307478.36,1037006230.26
sz000551,创元科技,2005-04-29,4.28,4.28,4.12,4.18,4.29,770659.0,3249011.1,463120107.12,1010416326.92
sz000551,创元科技,2005-05-09,4.23,4.24,4.0,4.08,4.18,676061.0,2742623.8,452040678.72,986243687.52
sz000551,创元科技,2005-05-10,4.08,4.17,4.04,4.17,4.08,1235788.0,5081818.8,462012164.28,1007999062.98
sz000551,创元科技,2005-05-11,4.17,4.2,4.1,4.14,4.17,578395.0,2399640.5,458688335.76,1000747271.16
sz000551,创元科技,2005-05-12,4.14,4.15,3.73,3.78,4.14,1513583.0,5817070.5,418802393.52,913725769.32
sz000551,创元科技,2005-05-13,3.74,3.89,3.7,3.84,3.78,833183.0,3174432.2,425450050.56,928229352.96
sz000551,创元科技,2005-05-16,3.85,3.9,3.77,3.9,3.84,558567.0,2140936.6,432097707.6,942732936.6
sz000551,创元科技,2005-05-17,3.97,4.13,3.96,4.03,3.9,1633835.0,6612114.3,446500964.52,974157367.82
sz000551,创元科技,2005-05-18,4.0,4.06,3.92,4.04,4.03,683980.0,2735609.6,447608907.36,976574631.76
sz000551,创元科技,2005-05-19,4.06,4.09,3.96,4.03,4.04,371939.0,1491414.8,446500964.52,974157367.82
sz000551,创元科技,2005-05-20,4.0,4.02,3.96,3.97,4.03,398000.0,1588549.0,439853307.48,959653784.18
sz000551,创元科技,2005-05-23,3.94,3.94,3.76,3.77,3.97,438000.0,1672400.9,417694450.68,911308505.38
sz000551,创元科技,2005-05-24,3.77,3.95,3.77,3.88,3.77,367320.0,1421530.2,429881821.92,937898408.72
sz000551,创元科技,2005-05-26,3.93,4.0,3.85,3.93,3.88,514158.0,2023888.4,435421536.12,949984728.42
sz000551,创元科技,2005-05-27,3.9,4.01,3.9,3.9,3.93,377050.0,1487907.0,432097707.6,942732936.6
sz000551,创元科技,2005-05-30,3.96,3.96,3.85,3.94,3.9,286770.0,1123180.6,436529478.96,952401992.36
sz000551,创元科技,2005-05-31,3.94,4.17,3.9,4.01,3.94,1023501.0,4157959.0,444285078.84,969322839.94
sz000551,创元科技,2005-06-01,4.01,4.01,3.82,3.89,4.01,520230.0,2028450.5,430989764.76,940315672.66
sz000551,创元科技,2005-06-02,3.87,3.93,3.83,3.89,3.89,281153.0,1091217.6,430989764.76,940315672.66
sz000551,创元科技,2005-06-03,3.9,3.96,3.87,3.93,3.89,313650.0,1227604.9,435421536.12,949984728.42
sz000551,创元科技,2005-06-06,3.92,3.97,3.84,3.97,3.93,381343.0,1491093.6,439853307.48,959653784.18
sz000551,创元科技,2005-06-07,3.97,4.09,3.92,4.01,3.97,587129.0,2357873.1,444285078.84,969322839.94
sz000551,创元科技,2005-06-08,4.04,4.37,4.03,4.32,4.01,2284790.0,9599203.0,478631306.88,1044258022.08
sz000551,创元科技,2005-06-09,4.31,4.36,4.19,4.29,4.32,1970679.0,8408850.5,475307478.36,1037006230.26
sz000551,创元科技,2005-06-10,4.26,4.3,4.15,4.26,4.29,1204142.0,5076795.9,471983649.84,1029754438.44
sz000551,创元科技,2005-06-13,4.27,4.37,4.15,4.33,4.26,1594883.0,6810065.8,479739249.72,1046675286.02
sz000551,创元科技,2005-06-14,4.33,4.34,4.17,4.18,4.33,711465.0,3022992.0,463120107.12,1010416326.92
sz000551,创元科技,2005-06-15,4.15,4.15,4.05,4.05,4.18,520122.0,2118162.5,448716850.2,978991895.7
sz000551,创元科技,2005-06-16,4.05,4.1,3.93,4.03,4.05,627164.0,2503622.4,446500964.52,974157367.82
sz000551,创元科技,2005-06-17,4.03,4.08,3.92,3.93,4.03,366860.0,1457849.0,435421536.12,949984728.42
sz000551,创元科技,2005-06-20,3.92,4.05,3.83,4.02,3.93,484629.0,1920461.6,445393021.68,971740103.88
sz000551,创元科技,2005-06-21,4.1,4.12,4.04,4.06,4.02,1174344.0,4792235.9,449824793.04,981409159.64
sz000551,创元科技,2005-06-22,4.01,4.08,3.9,4.02,4.06,315591.0,1259187.1,445393021.68,971740103.88
sz000551,创元科技,2005-06-23,3.98,4.0,3.9,3.94,4.02,713479.0,2816876.1,436529478.96,952401992.36
sz000551,创元科技,2005-06-24,3.92,3.95,3.88,3.94,3.94,319380.0,1248604.0,436529478.96,952401992.36
sz000551,创元科技,2005-06-27,3.96,4.06,3.96,4.03,3.94,720492.0,2903392.9,446500964.52,974157367.82
sz000551,创元科技,2005-06-28,4.0,4.0,3.89,3.9,4.03,470134.0,1843876.6,432097707.6,942732936.6
sz000551,创元科技,2005-06-29,3.92,3.95,3.89,3.92,3.9,311180.0,1217167.0,434313593.28,947567464.48
sz000551,创元科技,2005-06-30,3.95,3.95,3.79,3.79,3.92,433370.0,1670242.2,419910336.36,916143033.26
sz000551,创元科技,2005-07-01,3.78,3.78,3.41,3.41,3.79,1297550.0,4491479.4,377808508.44,824287003.54
sz000551,创元科技,2005-07-04,3.34,3.34,3.07,3.16,3.41,1141332.0,3569910.4,350109937.44,763855405.04
sz000551,创元科技,2005-07-05,3.15,3.23,3.13,3.17,3.16,626950.0,1996289.9,351217880.28,766272668.98
sz000551,创元科技,2005-07-06,3.15,3.23,3.15,3.19,3.17,456903.0,1460276.5,353433765.96,771107196.86
sz000551,创元科技,2005-07-07,3.2,3.23,3.17,3.23,3.19,305647.0,979561.7,357865537.32,780776252.62
sz000551,创元科技,2005-07-08,3.2,3.2,2.93,3.02,3.23,664256.0,2039781.9,334598737.68,730013709.88
sz000551,创元科技,2005-07-11,3.1,3.13,2.91,2.94,3.02,514100.0,1563129.8,325735194.96,710675598.36
sz000551,创元科技,2005-07-12,2.96,3.1,2.88,3.08,2.94,777889.0,2334335.0,341246394.72,744517293.52
sz000551,创元科技,2005-07-13,3.02,3.05,2.96,3.05,3.08,656122.0,1978091.4,337922566.2,737265501.7
sz000551,创元科技,2005-07-14,3.08,3.18,3.02,3.16,3.05,977482.0,3042983.5,350109937.44,763855405.04
sz000551,创元科技,2005-07-15,3.24,3.27,3.13,3.14,3.16,1982645.0,6335793.4,347894051.76,759020877.16
sz000551,创元科技,2005-07-18,3.12,3.12,2.92,2.99,3.14,522249.0,1560774.4,331274909.16,722761918.06
sz000551,创元科技,2005-07-19,2.97,3.06,2.97,3.02,2.99,292553.0,882304.4,334598737.68,730013709.88
sz000551,创元科技,2005-07-20,3.02,3.06,3.01,3.03,3.02,283709.0,860636.2,335706680.52,732430973.82
sz000551,创元科技,2005-07-21,3.01,3.05,2.93,3.04,3.03,399000.0,1190992.4,336814623.36,734848237.76
sz000551,创元科技,2005-07-22,3.06,3.1,2.96,3.06,2.94,838306.0,2544905.5,339030509.04,739682765.64
sz000551,创元科技,2005-07-25,3.0,3.05,3.0,3.05,3.06,350888.0,1061842.2,337922566.2,737265501.7
sz000551,创元科技,2005-07-26,3.04,3.21,3.04,3.2,3.05,1547222.0,4892173.9,354541708.8,773524460.8
sz000551,创元科技,2005-07-27,3.22,3.38,3.22,3.36,3.2,2635309.0,8664717.5,372268794.24,812200683.84
sz000551,创元科技,2005-07-28,3.35,3.42,3.25,3.27,3.36,1671314.0,5579087.6,362297308.68,790445308.38
sz000551,创元科技,2005-07-29,3.26,3.3,3.22,3.28,3.27,757100.0,2469785.3,363405251.52,792862572.32
sz000551,创元科技,2005-08-01,3.25,3.3,3.21,3.26,3.28,541971.0,1762848.0,361189365.84,788028044.44
sz000551,创元科技,2005-08-02,3.26,3.34,3.22,3.33,3.26,953655.0,3125379.3,368944965.72,804948892.02
sz000551,创元科技,2005-08-03,3.35,3.45,3.32,3.35,3.33,1580359.0,5336142.4,371160851.4,809783419.9
sz000551,创元科技,2005-08-04,3.33,3.33,3.25,3.26,3.35,754800.0,2478705.0,361189365.84,788028044.44
sz000551,创元科技,2005-08-05,3.24,3.38,3.24,3.37,3.26,830360.0,2766235.5,373376737.08,814617947.78
sz000551,创元科技,2005-08-08,3.38,3.5,3.37,3.45,3.37,1451598.0,4982120.8,382240279.8,833956059.3
sz000551,创元科技,2005-08-09,3.43,3.55,3.37,3.53,3.45,1359332.0,4715983.4,391103822.52,853294170.82
sz000551,创元科技,2005-08-10,3.52,3.6,3.43,3.58,3.53,1303415.0,4567999.7,396643536.72,865380490.52
sz000551,创元科技,2005-08-11,3.56,3.58,3.49,3.58,3.58,1610946.0,5708109.0,396643536.72,865380490.52
sz000551,创元科技,2005-08-12,3.57,3.69,3.5,3.5,3.58,2033523.0,7287072.1,387779994.0,846042379.0
sz000551,创元科技,2005-08-15,3.47,3.62,3.45,3.6,3.5,1355182.0,4830511.8,398859422.4,870215018.4
sz000551,创元科技,2005-08-16,3.59,3.76,3.55,3.75,3.6,2931603.0,10739859.8,415478565.0,906473977.5
sz000551,创元科技,2005-08-17,3.77,3.92,3.64,3.92,3.75,2931583.0,11134089.4,434313593.28,947567464.48
sz000551,创元科技,2005-08-18,4.01,4.16,3.74,3.8,3.92,6753138.0,27228145.1,421018279.2,918560297.2
sz000551,创元科技,2005-08-19,3.79,3.87,3.59,3.73,3.8,2110662.0,7814702.3,413262679.32,901639449.62
sz000551,创元科技,2005-08-22,3.63,3.75,3.63,3.72,3.73,858428.0,3168834.9,412154736.48,899222185.68
sz000551,创元科技,2005-08-23,3.71,3.71,3.5,3.54,3.72,1127782.0,4033487.9,392211765.36,855711434.76
sz000551,创元科技,2005-08-24,3.56,3.64,3.56,3.59,3.54,767785.0,2764239.2,397751479.56,867797754.46
sz000551,创元科技,2005-08-25,3.58,3.7,3.54,3.69,3.59,880710.0,3186371.8,408830907.96,891970393.86
sz000551,创元科技,2005-08-26,3.78,3.78,3.69,3.76,3.69,1037875.0,3875421.6,416586507.84,908891241.44
sz000551,创元科技,2005-08-29,3.71,3.85,3.7,3.85,3.76,1274841.0,4817364.5,426557993.4,930646616.9
sz000551,创元科技,2005-08-30,3.88,3.88,3.72,3.73,3.85,784504.0,2955271.3,413262679.32,901639449.62
sz000551,创元科技,2005-08-31,3.83,3.89,3.7,3.88,3.73,1302581.0,4984608.4,429881821.92,937898408.72
sz000551,创元科技,2005-09-01,3.97,4.0,3.88,3.97,3.88,4301441.0,16937147.3,439853307.48,959653784.18
sz000551,创元科技,2005-09-02,3.97,3.98,3.9,3.94,3.97,1491679.0,5870595.7,436529478.96,952401992.36
sz000551,创元科技,2005-09-05,3.94,3.94,3.85,3.93,3.94,1318139.0,5129628.3,435421536.12,949984728.42
sz000551,创元科技,2005-09-06,3.9,4.0,3.81,3.86,3.93,1909599.0,7513687.5,427665936.24,933063880.84
sz000551,创元科技,2005-09-07,3.92,4.0,3.87,3.97,3.86,2069547.0,8173430.0,439853307.48,959653784.18
sz000551,创元科技,2005-09-08,3.95,3.97,3.86,3.93,3.97,1142541.0,4478134.8,435421536.12,949984728.42
sz000551,创元科技,2005-09-09,3.9,3.95,3.82,3.83,3.93,818508.0,3159141.4,424342107.72,925812089.02
sz000551,创元科技,2005-09-12,3.83,3.83,3.75,3.81,3.83,558859.0,2117333.6,422126222.04,920977561.14
sz000551,创元科技,2005-09-13,3.8,3.95,3.8,3.95,3.81,1162870.0,4519512.5,437637421.8,954819256.3
sz000551,创元科技,2005-09-14,3.93,4.09,3.9,4.08,3.95,3008565.0,12069614.4,452040678.72,986243687.52
sz000551,创元科技,2005-09-15,4.1,4.13,4.02,4.06,4.08,2410982.0,9788681.9,449824793.04,981409159.64
sz000551,创元科技,2005-09-16,4.06,4.1,4.01,4.06,4.06,1057671.0,4283174.0,449824793.04,981409159.64
sz000551,创元科技,2005-09-19,4.06,4.13,4.05,4.12,4.06,1430777.0,5874549.9,456472450.08,995912743.28
sz000551,创元科技,2005-09-20,4.12,4.16,4.0,4.06,4.12,1560341.0,6331710.7,449824793.04,981409159.64
sz000551,创元科技,2005-09-21,4.06,4.11,3.96,4.1,4.06,1937838.0,7787403.0,454256564.4,991078215.4
sz000551,创元科技,2005-09-22,4.25,4.34,3.91,4.22,4.1,7876314.0,33081308.1,467551878.48,1020085382.68
sz000551,创元科技,2005-09-23,4.1,4.11,3.91,3.96,4.22,1854662.0,7464040.6,438745364.64,957236520.24
sz000551,创元科技,2005-09-26,3.96,3.96,3.76,3.81,3.96,1198658.0,4568871.8,422126222.04,920977561.14
sz000551,创元科技,2005-09-27,3.8,3.89,3.66,3.67,3.81,1088700.0,4076919.7,406615022.28,887135865.98
sz000551,创元科技,2005-09-28,3.67,3.69,3.6,3.65,3.67,816909.0,2981309.8,404399136.6,882301338.1
sz000551,创元科技,2005-09-29,3.67,3.77,3.65,3.74,3.65,786611.0,2912777.3,414370622.16,904056713.56
sz000551,创元科技,2005-09-30,3.72,3.79,3.7,3.71,3.74,489900.0,1829867.8,411046793.64,896804921.74
sz000551,创元科技,2005-10-10,3.74,3.86,3.65,3.66,3.71,417300.0,1540371.0,405507079.44,884718602.04
sz000551,创元科技,2005-10-11,3.65,3.79,3.61,3.79,3.66,569032.0,2116704.0,419910336.36,916143033.26
sz000551,创元科技,2005-10-12,3.79,3.87,3.71,3.77,3.79,561471.0,2125833.3,417694450.68,911308505.38
sz000551,创元科技,2005-10-13,3.75,3.82,3.75,3.77,3.77,748501.0,2838046.8,417694450.68,911308505.38
sz000551,创元科技,2005-10-14,3.75,3.77,3.66,3.69,3.77,534400.0,1975991.0,408830907.96,891970393.86
sz000551,创元科技,2005-10-17,3.6,3.65,3.55,3.59,3.69,732380.0,2623693.8,397751479.56,867797754.46
sz000551,创元科技,2005-10-18,3.61,3.72,3.6,3.7,3.59,633399.0,2318471.3,409938850.8,894387657.8
sz000551,创元科技,2005-10-19,3.7,3.84,3.64,3.79,3.7,1490776.0,5623761.8,419910336.36,916143033.26
sz000551,创元科技,2005-10-20,3.77,4.1,3.68,3.99,3.79,3745263.0,14634621.4,442069193.16,964488312.06
sz000551,创元科技,2005-10-21,3.95,3.95,3.8,3.83,3.99,2483643.0,9623303.3,424342107.72,925812089.02
sz000551,创元科技,2005-10-24,3.9,3.98,3.85,3.89,3.83,1587374.0,6205277.5,430989764.76,940315672.66
sz000551,创元科技,2005-10-25,3.89,3.89,3.7,3.73,3.89,869100.0,3290088.0,413262679.32,901639449.62
sz000551,创元科技,2005-10-26,3.7,3.75,3.54,3.55,3.73,918111.0,3343499.6,393319708.2,858128698.7
sz000551,创元科技,2005-10-27,3.55,3.65,3.46,3.57,3.55,906497.0,3216049.2,395535593.88,862963226.58
sz000551,创元科技,2005-10-28,3.63,3.63,3.41,3.49,3.57,770748.0,2693859.5,386672051.16,843625115.06
sz000551,创元科技,2005-10-31,3.48,3.6,3.45,3.58,3.49,467635.0,1659454.3,396643536.72,865380490.52
sz000551,创元科技,2005-11-01,3.53,3.65,3.5,3.64,3.58,615000.0,2203499.0,403291193.76,879884074.16
sz000551,创元科技,2005-11-02,3.64,3.93,3.62,3.83,3.64,3400497.0,12973264.0,424342107.72,925812089.02
sz000551,创元科技,2005-11-03,3.85,3.88,3.77,3.83,3.83,1977757.0,7573332.9,424342107.72,925812089.02
sz000551,创元科技,2005-11-04,3.84,3.92,3.8,3.9,3.83,2148367.0,8317485.0,432097707.6,942732936.6
sz000551,创元科技,2005-11-07,3.88,3.92,3.79,3.89,3.9,1355718.0,5231518.2,430989764.76,940315672.66
sz000551,创元科技,2005-11-08,3.87,3.92,3.79,3.89,3.89,1850540.0,7117689.4,430989764.76,940315672.66
sz000551,创元科技,2005-11-09,3.88,3.88,3.75,3.75,3.89,1162500.0,4422383.6,415478565.0,906473977.5
sz000551,创元科技,2005-11-10,3.71,3.72,3.46,3.54,3.75,1580472.0,5677414.4,392211765.36,855711434.76
sz000551,创元科技,2005-11-11,3.51,3.65,3.46,3.57,3.54,699705.0,2503633.6,395535593.88,862963226.58
sz000551,创元科技,2005-11-14,3.52,3.62,3.52,3.6,3.57,399972.0,1431762.9,398859422.4,870215018.4
sz000551,创元科技,2005-11-15,3.57,3.62,3.53,3.54,3.6,405900.0,1450653.6,392211765.36,855711434.76
sz000551,创元科技,2005-11-16,3.52,3.59,3.48,3.59,3.54,461097.0,1623385.1,397751479.56,867797754.46
sz000551,创元科技,2005-11-17,3.58,3.6,3.53,3.57,3.59,313776.0,1121523.1,395535593.88,862963226.58
sz000551,创元科技,2005-11-18,3.58,3.68,3.55,3.68,3.57,1019790.0,3710152.7,407722965.12,889553129.92
sz000551,创元科技,2005-11-21,3.66,3.77,3.64,3.77,3.68,857897.0,3179446.6,417694450.68,911308505.38
sz000551,创元科技,2005-11-22,3.77,3.81,3.63,3.63,3.77,905300.0,3366800.1,402183250.92,877466810.22
sz000551,创元科技,2005-11-23,3.62,3.73,3.56,3.72,3.63,513894.0,1884995.6,412154736.48,899222185.68
sz000551,创元科技,2005-11-24,3.72,3.75,3.68,3.71,3.72,497400.0,1849650.1,411046793.64,896804921.74
sz000551,创元科技,2005-11-25,3.71,3.71,3.64,3.66,3.71,314548.0,1153187.1,405507079.44,884718602.04
sz000551,创元科技,2005-11-28,3.68,3.72,3.66,3.72,3.66,354866.0,1309918.2,412154736.48,899222185.68
sz000551,创元科技,2005-11-29,3.68,3.72,3.6,3.6,3.72,398399.0,1450756.4,398859422.4,870215018.4
sz000551,创元科技,2005-11-30,3.58,3.64,3.58,3.61,3.6,309067.0,1114073.2,399967365.24,872632282.34
sz000551,创元科技,2005-12-01,3.56,3.67,3.56,3.62,3.61,350467.0,1266094.9,401075308.08,875049546.28
sz000551,创元科技,2005-12-02,3.62,3.63,3.48,3.51,3.62,702328.0,2478990.0,388887936.84,848459642.94
sz000551,创元科技,2005-12-05,3.49,3.49,3.34,3.34,3.51,687500.0,2346258.0,370052908.56,807366155.96
sz000551,创元科技,2005-12-06,3.34,3.37,3.28,3.34,3.34,345656.0,1153657.9,370052908.56,807366155.96
sz000551,创元科技,2005-12-07,3.34,3.4,3.34,3.39,3.34,167400.0,564310.0,375592622.76,819452475.66
sz000551,创元科技,2005-12-08,3.39,3.41,3.3,3.37,3.39,192903.0,647666.0,373376737.08,814617947.78
sz000551,创元科技,2005-12-09,3.38,3.55,3.36,3.54,3.37,803975.0,2801010.9,392211765.36,855711434.76
sz000551,创元科技,2005-12-12,3.6,3.62,3.53,3.54,3.54,779585.0,2776848.8,392211765.36,855711434.76
sz000551,创元科技,2005-12-13,3.54,3.58,3.51,3.54,3.54,323399.0,1145887.5,392211765.36,855711434.76
sz000551,创元科技,2005-12-14,3.51,3.57,3.51,3.55,3.54,339943.0,1205379.9,393319708.2,858128698.7
sz000551,创元科技,2005-12-15,3.57,3.57,3.45,3.47,3.55,484324.0,1706488.8,384456165.48,838790587.18
sz000551,创元科技,2005-12-16,3.45,3.54,3.45,3.53,3.47,270576.0,947089.3,391103822.52,853294170.82
sz000551,创元科技,2005-12-19,3.53,3.59,3.5,3.54,3.53,321207.0,1140771.5,392211765.36,855711434.76
sz000551,创元科技,2005-12-20,3.52,3.63,3.51,3.59,3.54,590172.0,2113396.8,397751479.56,867797754.46
sz000551,创元科技,2005-12-21,3.58,3.61,3.53,3.53,3.59,270700.0,965518.1,391103822.52,853294170.82
sz000551,创元科技,2005-12-22,3.52,3.56,3.51,3.53,3.53,163999.0,579331.5,391103822.52,853294170.82
sz000551,创元科技,2005-12-23,3.55,3.58,3.52,3.56,3.53,227450.0,807364.0,394427651.04,860545962.64
sz000551,创元科技,2005-12-26,3.56,3.6,3.56,3.59,3.56,388426.0,1391883.1,397751479.56,867797754.46
sz000551,创元科技,2005-12-27,3.58,3.59,3.54,3.57,3.59,260343.0,926543.1,395535593.88,862963226.58
sz000551,创元科技,2005-12-28,3.59,3.63,3.58,3.62,3.57,559943.0,2020342.5,401075308.08,875049546.28
sz000551,创元科技,2005-12-29,3.62,3.7,3.6,3.69,3.62,952923.0,3482509.0,408830907.96,891970393.86
sz000551,创元科技,2005-12-30,3.68,3.69,3.61,3.63,3.69,516700.0,1886858.0,402183250.92,877466810.22
sz000551,创元科技,2006-01-04,3.62,3.74,3.6,3.72,3.63,846035.0,3125885.4,412154736.48,899222185.68
sz000551,创元科技,2006-01-05,3.75,3.75,3.66,3.74,3.72,945830.0,3511156.2,414370622.16,904056713.56
sz000551,创元科技,2006-01-06,3.75,3.8,3.71,3.75,3.74,1119385.0,4210588.7,415478565.0,906473977.5
sz000551,创元科技,2006-01-09,3.75,3.81,3.73,3.78,3.75,833909.0,3143678.7,418802393.52,913725769.32
sz000551,创元科技,2006-01-10,3.78,3.88,3.73,3.87,3.78,1481559.0,5639080.9,428773879.08,935481144.78
sz000551,创元科技,2006-01-11,3.87,3.89,3.81,3.88,3.87,1732655.0,6683000.8,429881821.92,937898408.72
sz000551,创元科技,2006-01-12,3.9,4.02,3.9,4.02,3.88,4545576.0,18086455.7,445393021.68,971740103.88
sz000551,创元科技,2006-01-13,4.0,4.02,3.94,3.96,4.02,1271754.0,5037172.8,438745364.64,957236520.24
sz000551,创元科技,2006-01-16,3.94,3.99,3.87,3.89,3.96,1278200.0,4984064.1,430989764.76,940315672.66
sz000551,创元科技,2006-01-17,3.84,3.92,3.78,3.82,3.89,698101.0,2682045.5,423234164.88,923394825.08
sz000551,创元科技,2006-01-18,3.82,3.95,3.8,3.9,3.82,708411.0,2755692.0,432097707.6,942732936.6
sz000551,创元科技,2006-01-19,3.92,3.97,3.88,3.9,3.9,852470.0,3338167.2,432097707.6,942732936.6
sz000551,创元科技,2006-01-20,3.9,3.95,3.85,3.93,3.9,1394648.0,5424010.5,435421536.12,949984728.42
sz000551,创元科技,2006-01-23,3.93,3.98,3.88,3.97,3.93,1011610.0,3978905.0,439853307.48,959653784.18
sz000551,创元科技,2006-01-24,3.98,4.07,3.98,3.99,3.97,1474941.0,5911694.9,442069193.16,964488312.06
sz000551,创元科技,2006-01-25,4.01,4.04,3.9,3.94,3.99,817672.0,3220464.7,436529478.96,952401992.36
sz000551,创元科技,2006-02-06,3.94,4.03,3.91,4.01,3.94,1256520.0,5006189.1,444285078.84,969322839.94
sz000551,创元科技,2006-02-07,4.04,4.07,3.98,4.04,4.01,1660881.0,6700171.3,447608907.36,976574631.76
sz000551,创元科技,2006-02-08,4.1,4.12,4.06,4.11,4.04,2353940.0,9634939.8,455364507.24,993495479.34
sz000551,创元科技,2006-02-09,4.12,4.13,3.94,3.96,4.11,1217743.0,4887455.9,438745364.64,957236520.24
sz000551,创元科技,2006-02-10,3.96,4.01,3.92,3.99,3.96,733228.0,2908854.6,442069193.16,964488312.06
sz000551,创元科技,2006-02-13,4.01,4.01,3.94,4.0,3.99,779750.0,3100049.4,443177136.0,966905576.0
sz000551,创元科技,2006-02-14,4.0,4.06,3.98,4.01,4.0,754186.0,3027979.5,444285078.84,969322839.94
sz000551,创元科技,2006-02-15,4.0,4.09,4.0,4.08,4.01,1399880.0,5672184.6,452040678.72,986243687.52
sz000551,创元科技,2006-02-16,4.12,4.21,4.07,4.13,4.08,3521894.0,14598664.7,457580392.92,998330007.22
sz000551,创元科技,2006-02-17,4.15,4.33,4.11,4.3,4.13,4863569.0,20688974.9,476415421.2,1039423494.2
sz000551,创元科技,2006-03-02,4.28,4.28,4.1,4.12,4.3,2287759.0,9519147.0,456472450.08,995912743.28
sz000551,创元科技,2006-03-03,4.1,4.17,4.08,4.16,4.12,1093516.0,4526270.6,460904221.44,1005581799.04
sz000551,创元科技,2006-03-06,4.14,4.25,4.13,4.22,4.16,900981.0,3794105.6,467551878.48,1020085382.68
sz000551,创元科技,2006-03-07,4.2,4.21,4.08,4.16,4.22,1397381.0,5795636.5,460904221.44,1005581799.04
sz000551,创元科技,2006-03-08,4.0,4.12,3.99,4.02,4.16,1079272.0,4374756.6,445393021.68,971740103.88
sz000551,创元科技,2006-03-09,4.02,4.1,3.9,3.97,4.02,1182800.0,4745985.9,439853307.48,959653784.18
sz000551,G创元,2006-03-28,3.45,3.45,3.33,3.35,3.97,5919822.0,19881311.7,463951064.25,809783419.9
sz000551,G创元,2006-03-29,3.37,3.38,3.27,3.33,3.35,5112871.0,16944181.5,461181207.15,804948892.02
sz000551,G创元,2006-03-30,3.32,3.37,3.3,3.35,3.33,2821610.0,9409353.6,463951064.25,809783419.9
sz000551,G创元,2006-03-31,3.33,3.34,3.29,3.31,3.35,1472725.0,4876505.9,458411350.05,800114364.14
sz000551,G创元,2006-04-03,3.34,3.37,3.31,3.34,3.31,3755159.0,12551236.2,462566135.7,807366155.96
sz000551,G创元,2006-04-04,3.39,3.43,3.34,3.4,3.34,4800307.0,16228625.7,470875707.0,821869739.6
sz000551,G创元,2006-04-05,3.4,3.4,3.35,3.39,3.4,4289394.0,14492058.3,469490778.45,819452475.66
sz000551,G创元,2006-04-06,3.4,3.45,3.37,3.42,3.39,4623326.0,15797601.7,473645564.1,826704267.48
sz000551,G创元,2006-04-07,3.41,3.42,3.37,3.39,3.42,2802161.0,9510502.8,469490778.45,819452475.66
sz000551,G创元,2006-04-10,3.42,3.49,3.4,3.48,3.39,2955287.0,10180311.6,481955135.4,841207851.12
sz000551,G创元,2006-04-11,3.5,3.51,3.41,3.46,3.48,3426749.0,11862968.6,479185278.3,836373323.24
sz000551,G创元,2006-04-12,3.45,3.56,3.43,3.54,3.46,4245293.0,14863236.2,490264706.7,855711434.76
sz000551,G创元,2006-04-13,3.55,3.58,3.42,3.42,3.54,4828231.0,16969716.6,473645564.1,826704267.48
sz000551,G创元,2006-04-14,3.4,3.53,3.37,3.52,3.42,2372215.0,8214876.6,487494849.6,850876906.88
sz000551,G创元,2006-04-17,3.53,3.59,3.52,3.55,3.52,3714375.0,13190450.4,491649635.25,858128698.7
sz000551,G创元,2006-04-18,3.55,3.59,3.52,3.57,3.55,3322657.0,11837459.7,494419492.35,862963226.58
sz000551,G创元,2006-04-19,3.58,3.59,3.46,3.49,3.57,2074425.0,7265368.3,483340063.95,843625115.06
sz000551,G创元,2006-04-20,3.48,3.48,3.34,3.37,3.49,2578820.0,8750841.9,466720921.35,814617947.78
sz000551,G创元,2006-04-21,3.35,3.45,3.34,3.43,3.37,1206486.0,4109503.6,475030492.65,829121531.42
sz000551,G创元,2006-04-24,3.43,3.45,3.3,3.33,3.43,1764899.0,5902696.1,461181207.15,804948892.02
sz000551,G创元,2006-04-25,3.3,3.45,3.14,3.4,3.33,1959023.0,6469788.0,470875707.0,821869739.6
sz000551,G创元,2006-04-26,3.39,3.42,3.32,3.39,3.4,1605667.0,5410027.5,469490778.45,819452475.66
sz000551,G创元,2006-04-27,3.41,3.48,3.37,3.4,3.39,1907950.0,6493362.8,470875707.0,821869739.6
sz000551,G创元,2006-04-28,3.4,3.41,3.31,3.4,3.4,1677661.0,5655171.6,470875707.0,821869739.6
sz000551,G创元,2006-05-08,3.4,3.49,3.4,3.49,3.4,2390525.0,8254202.2,483340063.95,843625115.06
sz000551,G创元,2006-05-10,3.66,3.84,3.65,3.73,3.49,9171050.0,34456620.6,516578349.15,901639449.62
sz000551,G创元,2006-05-11,3.75,3.78,3.6,3.61,3.73,4856405.0,17921392.7,499959206.55,872632282.34
sz000551,G创元,2006-05-12,3.59,3.78,3.54,3.74,3.61,4643238.0,17149982.3,517963277.7,904056713.56
sz000551,G创元,2006-05-15,3.77,3.94,3.74,3.93,3.74,6584961.0,25132358.8,544276920.15,949984728.42
sz000551,G创元,2006-05-16,3.93,3.94,3.61,3.66,3.93,5287937.0,19981508.9,506883849.3,884718602.04
sz000551,G创元,2006-05-17,3.63,3.75,3.63,3.72,3.66,2454479.0,9091355.9,515193420.6,899222185.68
sz000551,G创元,2006-05-18,3.7,3.84,3.64,3.82,3.72,2735128.0,10231699.0,529042706.1,923394825.08
sz000551,G创元,2006-05-19,3.83,4.0,3.78,3.93,3.82,4679495.0,18235834.5,544276920.15,949984728.42
sz000551,G创元,2006-05-22,3.94,4.02,3.88,3.99,3.93,4128256.0,16426552.7,552586491.45,964488312.06
sz000551,G创元,2006-05-23,3.98,3.98,3.76,3.76,3.99,3540081.0,13614512.0,520733134.8,908891241.44
sz000551,G创元,2006-05-24,3.74,3.85,3.62,3.67,3.76,2678429.0,9912292.1,508268777.85,887135865.98
sz000551,G创元,2006-05-25,3.67,3.73,3.63,3.71,3.67,1632454.0,6000020.0,513808492.05,896804921.74
sz000551,G创元,2006-05-26,3.73,3.76,3.69,3.75,3.71,1599183.0,5961416.6,519348206.25,906473977.5
sz000551,G创元,2006-05-29,3.76,3.84,3.71,3.83,3.75,2371411.0,8971473.4,530427634.65,925812089.02
sz000551,G创元,2006-05-30,3.83,3.86,3.77,3.84,3.83,2210098.0,8456145.8,531812563.2,928229352.96
sz000551,G创元,2006-05-31,3.82,3.98,3.75,3.98,3.84,5721082.0,22143955.0,551201562.9,962071048.12
sz000551,G创元,2006-06-01,3.95,4.05,3.9,4.04,3.98,6092311.0,24390452.4,559511134.2,976574631.76
sz000551,G创元,2006-06-02,4.04,4.13,4.0,4.13,4.04,6379016.0,25977078.0,571975491.15,998330007.22
sz000551,G创元,2006-06-05,4.13,4.22,4.02,4.17,4.13,4718186.0,19488325.9,577515205.35,1007999062.98
sz000551,G创元,2006-06-06,4.08,4.21,4.08,4.1,4.17,3032702.0,12490703.0,567820705.5,991078215.4
sz000551,G创元,2006-06-07,4.1,4.1,3.79,3.85,4.1,3463625.0,13593872.0,533197491.75,930646616.9
sz000551,G创元,2006-06-08,3.8,3.95,3.73,3.93,3.85,2968628.0,11469477.1,544276920.15,949984728.42
sz000551,G创元,2006-06-09,3.94,3.94,3.84,3.88,3.93,2088362.0,8109490.5,537352277.4,937898408.72
sz000551,G创元,2006-06-12,3.85,3.86,3.78,3.81,3.88,1027170.0,3921825.3,527657777.55,920977561.14
sz000551,G创元,2006-06-13,3.82,3.89,3.79,3.82,3.81,1030183.0,3951058.6,529042706.1,923394825.08
sz000551,G创元,2006-06-14,3.81,3.83,3.75,3.79,3.82,815538.0,3084703.8,524887920.45,916143033.26
sz000551,G创元,2006-06-15,3.8,3.85,3.77,3.8,3.79,676109.0,2568729.0,526272849.0,918560297.2
sz000551,G创元,2006-06-16,3.8,3.88,3.8,3.87,3.8,1531491.0,5886306.0,535967348.85,935481144.78
sz000551,G创元,2006-06-19,3.85,3.91,3.8,3.87,3.87,1235464.0,4770111.0,535967348.85,935481144.78
sz000551,G创元,2006-06-20,3.83,3.9,3.82,3.88,3.87,1033359.0,3989560.8,537352277.4,937898408.72
sz000551,G创元,2006-06-21,3.86,3.86,3.78,3.8,3.88,1355223.0,5162859.1,526272849.0,918560297.2
sz000551,G创元,2006-06-22,3.8,3.83,3.74,3.81,3.8,1007282.0,3817405.4,527657777.55,920977561.14
sz000551,G创元,2006-06-23,3.79,3.94,3.76,3.93,3.81,2172253.0,8401818.1,544276920.15,949984728.42
sz000551,G创元,2006-06-26,3.92,4.08,3.91,4.02,3.93,1778322.0,7143292.5,556741277.1,971740103.88
sz000551,G创元,2006-06-27,4.02,4.04,3.93,3.97,4.02,1321079.0,5257037.6,549816634.35,959653784.18
sz000551,G创元,2006-06-28,3.98,4.17,3.95,4.1,3.97,2621751.0,10703069.4,567820705.5,991078215.4
sz000551,G创元,2006-06-29,4.11,4.15,4.08,4.12,4.1,2518349.0,10370290.2,570590562.6,995912743.28
sz000551,G创元,2006-06-30,4.12,4.16,4.01,4.07,4.12,1894196.0,7712031.6,563665919.85,983826423.58
sz000551,G创元,2006-07-03,4.08,4.19,4.07,4.16,4.07,2556706.0,10597232.0,576130276.8,1005581799.04
sz000551,G创元,2006-07-05,4.15,4.15,4.03,4.1,4.16,2105218.0,8594244.1,567820705.5,991078215.4
sz000551,G创元,2006-07-06,4.11,4.29,4.08,4.27,4.1,3271057.0,13841785.7,591364490.85,1032171702.38
sz000551,G创元,2006-07-07,4.16,4.24,4.11,4.15,4.12,2693631.0,11212485.9,574745348.25,1003164535.1
sz000551,G创元,2006-07-10,4.15,4.19,4.05,4.09,4.15,1490864.0,6114130.0,566435776.95,988660951.46
sz000551,G创元,2006-07-11,4.11,4.15,4.04,4.12,4.09,1419231.0,5787752.0,570590562.6,995912743.28
sz000551,G创元,2006-07-12,4.12,4.17,4.05,4.1,4.12,1696187.0,6968625.0,567820705.5,991078215.4
sz000551,G创元,2006-07-13,4.14,4.14,3.72,3.75,4.1,3503893.0,13689341.1,519348206.25,906473977.5
sz000551,G创元,2006-07-14,3.75,3.83,3.72,3.78,3.75,1628138.0,6152916.4,523502991.9,913725769.32
sz000551,G创元,2006-07-17,3.76,3.95,3.72,3.95,3.78,2296829.0,8849257.7,547046777.25,954819256.3
sz000551,G创元,2006-07-18,3.93,3.97,3.88,3.95,3.95,1625263.0,6366638.9,547046777.25,954819256.3
sz000551,G创元,2006-07-19,3.93,3.93,3.76,3.81,3.95,1054268.0,4058621.0,527657777.55,920977561.14
sz000551,G创元,2006-07-20,3.82,4.05,3.82,3.97,3.81,1948828.0,7678271.3,549816634.35,959653784.18
sz000551,G创元,2006-07-21,3.96,4.04,3.95,3.97,3.97,1135085.0,4531379.1,549816634.35,959653784.18
sz000551,G创元,2006-07-24,3.95,3.98,3.86,3.98,3.97,951014.0,3733432.5,551201562.9,962071048.12
sz000551,G创元,2006-07-25,3.98,4.18,3.97,4.14,3.98,3695275.0,15204136.9,573360419.7,1000747271.16
sz000551,G创元,2006-07-26,4.15,4.22,4.12,4.16,4.14,2954702.0,12337463.3,576130276.8,1005581799.04
sz000551,G创元,2006-07-27,4.15,4.55,4.1,4.35,4.16,10822014.0,46787632.6,602443919.25,1051509813.9
sz000551,G创元,2006-07-28,4.27,4.53,4.25,4.42,4.35,8582329.0,37878727.7,612138419.1,1068430661.48
sz000551,G创元,2006-07-31,4.39,4.45,4.14,4.16,4.42,4367293.0,18499163.6,576130276.8,1005581799.04
sz000551,G创元,2006-08-01,4.15,4.22,4.09,4.2,4.16,2358159.0,9802491.5,581669991.0,1015250854.8
sz000551,G创元,2006-08-02,4.19,4.39,4.18,4.33,4.2,4458517.0,19136594.9,599674062.15,1046675286.02
sz000551,G创元,2006-08-03,4.33,4.38,4.21,4.31,4.33,2711079.0,11680866.2,596904205.05,1041840758.14
sz000551,G创元,2006-08-04,4.3,4.35,4.1,4.15,4.31,3401186.0,14232352.4,574745348.25,1003164535.1
sz000551,G创元,2006-08-07,4.1,4.15,3.95,4.01,4.15,2617563.0,10542406.7,555356348.55,969322839.94
sz000551,G创元,2006-08-09,4.12,4.28,4.11,4.17,4.01,5108097.0,21361491.2,577515205.35,1007999062.98
sz000551,G创元,2006-08-10,4.14,4.39,4.12,4.37,4.17,3751088.0,15944639.1,605213776.35,1056344341.78
sz000551,G创元,2006-08-11,4.34,4.57,4.22,4.45,4.37,7174936.0,31725830.8,616293204.75,1075682453.3
sz000551,G创元,2006-08-14,4.41,4.57,4.26,4.37,4.45,5213867.0,23056602.3,605213776.35,1056344341.78
sz000551,G创元,2006-08-15,4.36,4.72,4.3,4.72,4.37,7006079.0,31888059.3,653686275.6,1140948579.68
sz000551,G创元,2006-08-16,4.65,4.75,4.59,4.64,4.72,5574012.0,26018639.0,642606847.2,1121610468.16
sz000551,G创元,2006-08-17,4.64,4.64,4.45,4.55,4.64,3330997.0,15166699.8,630142490.25,1099855092.7
sz000551,G创元,2006-08-18,4.54,4.62,4.48,4.55,4.55,1948947.0,8867560.4,630142490.25,1099855092.7
sz000551,G创元,2006-08-21,4.36,4.72,4.33,4.69,4.55,3995279.0,18346736.0,649531489.95,1133696787.86
sz000551,G创元,2006-08-22,4.69,4.71,4.54,4.61,4.69,3423800.0,15823949.7,638452061.55,1114358676.34
sz000551,G创元,2006-08-23,4.6,4.64,4.52,4.54,4.61,1582082.0,7246176.2,628757561.7,1097437828.76
sz000551,G创元,2006-08-24,4.53,4.79,4.49,4.7,4.54,3324365.0,15521426.3,650916418.5,1136114051.8
sz000551,G创元,2006-08-25,4.71,4.78,4.63,4.77,4.7,3778782.0,17804102.4,660610918.35,1153034899.38
sz000551,G创元,2006-08-28,4.79,4.86,4.73,4.84,4.77,4941109.0,23708572.4,670305418.2,1169955746.96
sz000551,G创元,2006-08-29,4.8,4.83,4.65,4.66,4.84,4776771.0,22657227.1,645376704.3,1126444996.04
sz000551,G创元,2006-08-30,4.62,4.7,4.58,4.63,4.66,2808690.0,13013024.4,641221918.65,1119193204.22
sz000551,G创元,2006-09-01,4.69,4.78,4.58,4.65,4.63,2454472.0,11479730.8,643991775.75,1124027732.1
sz000551,G创元,2006-09-04,4.65,4.71,4.58,4.67,4.65,2717500.0,12599309.0,646761632.85,1128862259.98
sz000551,G创元,2006-09-05,4.66,4.7,4.54,4.57,4.67,2197768.0,10095300.0,632912347.35,1104689620.58
sz000551,G创元,2006-09-06,4.58,4.74,4.58,4.74,4.57,2399612.0,11194495.4,656456132.7,1145783107.56
sz000551,G创元,2006-09-07,4.73,4.73,4.59,4.64,4.74,1601052.0,7461074.3,642606847.2,1121610468.16
sz000551,G创元,2006-09-08,4.7,4.85,4.68,4.7,4.64,4024270.0,19186629.1,650916418.5,1136114051.8
sz000551,G创元,2006-09-11,4.68,4.71,4.57,4.68,4.7,1665386.0,7714662.6,648146561.4,1131279523.92
sz000551,G创元,2006-09-12,4.7,4.7,4.55,4.6,4.68,3374477.0,15505155.4,637067133.0,1111941412.4
sz000551,G创元,2006-09-13,4.56,4.63,4.55,4.55,4.6,2015130.0,9209914.3,630142490.25,1099855092.7
sz000551,G创元,2006-09-14,4.54,4.58,4.36,4.43,4.55,3167407.0,14026230.6,613523347.65,1070847925.42
sz000551,G创元,2006-09-15,4.52,4.57,4.46,4.53,4.43,1942916.0,8760897.0,627372633.15,1095020564.82
sz000551,G创元,2006-09-18,4.55,4.58,4.48,4.55,4.53,1608853.0,7285844.3,630142490.25,1099855092.7
sz000551,G创元,2006-09-19,4.55,4.62,4.52,4.58,4.55,1899294.0,8678259.3,634297275.9,1107106884.52
sz000551,G创元,2006-09-20,4.6,4.6,4.51,4.55,4.58,1317799.0,5981525.7,630142490.25,1099855092.7
sz000551,G创元,2006-09-21,4.54,4.58,4.46,4.49,4.55,1522347.0,6861325.1,621832918.95,1085351509.06
sz000551,G创元,2006-09-22,4.5,4.68,4.48,4.58,4.49,3344119.0,15398713.1,634297275.9,1107106884.52
sz000551,G创元,2006-09-25,4.52,4.59,4.49,4.51,4.58,1082548.0,4895531.5,624602776.05,1090186036.94
sz000551,G创元,2006-09-26,4.51,4.61,4.48,4.51,4.51,1385845.0,6290887.8,624602776.05,1090186036.94
sz000551,G创元,2006-09-27,4.55,4.55,4.48,4.52,4.51,989275.0,4460338.4,625987704.6,1092603300.88
sz000551,G创元,2006-09-28,4.55,4.63,4.5,4.63,4.52,2270520.0,10446388.2,641221918.65,1119193204.22
sz000551,G创元,2006-09-29,4.63,4.7,4.61,4.68,4.63,2540340.0,11864299.9,648146561.4,1131279523.92
sz000551,创元科技,2006-10-09,4.73,4.8,4.67,4.7,4.68,2100820.0,9942055.5,650916418.5,1136114051.8
sz000551,创元科技,2006-10-10,4.69,4.88,4.67,4.82,4.7,3954622.0,19056836.9,667535561.1,1165121219.08
sz000551,创元科技,2006-10-11,4.82,4.93,4.77,4.83,4.82,2723818.0,13231355.7,668920489.65,1167538483.02
sz000551,创元科技,2006-10-12,4.83,4.85,4.63,4.66,4.83,2498407.0,11782983.9,645376704.3,1126444996.04
sz000551,创元科技,2006-10-13,4.65,4.69,4.6,4.62,4.66,1842722.0,8540831.8,639836990.1,1116775940.28
sz000551,创元科技,2006-10-16,4.61,4.67,4.6,4.63,4.62,1135375.0,5263608.3,641221918.65,1119193204.22
sz000551,创元科技,2006-10-17,4.63,4.65,4.6,4.64,4.63,995719.0,4602761.8,642606847.2,1121610468.16
sz000551,创元科技,2006-10-18,4.64,4.67,4.61,4.67,4.64,1081929.0,5026009.6,646761632.85,1128862259.98
sz000551,创元科技,2006-10-19,4.68,4.75,4.66,4.69,4.67,1646314.0,7736406.2,649531489.95,1133696787.86
sz000551,创元科技,2006-10-20,4.68,4.7,4.53,4.55,4.69,1936587.0,8919252.4,630142490.25,1099855092.7
sz000551,创元科技,2006-10-23,4.53,4.56,4.36,4.39,4.55,2083850.0,9253943.0,607983633.45,1061178869.66
sz000551,创元科技,2006-10-24,4.42,4.57,4.41,4.57,4.39,2556977.0,11477415.5,632912347.35,1104689620.58
sz000551,创元科技,2006-10-25,4.52,4.72,4.52,4.72,4.57,3596858.0,16664650.2,653686275.6,1140948579.68
sz000551,创元科技,2006-10-26,4.71,4.71,4.63,4.68,4.72,1255623.0,5862274.3,648146561.4,1131279523.92
sz000551,创元科技,2006-10-27,4.67,4.78,4.64,4.74,4.68,3021400.0,14246315.3,656456132.7,1145783107.56
sz000551,创元科技,2006-10-30,4.71,4.83,4.68,4.78,4.74,2559147.0,12164998.7,661995846.9,1155452163.32
sz000551,创元科技,2006-10-31,4.75,4.78,4.66,4.71,4.78,2035950.0,9561310.1,652301347.05,1138531315.74
sz000551,创元科技,2006-11-01,4.69,4.7,4.63,4.69,4.71,1421747.0,6621592.2,649531489.95,1133696787.86
sz000551,创元科技,2006-11-02,4.69,4.85,4.64,4.85,4.69,3447583.0,16466705.0,671690346.75,1172373010.9
sz000551,创元科技,2006-11-03,4.82,4.88,4.75,4.8,4.85,3207260.0,15430505.0,664765704.0,1160286691.2
sz000551,创元科技,2006-11-06,4.75,4.8,4.7,4.77,4.8,1542427.0,7321849.1,660610918.35,1153034899.38
sz000551,创元科技,2006-11-07,4.76,4.78,4.61,4.65,4.77,1773432.0,8257778.6,643991775.75,1124027732.1
sz000551,创元科技,2006-11-08,4.63,4.66,4.54,4.55,4.65,1704674.0,7810204.0,630142490.25,1099855092.7
sz000551,创元科技,2006-11-10,4.62,4.65,4.3,4.43,4.55,2376308.0,10658831.3,613523347.65,1070847925.42
sz000551,创元科技,2006-11-13,4.45,4.55,4.32,4.38,4.43,1625248.0,7181471.0,606598704.9,1058761605.72
sz000551,创元科技,2006-11-14,4.4,4.47,4.22,4.45,4.38,1671021.0,7267482.5,616293204.75,1075682453.3
sz000551,创元科技,2006-11-15,4.43,4.48,4.37,4.46,4.45,1699895.0,7535373.9,617678133.3,1078099717.24
sz000551,创元科技,2006-11-16,4.5,4.51,4.34,4.34,4.46,1620114.0,7122262.0,601058990.7,1049092549.96
sz000551,创元科技,2006-11-17,4.32,4.48,4.31,4.43,4.34,1097250.0,4864779.0,613523347.65,1070847925.42
sz000551,创元科技,2006-11-20,4.4,4.48,4.29,4.36,4.43,1336799.0,5802441.5,603828847.8,1053927077.84
sz000551,创元科技,2006-11-21,4.38,4.38,4.25,4.29,4.36,2390917.0,10233969.6,594134347.95,1037006230.26
sz000551,创元科技,2006-11-22,4.29,4.38,4.27,4.38,4.29,2685682.0,11642957.9,606598704.9,1058761605.72
sz000551,创元科技,2006-11-23,4.38,4.45,4.34,4.43,4.38,1649037.0,7261844.1,613523347.65,1070847925.42
sz000551,创元科技,2006-11-24,4.4,4.47,4.35,4.46,4.43,1693586.0,7496081.4,617678133.3,1078099717.24
sz000551,创元科技,2006-11-27,4.47,4.63,4.44,4.55,4.46,2157709.0,9806665.5,630142490.25,1099855092.7
sz000551,创元科技,2006-11-28,4.53,4.57,4.46,4.52,4.55,1350111.0,6092398.9,625987704.6,1092603300.88
sz000551,创元科技,2006-11-29,4.46,4.59,4.4,4.58,4.52,1537242.0,6946186.6,634297275.9,1107106884.52
sz000551,创元科技,2006-11-30,4.58,4.71,4.55,4.63,4.58,2571612.0,11945224.0,641221918.65,1119193204.22
sz000551,创元科技,2006-12-01,4.66,4.76,4.62,4.69,4.63,2646257.0,12406528.9,649531489.95,1133696787.86
sz000551,创元科技,2006-12-04,4.68,4.75,4.65,4.74,4.69,3016317.0,14192188.3,656456132.7,1145783107.56
sz000551,创元科技,2006-12-05,4.76,4.89,4.73,4.89,4.74,5220358.0,25087661.5,677230060.95,1182042066.66
sz000551,创元科技,2006-12-06,4.88,4.91,4.6,4.73,4.89,3863701.0,18351734.8,655071204.15,1143365843.62
sz000551,创元科技,2006-12-07,4.73,4.78,4.61,4.61,4.73,2786904.0,13100817.4,638452061.55,1114358676.34
sz000551,创元科技,2006-12-08,4.62,4.68,4.43,4.46,4.61,2169677.0,9887026.5,617678133.3,1078099717.24
sz000551,创元科技,2006-12-11,4.45,4.57,4.43,4.55,4.46,1282088.0,5777778.3,630142490.25,1099855092.7
sz000551,创元科技,2006-12-12,4.55,4.56,4.44,4.52,4.55,1220294.0,5472970.1,625987704.6,1092603300.88
sz000551,创元科技,2006-12-13,4.51,4.56,4.47,4.53,4.52,1082231.0,4882093.4,627372633.15,1095020564.82
sz000551,创元科技,2006-12-14,4.52,4.62,4.47,4.62,4.53,1960348.0,8937156.1,639836990.1,1116775940.28
sz000551,创元科技,2006-12-15,4.62,4.75,4.57,4.71,4.62,2521848.0,11799426.4,652301347.05,1138531315.74
sz000551,创元科技,2006-12-18,4.84,5.18,4.77,5.18,4.71,10887440.0,55484172.2,717392988.9,1252142720.92
sz000551,创元科技,2006-12-19,5.25,5.33,4.99,5.3,5.18,8643264.0,44639013.3,734012131.5,1281149888.2
sz000551,创元科技,2006-12-20,5.25,5.29,5.08,5.26,5.3,4359734.0,22656793.6,728472417.3,1271480832.44
sz000551,创元科技,2006-12-21,5.27,5.27,5.0,5.03,5.26,4174544.0,21443567.5,696619060.65,1215883761.82
sz000551,创元科技,2006-12-22,5.03,5.12,4.92,5.1,5.03,3146452.0,15871717.9,706313560.5,1232804609.4
sz000551,创元科技,2006-12-25,5.12,5.22,5.05,5.22,5.1,3125386.0,16001273.3,722932703.1,1261811776.68
sz000551,创元科技,2006-12-26,5.61,5.62,5.28,5.35,5.22,8961935.0,48763782.1,740936774.25,1293236207.9
sz000551,创元科技,2006-12-27,5.36,5.45,5.28,5.34,5.35,3509295.0,18815485.8,739551845.7,1290818943.96
sz000551,创元科技,2006-12-28,5.3,5.87,5.28,5.8,5.34,9554110.0,53574781.4,803258559.0,1402013085.2
sz000551,创元科技,2006-12-29,5.73,5.93,5.66,5.8,5.8,6406469.0,37055465.2,803258559.0,1402013085.2
sz000551,创元科技,2007-01-04,5.81,5.9,5.64,5.7,5.8,5506179.0,31954047.4,789409273.5,1377840445.8
sz000551,创元科技,2007-01-05,5.75,5.75,5.55,5.62,5.7,5521593.0,30967626.1,778329845.1,1358502334.28
sz000551,创元科技,2007-01-08,5.69,6.08,5.63,5.94,5.62,5901761.0,34818541.4,822647558.7,1435854780.36
sz000551,创元科技,2007-01-09,6.0,6.14,5.9,5.95,5.94,4953757.0,29825416.9,824032487.25,1438272044.3
sz000551,创元科技,2007-01-10,5.97,6.08,5.86,6.08,5.95,4521419.0,26924422.3,842036558.4,1469696475.52
sz000551,创元科技,2007-01-11,6.07,6.3,6.0,6.05,6.08,5651133.0,34874993.5,837881772.75,1462444683.7
sz000551,创元科技,2007-01-12,5.98,6.05,5.75,5.78,6.05,5257519.0,30866182.8,800488701.9,1397178557.32
sz000551,创元科技,2007-01-15,5.77,6.01,5.71,5.99,5.78,4085500.0,24004604.6,829572201.45,1447941100.06
sz000551,创元科技,2007-01-16,5.98,6.19,5.98,6.11,5.99,5456154.0,33175013.0,846191344.05,1476948267.34
sz000551,创元科技,2007-01-17,6.11,6.18,5.8,5.83,6.11,6335687.0,37934536.8,807413344.65,1409264877.02
sz000551,创元科技,2007-01-18,5.83,6.06,5.76,6.0,5.83,4885828.0,28755068.1,830957130.0,1450358364.0
sz000551,创元科技,2007-01-19,6.1,6.6,6.08,6.48,6.0,10404198.0,65942097.0,897433700.4,1566387033.12
sz000551,创元科技,2007-01-22,6.6,6.78,6.52,6.68,6.48,9065832.0,60248568.8,925132271.4,1614732311.92
sz000551,创元科技,2007-01-23,6.68,6.85,6.44,6.8,6.68,6687062.0,44076559.1,941751414.0,1643739479.2
sz000551,创元科技,2007-01-24,6.79,6.84,6.66,6.7,6.8,4382152.0,29521521.5,927902128.5,1619566839.8
sz000551,创元科技,2007-01-25,6.65,6.65,6.3,6.32,6.7,6107714.0,39409583.6,875274843.6,1527710810.08
sz000551,创元科技,2007-01-26,6.24,6.44,6.06,6.41,6.32,5691899.0,35456005.0,887739200.55,1549466185.54
sz000551,创元科技,2007-01-29,6.42,6.65,6.42,6.57,6.41,6922647.0,45275027.8,909898057.35,1588142408.58
sz000551,创元科技,2007-01-30,6.6,6.7,6.4,6.53,6.57,4386394.0,28882109.4,904358343.15,1578473352.82
sz000551,创元科技,2007-01-31,6.5,6.5,6.06,6.09,6.53,5356769.0,33788438.4,843421486.95,1472113739.46
sz000551,创元科技,2007-02-01,6.07,6.21,5.96,6.12,6.09,4054213.0,24748252.8,847576272.6,1479365531.28
sz000551,创元科技,2007-02-02,6.1,6.26,5.96,5.96,6.12,3488386.0,21287667.5,825417415.8,1440689308.24
sz000551,创元科技,2007-02-05,5.96,6.18,5.92,6.09,5.96,2551386.0,15510155.4,843421486.95,1472113739.46
sz000551,创元科技,2007-02-06,6.11,6.27,6.11,6.27,6.09,3623992.0,22422060.4,868350200.85,1515624490.38
sz000551,创元科技,2007-02-07,6.27,6.33,6.19,6.24,6.27,4219612.0,26446629.7,864195415.2,1508372698.56
sz000551,创元科技,2007-02-08,6.26,6.49,6.24,6.39,6.24,4469084.0,28649062.7,884969343.45,1544631657.66
sz000551,创元科技,2007-02-09,6.4,6.53,6.34,6.46,6.39,4005238.0,25745181.5,894663843.3,1561552505.24
sz000551,创元科技,2007-02-12,6.52,6.75,6.5,6.71,6.46,5189345.0,34628168.3,929287057.05,1621984103.74
sz000551,创元科技,2007-02-13,6.73,7.28,6.67,7.08,6.71,8152568.0,56855080.7,980529413.4,1711422869.52
sz000551,创元科技,2007-02-14,7.07,7.45,7.01,7.3,7.08,7622494.0,55458932.7,1010997841.5,1764602676.2
sz000551,创元科技,2007-02-15,7.38,7.6,7.26,7.51,7.3,9777304.0,72459047.3,1040081341.05,1815365218.94
sz000551,创元科技,2007-02-16,7.6,7.68,7.5,7.51,7.51,6019361.0,45584897.9,1040081341.05,1815365218.94
sz000551,创元科技,2007-02-26,7.53,7.76,7.4,7.7,7.51,6474384.0,49016111.9,1066394983.5,1861293233.8
sz000551,创元科技,2007-02-27,7.72,7.79,6.93,6.93,7.7,8306770.0,61053838.6,959755485.15,1675163910.42
sz000551,创元科技,2007-02-28,6.89,7.29,6.81,7.25,6.93,6302647.0,44551721.2,1004073198.75,1752516356.5
sz000551,创元科技,2007-03-01,7.24,7.24,6.83,6.87,7.25,6205798.0,43404835.9,951445913.85,1660660326.78
sz000551,创元科技,2007-03-02,6.91,7.13,6.91,7.1,6.87,4111938.0,28995925.1,983299270.5,1716257397.4
sz000551,创元科技,2007-03-05,7.13,7.44,7.09,7.3,7.1,6775316.0,49240908.3,1010997841.5,1764602676.2
sz000551,创元科技,2007-03-06,7.3,7.39,7.2,7.32,7.3,3471664.0,25376823.5,1013767698.6,1769437204.08
sz000551,创元科技,2007-03-07,7.37,7.44,7.32,7.42,7.32,3904922.0,28871789.3,1027616984.1,1793609843.48
sz000551,创元科技,2007-03-08,7.47,7.67,7.35,7.67,7.42,5996670.0,45232843.0,1062240197.85,1854041441.98
sz000551,创元科技,2007-03-09,7.64,7.77,7.52,7.58,7.67,5346483.0,40848994.0,1049775840.9,1832286066.52
sz000551,创元科技,2007-03-12,7.59,8.32,7.53,8.19,7.58,9405819.0,74632719.8,1134256482.45,1979739166.86
sz000551,创元科技,2007-03-13,8.13,8.26,8.03,8.09,8.19,6246204.0,50950044.9,1120407196.95,1955566527.46
sz000551,创元科技,2007-03-14,8.02,8.02,7.71,7.87,8.09,5843184.0,46044075.6,1089938768.85,1902386720.78
sz000551,创元科技,2007-03-15,7.8,8.17,7.8,8.01,7.87,5081187.0,40766413.7,1109327768.55,1936228415.94
sz000551,创元科技,2007-03-16,8.03,8.11,7.6,7.79,8.01,5335647.0,41925854.6,1078859340.45,1883048609.26
sz000551,创元科技,2007-03-19,7.55,8.28,7.45,8.2,7.79,8134637.0,65168860.3,1135641411.0,1982156430.8
sz000551,创元科技,2007-03-20,8.24,8.77,8.18,8.56,8.2,8335692.0,70649638.2,1185498838.8,2069177932.64
sz000551,创元科技,2007-03-21,8.61,8.84,8.52,8.68,8.56,5648371.0,48749860.8,1202117981.4,2098185099.92
sz000551,创元科技,2007-03-22,8.69,8.85,8.58,8.6,8.68,6470295.0,56353035.6,1191038553.0,2078846988.4
sz000551,创元科技,2007-03-23,8.56,8.75,8.5,8.72,8.6,4810364.0,41454114.0,1207657695.6,2107854155.68
sz000551,创元科技,2007-03-26,8.74,9.07,8.71,8.96,8.72,5588080.0,49889587.0,1240895980.8,2165868490.24
sz000551,创元科技,2007-03-27,8.97,9.04,8.84,8.96,8.96,5462002.0,48771849.8,1240895980.8,2165868490.24
sz000551,创元科技,2007-03-28,8.99,8.99,8.45,8.77,8.96,7102989.0,61940621.9,1214582338.35,2119940475.38
sz000551,创元科技,2007-03-29,8.83,8.84,8.28,8.3,8.77,7177131.0,61197556.6,1149490696.5,2006329070.2
sz000551,创元科技,2007-04-02,8.56,9.13,8.51,9.13,8.3,8830986.0,78763522.8,1264439766.15,2206961977.22
sz000551,创元科技,2007-04-03,9.25,9.42,9.1,9.2,9.13,9136445.0,84395759.2,1274134266.0,2223882824.8
sz000551,创元科技,2007-04-04,9.2,9.66,9.11,9.52,9.2,8299843.0,78063554.1,1318451979.6,2301235270.88
sz000551,创元科技,2007-04-05,9.51,9.86,9.4,9.8,9.52,6526638.0,63664269.1,1357229979.0,2368918661.2
sz000551,创元科技,2007-04-06,9.73,10.55,9.65,10.52,9.8,7832700.0,79141583.3,1456944834.6,2542961664.88
sz000551,创元科技,2007-04-09,10.7,11.57,10.62,11.55,10.52,14310115.0,160026165.3,1599592475.25,2791939850.7
sz000551,创元科技,2007-04-10,11.57,11.61,10.86,11.27,11.55,11524402.0,129491244.0,1560814475.85,2724256460.38
sz000551,创元科技,2007-04-11,11.28,11.3,10.65,10.9,11.27,17191279.0,187651125.7,1509572119.5,2634817694.6
sz000551,创元科技,2007-04-12,10.9,11.27,10.85,11.1,10.9,12347880.0,136697062.0,1537270690.5,2683162973.4
sz000551,创元科技,2007-04-13,11.15,11.19,10.68,10.76,11.1,12032307.0,131247873.3,1490183119.8,2600975999.44
sz000551,创元科技,2007-04-16,10.76,11.09,10.76,11.0,10.76,8982211.0,98470296.2,1523421405.0,2658990334.0
sz000551,创元科技,2007-04-17,11.1,11.61,11.09,11.52,11.0,14694516.0,167090740.8,1595437689.6,2784688058.88
sz000551,创元科技,2007-04-18,11.6,11.74,11.31,11.61,11.52,13876398.0,159722956.7,1607902046.55,2806443434.34
sz000551,创元科技,2007-04-19,11.42,12.0,10.67,11.36,11.61,17713345.0,206558681.0,1573278832.8,2746011835.84
sz000551,创元科技,2007-04-20,11.37,12.3,11.37,12.12,11.36,14057036.0,167265829.7,1678533402.6,2929723895.28
sz000551,创元科技,2007-04-23,12.3,12.74,12.3,12.47,12.12,12750040.0,159239081.6,1727005901.85,3014328133.18
sz000551,创元科技,2007-04-24,12.49,12.62,12.12,12.2,12.47,13329406.0,163672616.0,1689612831.0,2949062006.8
sz000551,创元科技,2007-04-25,11.9,11.9,11.11,11.5,12.2,20060313.0,230275740.4,1592667832.5,2779853531.0
sz000551,创元科技,2007-04-26,11.41,12.05,11.29,11.98,11.5,14841375.0,174888807.7,1659144402.9,2895882200.12
sz000551,创元科技,2007-04-27,11.95,12.27,11.78,12.13,11.98,18605210.0,224808270.3,1679918331.15,2932141159.22
sz000551,创元科技,2007-04-30,12.16,12.26,11.43,11.78,12.13,21521408.0,255749438.1,1631445831.9,2847536921.32
sz000551,创元科技,2007-05-08,11.9,12.2,11.8,12.15,11.78,17312221.0,209193989.1,1682688188.25,2936975687.1
sz000551,创元科技,2007-05-10,12.58,12.58,12.01,12.16,12.15,13644687.0,167019123.2,1684073116.8,2939392951.04
sz000551,创元科技,2007-05-11,12.1,12.1,11.63,11.79,12.16,8723969.0,102682677.8,1632830760.45,2849954185.26
sz000551,创元科技,2007-05-14,11.49,11.75,11.38,11.54,11.79,8316386.0,96052047.6,1598207546.7,2789522586.76
sz000551,创元科技,2007-05-15,11.5,11.86,11.5,11.52,11.54,8006441.0,93461804.8,1595437689.6,2784688058.88
sz000551,创元科技,2007-05-16,11.48,11.69,10.91,11.49,11.52,7562970.0,85090381.2,1591282903.95,2777436267.06
sz000551,创元科技,2007-05-17,11.58,11.82,11.39,11.72,11.49,7005597.0,81675090.4,1623136260.6,2833033337.68
sz000551,创元科技,2007-05-18,11.73,11.78,11.44,11.5,11.72,6563870.0,76019937.6,1592667832.5,2779853531.0
sz000551,创元科技,2007-05-21,11.0,11.76,10.91,11.45,11.5,8025916.0,91282777.7,1585743189.75,2767767211.3
sz000551,创元科技,2007-05-22,11.45,12.1,11.45,11.99,11.45,13340266.0,158207468.7,1660529331.45,2898299464.06
sz000551,创元科技,2007-05-23,12.0,12.47,12.0,12.32,11.99,12626794.0,154892633.9,1706231973.6,2978069174.08
sz000551,创元科技,2007-05-24,12.38,12.45,11.68,11.93,12.32,11954327.0,143112679.2,1652219760.15,2883795880.42
sz000551,创元科技,2007-05-25,11.79,12.2,11.79,12.11,11.93,10962873.0,132324376.8,1761675716.99,2927306631.34
sz000551,创元科技,2007-05-28,12.38,12.73,12.21,12.63,12.11,19104499.0,237418048.2,1837321577.67,3053004356.22
sz000551,创元科技,2007-05-29,12.65,13.14,12.65,12.89,12.63,17845496.0,230820130.1,1875144508.01,3115853218.66
sz000551,创元科技,2007-05-30,11.65,12.63,11.6,11.6,12.89,14217125.0,170071221.9,1687484584.4,2804026170.4
sz000551,创元科技,2007-05-31,11.28,11.5,10.44,10.56,11.6,10292733.0,109760113.7,1536192863.04,2552630720.64
sz000551,创元科技,2007-06-01,10.57,10.9,9.5,9.5,10.56,8385453.0,83643526.2,1381991685.5,2296400743.0
sz000551,创元科技,2007-06-04,9.2,9.45,8.55,8.55,9.5,7104821.0,61640974.8,1243792516.95,2066760668.7
sz000551,创元科技,2007-06-05,8.04,8.96,7.7,8.92,8.55,14266754.0,117705529.6,1297617456.28,2156199434.48
sz000551,创元科技,2007-06-06,8.95,9.8,8.58,9.75,8.92,15436669.0,144307892.6,1418359887.75,2356832341.5
sz000551,创元科技,2007-06-07,10.03,10.66,10.02,10.52,9.75,22237605.0,228944314.9,1530373950.68,2542961664.88
sz000551,创元科技,2007-06-08,10.53,10.6,10.28,10.29,10.52,13130302.0,136300268.6,1496915204.61,2487364594.26
sz000551,创元科技,2007-06-11,10.3,10.86,10.25,10.38,10.29,9693573.0,102017191.3,1510007757.42,2509119969.72
sz000551,创元科技,2007-06-12,10.45,10.45,9.6,10.33,10.38,10323638.0,104779188.0,1502734116.97,2497033650.02
sz000551,创元科技,2007-06-13,10.39,10.85,10.28,10.64,10.33,12764770.0,135234717.8,1547830687.76,2571968832.16
sz000551,创元科技,2007-06-14,10.6,10.6,10.15,10.24,10.64,7465857.0,77588042.7,1489641564.16,2475278274.56
sz000551,创元科技,2007-06-15,10.06,10.39,9.95,10.12,10.24,6105192.0,61761729.2,1472184827.08,2446271107.28
sz000551,创元科技,2007-06-18,10.17,10.79,10.17,10.64,10.12,10206202.0,106896199.7,1547830687.76,2571968832.16
sz000551,创元科技,2007-06-19,10.6,11.17,10.3,11.0,10.64,13395053.0,144941954.4,1600200899.0,2658990334.0
sz000551,创元科技,2007-06-20,11.11,11.17,10.31,10.35,11.0,8899232.0,96280852.6,1505643573.15,2501868177.9
sz000551,创元科技,2007-06-21,10.13,10.5,9.88,10.08,10.35,6610992.0,66869556.4,1466365914.72,2436602051.52
sz000551,创元科技,2007-06-22,10.0,10.21,9.07,9.15,10.08,7017645.0,67334483.3,1331076202.35,2211796505.1
sz000551,创元科技,2007-06-25,9.15,9.36,8.28,8.36,9.15,5817658.0,50380532.1,1216152683.24,2020832653.84
sz000551,创元科技,2007-06-26,8.15,8.79,8.03,8.79,8.36,4557931.0,38151131.7,1278705991.11,2124775003.26
sz000551,创元科技,2007-06-27,8.85,9.38,8.7,9.32,8.79,6169579.0,56335779.0,1355806579.88,2252889992.08
sz000551,创元科技,2007-06-28,9.33,9.68,8.86,8.98,9.32,7767494.0,72407236.6,1306345824.82,2170703018.12
sz000551,创元科技,2007-06-29,8.79,8.91,8.1,8.48,8.98,4982441.0,42502769.2,1233609420.32,2049839821.12
sz000551,创元科技,2007-07-02,8.53,8.85,8.38,8.72,8.48,3907884.0,33646132.0,1268522894.48,2107854155.68
sz000551,创元科技,2007-07-03,8.88,9.31,8.61,9.22,8.72,7984074.0,71556614.8,1341259298.98,2228717352.68
sz000551,创元科技,2007-07-04,9.1,9.42,9.03,9.23,9.22,5969384.0,54919637.3,1342714027.07,2231134616.62
sz000551,创元科技,2007-07-05,9.29,9.49,8.5,8.55,9.23,7966182.0,73342304.4,1243792516.95,2066760668.7
sz000551,创元科技,2007-07-06,8.28,9.29,8.17,9.22,8.55,6544113.0,57164103.7,1341259298.98,2228717352.68
sz000551,创元科技,2007-07-09,9.1,9.22,8.91,9.09,9.02,6026373.0,54798619.9,1322347833.81,2197292921.46
sz000551,创元科技,2007-07-10,9.09,9.09,8.5,8.63,9.09,3974255.0,34707745.8,1255430341.67,2086098780.22
sz000551,创元科技,2007-07-11,8.59,8.75,8.45,8.64,8.63,2024391.0,17419062.1,1256885069.76,2088516044.16
sz000551,创元科技,2007-07-12,8.71,9.09,8.5,8.84,8.64,3908392.0,34344987.1,1285979631.56,2136861322.96
sz000551,创元科技,2007-07-13,8.8,9.05,8.55,8.84,8.84,3353229.0,29667140.0,1285979631.56,2136861322.96
sz000551,创元科技,2007-07-17,8.4,8.8,8.4,8.66,8.84,2401716.0,20683645.3,1259794525.94,2093350572.04
sz000551,创元科技,2007-07-18,8.66,9.05,8.62,8.66,8.66,2175894.0,19132237.7,1259794525.94,2093350572.04
sz000551,创元科技,2007-07-19,8.61,8.85,8.4,8.5,8.66,2105251.0,17941743.9,1236518876.5,2054674349.0
sz000551,创元科技,2007-07-20,8.49,8.79,8.49,8.73,8.5,3243910.0,28200153.6,1269977622.57,2110271419.62
sz000551,创元科技,2007-07-23,8.72,9.19,8.72,9.16,8.73,6153605.0,55617787.4,1332530930.44,2214213769.04
sz000551,创元科技,2007-07-24,9.2,9.5,9.03,9.07,9.16,5681448.0,52814401.7,1319438377.63,2192458393.58
sz000551,创元科技,2007-07-25,9.06,9.41,9.06,9.41,9.07,5456840.0,50715544.7,1368899132.69,2274645367.54
sz000551,创元科技,2007-07-26,9.47,9.69,9.3,9.51,9.41,6361934.0,60580944.3,1383446413.59,2298818006.94
sz000551,创元科技,2007-07-27,9.55,9.89,9.32,9.89,9.51,7829775.0,76001829.4,1438726081.01,2390674036.66
sz000551,创元科技,2007-07-30,9.9,10.15,9.85,9.94,9.89,8070756.0,80704851.0,1445999721.46,2402760356.36
sz000551,创元科技,2007-07-31,10.0,10.34,9.89,10.24,9.94,8131890.0,82923539.1,1489641564.16,2475278274.56
sz000551,创元科技,2007-08-01,10.3,10.4,9.25,9.33,10.24,8413876.0,82206653.3,1357261307.97,2255307256.02
sz000551,创元科技,2007-08-02,9.49,9.69,9.08,9.53,9.33,5314936.0,50265775.2,1386355869.77,2303652534.82
sz000551,创元科技,2007-08-03,9.55,9.9,9.29,9.67,9.53,6298836.0,60374926.1,1406722063.03,2337494229.98
sz000551,创元科技,2007-08-06,9.76,9.8,9.53,9.7,9.67,5403391.0,52220867.5,1411086247.3,2344746021.8
sz000551,创元科技,2007-08-07,9.71,9.77,9.36,9.44,9.7,4914994.0,46641444.0,1373263316.96,2281897159.36
sz000551,创元科技,2007-08-08,9.45,9.79,9.28,9.64,9.44,4736615.0,45328867.2,1402357878.76,2330242438.16
sz000551,创元科技,2007-08-09,9.63,9.84,9.53,9.68,9.64,5298373.0,51406776.4,1408176791.12,2339911493.92
sz000551,创元科技,2007-08-10,9.6,9.62,9.05,9.46,9.68,4675016.0,43527337.1,1376172773.14,2286731687.24
sz000551,创元科技,2007-08-13,9.7,9.83,9.32,9.71,9.46,5288086.0,51058195.9,1412540975.39,2347163285.74
sz000551,创元科技,2007-08-14,9.8,10.2,9.74,10.2,9.71,9466174.0,95183947.9,1483822651.8,2465609218.8
sz000551,创元科技,2007-08-15,10.25,10.9,9.81,10.52,10.2,16950190.0,176053680.7,1530373950.68,2542961664.88
sz000551,创元科技,2007-08-16,10.39,10.95,10.3,10.74,10.52,16054312.0,172457668.8,1562377968.66,2596141471.56
sz000551,创元科技,2007-08-17,10.65,10.84,10.18,10.22,10.74,8480889.0,89028588.9,1486732107.98,2470443746.68
sz000551,创元科技,2007-08-20,10.5,10.66,10.3,10.56,10.22,6019355.0,63144957.9,1536192863.04,2552630720.64
sz000551,创元科技,2007-08-21,10.59,10.64,10.17,10.23,10.56,8981733.0,92298115.2,1488186836.07,2472861010.62
sz000551,创元科技,2007-08-22,10.03,10.78,10.03,10.4,10.23,8129748.0,85682070.9,1512917213.6,2513954497.6
sz000551,创元科技,2007-08-23,10.4,10.59,10.25,10.45,10.4,5635169.0,58723272.3,1520190854.05,2526040817.3
sz000551,创元科技,2007-08-24,10.5,11.2,10.5,11.04,10.45,15005447.0,162392353.4,1606019811.36,2668659389.76
sz000551,创元科技,2007-08-27,11.4,11.4,10.64,10.72,11.04,9797432.0,107227786.2,1559468512.48,2591306943.68
sz000551,创元科技,2007-08-28,10.68,11.2,10.27,10.98,10.72,8538284.0,92676363.7,1597291442.82,2654155806.12
sz000551,创元科技,2007-08-29,10.81,11.68,10.68,11.4,10.98,14729637.0,166713677.7,1658390022.6,2755680891.6
sz000551,创元科技,2007-08-30,11.4,12.3,11.38,11.62,11.4,21454549.0,254503529.2,1690394040.58,2808860698.28
sz000551,创元科技,2007-08-31,11.66,11.94,11.46,11.61,11.62,9572478.0,111682273.9,1688939312.49,2806443434.34
sz000551,创元科技,2007-09-03,11.65,11.87,11.6,11.72,11.61,8149267.0,95416333.4,1704941321.48,2833033337.68
sz000551,创元科技,2007-09-04,11.72,11.79,11.2,11.28,11.72,8055082.0,91690532.3,1640933285.52,2726673724.32
sz000551,创元科技,2007-09-05,11.28,11.78,11.24,11.7,11.28,7346370.0,85077002.1,1702031865.3,2828198809.8
sz000551,创元科技,2007-09-06,11.71,12.0,11.5,11.99,11.7,10584170.0,124801482.5,1744218979.91,2898299464.06
sz000551,创元科技,2007-09-07,11.92,12.38,11.72,11.82,11.99,15319732.0,186180101.7,1719488602.38,2857205977.08
sz000551,创元科技,2007-09-10,11.41,12.2,11.1,12.2,11.82,8772220.0,102873431.7,1774768269.8,2949062006.8
sz000551,创元科技,2007-09-11,12.3,12.53,11.11,11.31,12.2,18607510.0,227887324.9,1645297469.79,2733925516.14
sz000551,创元科技,2007-09-12,11.22,11.6,10.31,10.81,11.31,10642992.0,116406052.6,1572561065.29,2613062319.14
sz000551,创元科技,2007-09-13,10.92,11.28,10.51,11.27,10.81,8106087.0,87602991.9,1639478557.43,2724256460.38
sz000551,创元科技,2007-09-14,11.15,11.27,10.72,11.01,11.27,6701165.0,73714579.5,1601655627.09,2661407597.94
sz000551,创元科技,2007-09-17,11.1,11.45,10.81,11.3,11.01,6567103.0,73419471.3,1643842741.7,2731508252.2
sz000551,创元科技,2007-09-18,11.45,11.48,10.9,11.23,11.3,6335914.0,70799493.1,1633659645.07,2714587404.62
sz000551,创元科技,2007-09-19,11.37,11.5,11.19,11.27,11.23,6879699.0,78172322.1,1639478557.43,2724256460.38
sz000551,创元科技,2007-09-20,11.28,11.45,10.96,11.02,11.27,5183187.0,57534759.0,1603110355.18,2663824861.88
sz000551,创元科技,2007-09-21,11.02,11.15,10.43,10.62,11.02,7049348.0,74987954.5,1544921231.58,2567134304.28
sz000551,创元科技,2007-09-24,10.64,10.93,10.64,10.68,10.62,3504093.0,37664816.3,1553649600.12,2581637887.92
sz000551,创元科技,2007-09-25,10.66,10.84,10.37,10.51,10.68,3279991.0,34613285.6,1528919222.59,2540544400.94
sz000551,创元科技,2007-09-26,10.4,10.59,10.3,10.33,10.51,3173329.0,32950253.1,1502734116.97,2497033650.02
sz000551,创元科技,2007-09-27,10.33,10.58,10.31,10.54,10.33,1962390.0,20510240.4,1533283406.86,2547796192.76
sz000551,创元科技,2007-09-28,10.63,10.81,10.52,10.73,10.54,4354014.0,46610888.8,1560923240.57,2593724207.62
sz000551,创元科技,2007-10-08,10.89,10.9,10.66,10.68,10.73,3293099.0,35380986.0,1553649600.12,2581637887.92
sz000551,创元科技,2007-10-09,10.6,10.8,10.44,10.71,10.68,2706134.0,28711958.9,1558013784.39,2588889679.74
sz000551,创元科技,2007-10-10,10.7,10.95,10.57,10.8,10.71,4279488.0,45909499.2,1571106337.2,2610645055.2
sz000551,创元科技,2007-10-11,10.8,10.95,10.47,10.5,10.8,3961029.0,42596050.9,1527464494.5,2538127137.0
sz000551,创元科技,2007-10-12,10.53,10.65,9.45,10.17,10.5,5678472.0,56748825.7,1479458467.53,2458357426.98
sz000551,创元科技,2007-10-15,10.2,10.21,9.71,9.81,10.17,3608143.0,35643540.2,1427088256.29,2371335925.14
sz000551,创元科技,2007-10-16,9.83,9.99,9.73,9.9,9.81,2503053.0,24720684.2,1440180809.1,2393091300.6
sz000551,创元科技,2007-10-17,9.98,10.3,9.92,10.08,9.9,3029861.0,30625819.8,1466365914.72,2436602051.52
sz000551,创元科技,2007-10-18,10.07,10.2,9.7,9.78,10.08,2172415.0,21370639.4,1422724072.02,2364084133.32
sz000551,创元科技,2007-10-19,9.76,9.93,9.5,9.59,9.78,1732852.0,16867827.9,1395084238.31,2318156118.46
sz000551,创元科技,2007-10-22,9.5,9.5,9.1,9.11,9.59,2338837.0,21741113.3,1325257289.99,2202127449.34
sz000551,创元科技,2007-10-23,9.13,9.28,8.84,9.12,9.11,1812520.0,16448552.7,1326712018.08,2204544713.28
sz000551,创元科技,2007-10-24,9.2,9.25,8.87,8.88,9.12,1656438.0,15042115.4,1291798543.92,2146530378.72
sz000551,创元科技,2007-10-25,8.89,8.89,7.99,8.0,8.88,3495773.0,28893774.2,1163782472.0,1933811152.0
sz000551,创元科技,2007-10-26,8.18,8.37,8.02,8.23,8.0,2354970.0,19325428.4,1197241218.07,1989408222.62
sz000551,创元科技,2007-10-29,8.28,9.05,8.28,9.05,8.23,4320168.0,37977768.2,1316528921.45,2187623865.7
sz000551,创元科技,2007-10-30,9.06,9.55,8.81,9.32,9.05,4514158.0,41844176.4,1355806579.88,2252889992.08
sz000551,创元科技,2007-10-31,9.35,9.49,8.93,9.38,9.32,3669803.0,33901231.1,1364534948.42,2267393575.72
sz000551,创元科技,2007-11-01,9.3,9.74,8.95,9.38,9.38,4696997.0,44223961.6,1364534948.42,2267393575.72
sz000551,创元科技,2007-11-02,9.1,9.68,9.0,9.1,9.38,2827999.0,26440450.4,1323802561.9,2199710185.4
sz000551,创元科技,2007-11-05,9.0,9.38,8.91,9.2,9.1,1382882.0,12723388.9,1338349842.8,2223882824.8
sz000551,创元科技,2007-11-06,9.19,9.38,9.1,9.23,9.2,1650959.0,15283138.9,1342714027.07,2231134616.62
sz000551,创元科技,2007-11-07,9.39,9.64,9.13,9.61,9.23,3359163.0,31695668.9,1397993694.49,2322990646.34
sz000551,创元科技,2007-11-08,9.54,9.85,9.19,9.2,9.61,3821451.0,36622292.0,1338349842.8,2223882824.8
sz000551,创元科技,2007-11-09,9.02,9.25,8.62,8.72,9.2,2527607.0,22414369.2,1268522894.48,2107854155.68
sz000551,创元科技,2007-11-12,8.76,9.1,8.51,9.1,8.72,2461586.0,21813123.4,1323802561.9,2199710185.4
sz000551,创元科技,2007-11-13,9.25,9.38,8.99,9.06,9.1,2545019.0,23390034.8,1317983649.54,2190041129.64
sz000551,创元科技,2007-11-14,9.2,9.49,9.12,9.43,9.06,2722877.0,25419096.3,1371808588.87,2279479895.42
sz000551,创元科技,2007-11-16,9.2,9.65,9.15,9.57,9.43,3800741.0,35989395.3,1392174782.13,2313321590.58
sz000551,创元科技,2007-11-19,9.55,9.83,9.49,9.68,9.57,2786757.0,26978416.2,1408176791.12,2339911493.92
sz000551,创元科技,2007-11-20,9.7,9.74,9.41,9.55,9.68,2178480.0,20883326.4,1389265325.95,2308487062.7
sz000551,创元科技,2007-11-21,9.55,9.68,9.39,9.45,9.55,2584527.0,24620455.7,1374718045.05,2284314423.3
sz000551,创元科技,2007-11-22,9.31,9.38,8.7,8.84,9.45,2164999.0,19657471.4,1285979631.56,2136861322.96
sz000551,创元科技,2007-11-23,8.75,9.1,8.7,9.1,8.84,1037019.0,9276708.4,1323802561.9,2199710185.4
sz000551,创元科技,2007-11-26,9.2,9.2,8.89,8.89,9.1,1257200.0,11431072.0,1293253272.01,2148947642.66
sz000551,创元科技,2007-11-27,8.84,8.92,8.67,8.68,8.89,1783576.0,15655853.2,1262703982.12,2098185099.92
sz000551,创元科技,2007-11-28,8.78,9.16,8.77,8.95,8.68,2180781.0,19629866.9,1301981640.55,2163451226.3
sz000551,创元科技,2007-11-29,8.93,9.15,8.86,9.15,8.95,1690720.0,15279240.7,1331076202.35,2211796505.1
sz000551,创元科技,2007-11-30,9.14,9.18,8.92,8.96,9.15,1355865.0,12238870.5,1303436368.64,2165868490.24
sz000551,创元科技,2007-12-03,9.05,9.1,8.81,9.05,8.96,1170034.0,10527043.9,1316528921.45,2187623865.7
sz000551,创元科技,2007-12-04,9.1,9.36,9.05,9.24,9.05,1787778.0,16477414.1,1344168755.16,2233551880.56
sz000551,创元科技,2007-12-05,9.25,9.3,9.11,9.26,9.24,1678724.0,15450122.2,1347078211.34,2238386408.44
sz000551,创元科技,2007-12-06,9.26,9.28,9.09,9.21,9.26,1873475.0,17156752.9,1339804570.89,2226300088.74
sz000551,创元科技,2007-12-07,9.23,9.37,9.15,9.35,9.21,2246035.0,20859871.1,1360170764.15,2260141783.9
sz000551,创元科技,2007-12-10,9.23,9.55,9.15,9.55,9.35,3501208.0,33064903.9,1389265325.95,2308487062.7
sz000551,创元科技,2007-12-11,9.77,9.77,9.43,9.63,9.55,4308446.0,41334032.0,1400903150.67,2327825174.22
sz000551,创元科技,2007-12-12,9.59,9.73,9.5,9.61,9.63,2662521.0,25539406.2,1397993694.49,2322990646.34
sz000551,创元科技,2007-12-13,9.57,9.74,9.3,9.3,9.61,2971486.0,28494392.2,1352897123.7,2248055464.2
sz000551,创元科技,2007-12-14,9.2,9.51,9.04,9.51,9.3,2559030.0,23763901.9,1383446413.59,2298818006.94
sz000551,创元科技,2007-12-17,9.75,10.08,9.74,9.81,9.51,8426811.0,83585877.2,1427088256.29,2371335925.14
sz000551,创元科技,2007-12-19,9.7,9.98,9.7,9.9,9.81,4033650.0,39697557.0,1440180809.1,2393091300.6
sz000551,创元科技,2007-12-20,9.93,10.05,9.81,9.96,9.9,2839496.0,28282845.2,1448909177.64,2407594884.24
sz000551,创元科技,2007-12-21,10.0,10.14,9.92,10.06,9.96,3489029.0,35063847.4,1463456458.54,2431767523.64
sz000551,创元科技,2007-12-24,10.15,10.5,9.98,10.3,10.06,7086991.0,72099043.2,1498369932.7,2489781858.2
sz000551,创元科技,2007-12-25,10.28,10.38,10.1,10.19,10.3,3433505.0,35139228.0,1482367923.71,2463191954.86
sz000551,创元科技,2007-12-26,10.16,10.38,10.15,10.35,10.19,3317664.0,34204582.3,1505643573.15,2501868177.9
sz000551,创元科技,2007-12-27,10.15,10.38,9.96,10.27,10.35,16080660.0,163137174.7,1494005748.43,2482530066.38
sz000551,创元科技,2007-12-28,10.18,10.44,10.09,10.3,10.27,7138331.0,73206271.0,1498369932.7,2489781858.2
sz000551,创元科技,2008-01-02,10.38,10.9,10.32,10.83,10.3,9584258.0,102206672.5,1575470521.47,2617896847.02
sz000551,创元科技,2008-01-03,10.71,10.97,10.71,10.94,10.83,6784547.0,73724889.6,1591472530.46,2644486750.36
sz000551,创元科技,2008-01-04,10.94,10.98,10.67,10.84,10.94,4255513.0,45877310.6,1576925249.56,2620314110.96
sz000551,创元科技,2008-01-07,10.91,11.2,10.88,11.0,10.84,4698137.0,51728907.6,1600200899.0,2658990334.0
sz000551,创元科技,2008-01-08,11.15,11.17,10.59,10.61,11.0,5704750.0,61894927.3,1543466503.49,2564717040.34
sz000551,创元科技,2008-01-09,10.62,10.94,10.62,10.85,10.61,3580356.0,38698221.3,1578379977.65,2622731374.9
sz000551,创元科技,2008-01-10,10.86,11.08,10.75,10.78,10.85,4643042.0,50704897.2,1568196881.02,2605810527.32
sz000551,创元科技,2008-01-11,10.77,10.83,10.42,10.59,10.78,4716669.0,49910922.9,1540557047.31,2559882512.46
sz000551,创元科技,2008-01-14,10.58,10.86,10.48,10.76,10.59,3799621.0,40501394.6,1565287424.84,2600975999.44
sz000551,创元科技,2008-01-15,10.8,11.05,10.65,10.97,10.76,4781896.0,52064126.5,1595836714.73,2651738542.18
sz000551,创元科技,2008-01-16,10.96,11.0,10.6,10.65,10.97,3509908.0,37931295.7,1549285415.85,2574386096.1
sz000551,创元科技,2008-01-17,10.62,10.8,9.98,10.25,10.65,4390265.0,45582526.2,1491096292.25,2477695538.5
sz000551,创元科技,2008-01-18,10.26,10.59,10.26,10.47,10.25,3165057.0,32982711.9,1523100310.23,2530875345.18
sz000551,创元科技,2008-01-21,10.51,10.68,9.96,10.0,10.47,3298285.0,34223458.9,1454728090.0,2417263940.0
sz000551,创元科技,2008-01-22,9.9,9.94,9.0,9.0,10.0,3915789.0,36538118.1,1309255281.0,2175537546.0
sz000551,创元科技,2008-01-23,9.0,9.43,8.8,9.39,9.0,3410284.0,31314238.0,1365989676.51,2269810839.66
sz000551,创元科技,2008-01-24,9.37,9.66,9.25,9.53,9.39,4203555.0,39820921.4,1386355869.77,2303652534.82
sz000551,创元科技,2008-01-25,9.45,9.79,9.4,9.48,9.53,2968824.0,28489948.9,1379082229.32,2291566215.12
sz000551,创元科技,2008-01-28,9.5,9.58,8.63,8.69,9.48,3110162.0,28280121.4,1264158710.21,2100602363.86
sz000551,创元科技,2008-01-29,8.79,9.09,8.76,9.03,8.69,1796140.0,16004477.0,1313619465.27,2182789337.82
sz000551,创元科技,2008-01-30,9.04,9.3,8.82,9.08,9.03,1856353.0,16853287.6,1320893105.72,2194875657.52
sz000551,创元科技,2008-01-31,9.05,9.17,8.81,8.81,9.08,1276801.0,11514698.0,1281615447.29,2129609531.14
sz000551,创元科技,2008-02-01,8.96,9.09,8.22,8.5,8.81,1952837.0,16877357.4,1236518876.5,2054674349.0
sz000551,创元科技,2008-02-04,8.76,9.25,8.73,9.25,8.5,1929761.0,17461145.4,1345623483.25,2235969144.5
sz000551,创元科技,2008-02-05,9.24,9.35,9.1,9.2,9.25,1546680.0,14252341.8,1338349842.8,2223882824.8
sz000551,创元科技,2008-02-13,9.07,9.44,9.07,9.23,9.2,1376675.0,12808184.2,1342714027.07,2231134616.62
sz000551,创元科技,2008-02-14,9.35,9.45,9.25,9.35,9.23,1306614.0,12190688.1,1360170764.15,2260141783.9
sz000551,创元科技,2008-02-15,9.3,9.31,9.0,9.14,9.35,1497982.0,13649792.0,1329621474.26,2209379241.16
sz000551,创元科技,2008-02-18,9.28,9.47,9.25,9.42,9.14,2298466.0,21584037.3,1370353860.78,2277062631.48
sz000551,创元科技,2008-02-19,9.48,9.68,9.38,9.61,9.42,3161656.0,30259286.7,1397993694.49,2322990646.34
sz000551,创元科技,2008-02-20,9.62,9.9,9.47,9.88,9.61,6313458.0,61529490.8,1437271352.92,2388256772.72
sz000551,创元科技,2008-02-21,9.82,10.32,9.73,10.21,9.88,10023264.0,101155941.5,1485277379.89,2468026482.74
sz000551,创元科技,2008-02-22,10.23,10.23,9.69,9.93,10.21,4392575.0,43610410.7,1444544993.37,2400343092.42
sz000551,创元科技,2008-02-25,9.95,10.01,9.4,9.46,9.93,2569499.0,24813795.8,1376172773.14,2286731687.24
sz000551,创元科技,2008-02-26,9.69,9.87,9.43,9.68,9.46,2393908.0,23103679.9,1408176791.12,2339911493.92
sz000551,创元科技,2008-02-27,9.91,9.98,9.73,9.88,9.68,1963951.0,19429361.3,1437271352.92,2388256772.72
sz000551,创元科技,2008-02-28,9.83,10.15,9.82,9.97,9.88,2640189.0,26448229.6,1450363905.73,2410012148.18
sz000551,创元科技,2008-02-29,9.96,10.38,9.96,10.38,9.97,4140179.0,42122215.3,1510007757.42,2509119969.72
sz000551,创元科技,2008-03-03,10.58,11.38,10.57,11.1,10.38,15801762.0,173896568.5,1614748179.9,2683162973.4
sz000551,创元科技,2008-03-04,11.0,11.36,10.91,11.0,11.1,10395047.0,115930438.9,1600200899.0,2658990334.0
sz000551,创元科技,2008-03-05,10.98,12.01,10.86,11.98,11.0,15033327.0,172354810.4,1742764251.82,2895882200.12
sz000551,创元科技,2008-03-06,12.0,12.49,11.5,11.51,11.98,18026310.0,216419318.0,1674392031.59,2782270794.94
sz000551,创元科技,2008-03-07,11.41,11.72,10.86,10.9,11.51,8239132.0,92182820.6,1585653618.1,2634817694.6
sz000551,创元科技,2008-03-10,10.84,11.11,10.7,10.8,10.9,5268380.0,57413998.7,1571106337.2,2610645055.2
sz000551,创元科技,2008-03-11,10.9,11.1,10.52,10.99,10.8,4352297.0,47182646.4,1598746170.91,2656573070.06
sz000551,创元科技,2008-03-13,10.55,10.7,9.89,10.02,10.99,5117034.0,52517334.6,1457637546.18,2422098467.88
sz000551,创元科技,2008-03-14,9.9,10.19,9.66,10.03,10.02,3798940.0,37572154.0,1459092274.27,2424515731.82
sz000551,创元科技,2008-03-17,9.9,9.97,9.03,9.03,10.03,4640195.0,44045131.5,1313619465.27,2182789337.82
sz000551,创元科技,2008-03-18,8.8,9.69,8.52,9.28,9.03,7435968.0,67050723.9,1349987667.52,2243220936.32
sz000551,创元科技,2008-03-19,9.39,10.1,9.1,9.79,9.28,5689537.0,55398137.3,1424178800.11,2366501397.26
sz000551,创元科技,2008-03-20,9.65,10.42,9.41,10.18,9.79,5614844.0,56207102.5,1480913195.62,2460774690.92
sz000551,创元科技,2008-03-21,10.11,10.44,10.0,10.12,10.18,4360034.0,44340663.7,1472184827.08,2446271107.28
sz000551,创元科技,2008-03-24,10.3,10.68,10.14,10.15,10.12,6558625.0,68532748.7,1476549011.35,2453522899.1
sz000551,创元科技,2008-03-25,9.95,10.58,9.88,10.53,10.15,4699100.0,48556338.9,1531828678.77,2545378928.82
sz000551,创元科技,2008-03-26,10.6,10.77,9.95,10.01,10.53,5322835.0,54866903.5,1456182818.09,2419681203.94
sz000551,创元科技,2008-03-27,9.75,10.38,9.4,9.98,10.01,6745493.0,66784789.8,1451818633.82,2412429412.12
sz000551,创元科技,2008-03-28,9.57,10.98,9.57,10.9,9.98,10290982.0,108117992.2,1585653618.1,2634817694.6
sz000551,创元科技,2008-03-31,10.55,11.14,10.48,10.61,10.9,10302189.0,111121049.6,1543466503.49,2564717040.34
sz000551,创元科技,2008-04-01,10.5,10.75,9.55,9.55,10.61,5990032.0,58704143.9,1389265325.95,2308487062.7
sz000551,创元科技,2008-04-02,9.1,9.51,8.6,8.6,9.55,5818212.0,52043712.1,1251066157.4,2078846988.4
sz000551,创元科技,2008-04-03,8.4,8.83,7.75,8.38,8.6,4670894.0,38250411.1,1219062139.42,2025667181.72
sz000551,创元科技,2008-04-07,8.08,8.85,7.87,8.71,8.38,5291306.0,44840085.0,1267068166.39,2105436891.74
sz000551,创元科技,2008-04-08,8.56,9.56,8.52,9.21,8.71,6383543.0,57045914.9,1451119568.88,2226300088.74
sz000551,创元科技,2008-04-09,9.05,9.3,8.31,8.33,9.21,3755975.0,33420689.7,1312467536.24,2013580862.02
sz000551,创元科技,2008-04-10,8.11,8.77,8.11,8.69,8.33,2343925.0,19873111.3,1369188822.32,2100602363.86
sz000551,创元科技,2008-04-11,8.8,8.88,8.5,8.75,8.69,2093364.0,18260189.8,1378642370.0,2115105947.5
sz000551,创元科技,2008-04-14,8.5,8.59,7.99,8.05,8.75,2685160.0,22062401.3,1268350980.4,1945897471.7
sz000551,创元科技,2008-04-15,8.0,8.34,7.95,8.31,8.05,1801547.0,14685804.3,1309316353.68,2008746334.14
sz000551,创元科技,2008-04-16,8.31,8.45,8.01,8.08,8.31,1628117.0,13430607.4,1273077754.24,1953149263.52
sz000551,创元科技,2008-04-17,8.0,8.26,7.3,7.58,8.08,1990650.0,15581270.4,1194298190.24,1832286066.52
sz000551,创元科技,2008-04-18,7.4,7.64,7.05,7.06,7.58,2006563.0,14735497.2,1112367443.68,1706588341.64
sz000551,创元科技,2008-04-21,7.52,7.75,7.02,7.1,7.06,2330867.0,17174992.0,1118669808.8,1716257397.4
sz000551,创元科技,2008-04-23,7.12,7.6,6.71,7.49,7.1,2290858.0,16584250.7,1180117868.72,1810530691.06
sz000551,创元科技,2008-04-24,8.24,8.24,7.9,8.24,7.49,5707428.0,46449784.8,1298287214.72,1991825486.56
sz000551,创元科技,2008-04-25,8.24,8.49,8.08,8.15,8.24,3679246.0,30610434.9,1284106893.2,1970070111.1
sz000551,创元科技,2008-04-28,7.97,8.29,7.91,8.1,8.15,2952223.0,23909846.8,1276228936.8,1957983791.4
sz000551,创元科技,2008-04-29,8.02,8.3,8.02,8.16,8.1,2241540.0,18357843.6,1285682484.48,1972487375.04
sz000551,创元科技,2008-04-30,8.25,8.69,8.17,8.64,8.16,4604669.0,38894701.8,1361310865.92,2088516044.16
sz000551,创元科技,2008-05-05,8.8,9.05,8.77,8.98,8.64,7421288.0,66243544.8,1414880969.44,2170703018.12
sz000551,创元科技,2008-05-06,8.85,9.11,8.6,8.85,8.98,4576746.0,40697588.9,1394398282.8,2139278586.9
sz000551,创元科技,2008-05-07,8.76,8.95,8.27,8.27,8.85,3275588.0,28251947.6,1303013988.56,1999077278.38
sz000551,创元科技,2008-05-08,8.04,8.47,8.04,8.45,8.27,2758200.0,22879011.5,1331374631.6,2042588029.3
sz000551,创元科技,2008-05-09,8.5,8.6,8.15,8.26,8.45,3072174.0,25743671.1,1301438397.28,1996660014.44
sz000551,创元科技,2008-05-12,8.1,8.47,8.0,8.37,8.26,2824578.0,23234923.6,1318769901.36,2023249917.78
sz000551,创元科技,2008-05-13,8.01,8.45,7.95,8.37,8.37,4316994.0,35262106.5,1318769901.36,2023249917.78
sz000551,创元科技,2008-05-14,8.31,9.1,8.31,9.04,8.37,6736199.0,59145222.4,1424334517.12,2185206601.76
sz000551,创元科技,2008-05-15,9.18,9.22,8.72,8.75,9.04,8726750.0,78264992.8,1378642370.0,2115105947.5
sz000551,创元科技,2008-05-16,8.8,8.88,8.38,8.54,8.75,2983286.0,25750959.3,1345554953.12,2064343404.76
sz000551,创元科技,2008-05-19,8.49,8.67,8.36,8.56,8.54,1385258.0,11836217.0,1348706135.68,2069177932.64
sz000551,创元科技,2008-05-20,8.58,8.78,7.92,8.05,8.56,2701756.0,22857092.2,1268350980.4,1945897471.7
sz000551,创元科技,2008-05-21,7.92,8.28,7.7,8.26,8.05,2736171.0,21688529.0,1301438397.28,1996660014.44
sz000551,创元科技,2008-05-22,8.1,8.34,8.03,8.2,8.26,2032831.0,16613241.7,1291984849.6,1982156430.8
sz000551,创元科技,2008-05-23,8.09,8.32,8.01,8.19,8.2,2012756.0,16463841.6,1290409258.32,1979739166.86
sz000551,创元科技,2008-05-26,8.28,8.28,7.93,7.98,8.19,2385279.0,19416761.2,1257321841.44,1928976624.12
sz000551,创元科技,2008-05-27,7.9,8.18,7.87,8.11,7.98,2422880.0,19465358.0,1277804528.08,1960401055.34
sz000551,创元科技,2008-05-28,8.18,8.92,8.15,8.92,8.11,10690406.0,92283492.6,1405427421.76,2156199434.48
sz000551,创元科技,2008-05-29,8.7,8.89,8.4,8.41,8.92,7958519.0,68734479.6,1325072266.48,2032918973.54
sz000551,创元科技,2008-05-30,8.35,8.69,8.27,8.54,8.41,4123552.0,35090345.2,1345554953.12,2064343404.76
sz000551,创元科技,2008-06-02,8.55,8.65,8.31,8.45,8.54,2375565.0,20159404.4,1331374631.6,2042588029.3
sz000551,创元科技,2008-06-03,8.5,8.5,8.22,8.26,8.45,2305332.0,19159846.9,1301438397.28,1996660014.44
sz000551,创元科技,2008-06-04,8.2,8.25,7.91,8.07,8.26,2363400.0,19021994.9,1271502162.96,1950731999.58
sz000551,创元科技,2008-06-05,7.9,8.15,7.81,7.99,8.07,1404571.0,11215520.5,1258897432.72,1931393888.06
sz000551,创元科技,2008-06-06,7.99,8.1,7.86,7.94,7.99,1105765.0,8842164.1,1251019476.32,1919307568.36
sz000551,创元科技,2008-06-10,7.58,7.68,7.15,7.15,7.94,1804877.0,13218279.8,1126547765.2,1728343717.1
sz000551,创元科技,2008-06-11,7.15,7.15,6.8,6.82,7.15,1590957.0,10991942.3,1074553252.96,1648574007.08
sz000551,创元科技,2008-06-12,6.85,7.16,6.71,6.87,6.82,2019158.0,13967003.9,1082431209.36,1660660326.78
sz000551,创元科技,2008-06-13,6.9,7.01,6.5,6.5,6.87,1664932.0,11219866.7,1024134332.0,1571221561.0
sz000551,创元科技,2008-06-16,6.57,6.68,6.17,6.5,6.5,1403881.0,9098201.5,1024134332.0,1571221561.0
sz000551,创元科技,2008-06-17,6.51,6.61,6.27,6.37,6.5,1917315.0,12283351.6,1003651645.36,1539797129.78
sz000551,创元科技,2008-06-18,6.27,6.78,6.19,6.77,6.27,3231572.0,21088170.5,1066675296.56,1636487687.38
sz000551,创元科技,2008-06-19,6.61,6.78,6.2,6.35,6.77,3509795.0,22851428.9,1000500462.8,1534962601.9
sz000551,创元科技,2008-06-20,6.6,6.68,6.0,6.4,6.35,5142431.0,33198742.5,1008378419.2,1547048921.6
sz000551,创元科技,2008-06-23,6.23,6.28,5.95,5.97,6.4,2597769.0,15907111.4,940627994.16,1443106572.18
sz000551,创元科技,2008-06-24,5.89,6.15,5.78,6.1,5.97,2247417.0,13438865.9,961110680.8,1474531003.4
sz000551,创元科技,2008-06-25,6.06,6.44,6.0,6.4,6.1,2760011.0,17372924.3,1008378419.2,1547048921.6
sz000551,创元科技,2008-06-26,6.39,6.6,6.28,6.42,6.4,3377409.0,21814981.0,1011529601.76,1551883449.48
sz000551,创元科技,2008-06-27,6.2,6.28,5.8,6.06,6.42,2311503.0,13974279.8,954808315.68,1464861947.64
sz000551,创元科技,2008-06-30,6.0,6.25,5.92,6.24,6.06,2072318.0,12679944.4,983168958.72,1508372698.56
sz000551,创元科技,2008-07-01,6.25,6.34,5.98,6.03,6.24,2888040.0,17752850.1,950081541.84,1457610155.82
sz000551,创元科技,2008-07-02,6.06,6.37,5.95,6.2,6.03,2814593.0,17558457.0,976866593.6,1498703642.8
sz000551,创元科技,2008-07-03,5.99,6.52,5.92,6.4,6.2,3952766.0,24898520.4,1008378419.2,1547048921.6
sz000551,创元科技,2008-07-04,6.38,6.43,6.22,6.3,6.4,2135020.0,13492168.8,992622506.4,1522876282.2
sz000551,创元科技,2008-07-07,6.36,6.7,6.3,6.62,6.3,3344352.0,21910752.6,1043041427.36,1600228728.28
sz000551,创元科技,2008-07-08,6.68,6.8,6.47,6.78,6.62,3530498.0,23450194.0,1068250887.84,1638904951.32
sz000551,创元科技,2008-07-09,6.78,7.05,6.73,7.02,6.78,5857188.0,40470277.7,1106065078.56,1696919285.88
sz000551,创元科技,2008-07-10,7.05,7.44,6.99,7.0,7.02,10947271.0,78738469.2,1102913896.0,1692084758.0
sz000551,创元科技,2008-07-11,6.88,7.08,6.65,6.84,7.0,3169321.0,21626754.3,1077704435.52,1653408534.96
sz000551,创元科技,2008-07-14,6.8,7.03,6.7,6.97,6.84,2076137.0,14316000.2,1098187122.16,1684832966.18
sz000551,创元科技,2008-07-15,6.99,7.07,6.63,6.66,6.97,2381207.0,16176685.4,1049343792.48,1609897784.04
sz000551,创元科技,2008-07-16,6.5,6.65,6.08,6.17,6.66,2254589.0,14320226.1,972139819.76,1491451850.98
sz000551,创元科技,2008-07-17,6.3,6.38,6.08,6.19,6.17,1784187.0,11152177.1,975291002.32,1496286378.86
sz000551,创元科技,2008-07-18,6.2,6.38,6.06,6.36,6.19,1681567.0,10459872.7,1002076054.08,1537379865.84
sz000551,创元科技,2008-07-21,6.3,6.7,6.2,6.65,6.36,2358729.0,15415710.4,1047768201.2,1607480520.1
sz000551,创元科技,2008-07-22,6.68,6.77,6.56,6.6,6.65,1991666.0,13266577.8,1039890244.8,1595394200.4
sz000551,创元科技,2008-07-23,6.67,6.88,6.61,6.78,6.6,3445499.0,23349753.1,1068250887.84,1638904951.32
sz000551,创元科技,2008-07-24,6.81,7.02,6.81,6.95,6.78,2753514.0,19042582.3,1095035939.6,1679998438.3
sz000551,创元科技,2008-07-25,6.86,6.89,6.72,6.79,6.95,1764985.0,12035890.6,1069826479.12,1641322215.26
sz000551,创元科技,2008-07-28,6.79,7.12,6.79,6.96,6.79,3307425.0,23100171.2,1096611530.88,1682415702.24
sz000551,创元科技,2008-07-29,6.84,6.91,6.66,6.74,6.96,1574157.0,10665502.9,1061948522.72,1629235895.56
sz000551,创元科技,2008-07-30,6.83,6.9,6.7,6.8,6.74,1188861.0,8074558.4,1071402070.4,1643739479.2
sz000551,创元科技,2008-07-31,6.65,6.8,6.51,6.8,6.8,1873483.0,12489833.0,1071402070.4,1643739479.2
sz000551,创元科技,2008-08-01,6.7,6.94,6.66,6.83,6.8,4353347.0,29787519.8,1076128844.24,1650991271.02
sz000551,创元科技,2008-08-04,6.75,6.75,6.23,6.25,6.83,3427185.0,22071997.7,984744550.0,1510789962.5
sz000551,创元科技,2008-08-05,6.3,6.32,6.09,6.14,6.25,1447575.0,8960449.2,967413045.92,1484200059.16
sz000551,创元科技,2008-08-06,6.23,6.35,6.13,6.25,6.14,1133435.0,7061466.5,984744550.0,1510789962.5
sz000551,创元科技,2008-08-07,6.25,6.33,6.12,6.26,6.25,1091055.0,6774358.6,986320141.28,1513207226.44
sz000551,创元科技,2008-08-08,6.24,6.27,5.63,5.63,6.26,1959191.0,11603543.0,887057890.64,1360919598.22
sz000551,创元科技,2008-08-11,5.63,5.69,5.07,5.08,5.63,2191113.0,11545745.8,800400370.24,1227970081.52
sz000551,创元科技,2008-08-12,4.99,5.17,4.96,5.06,5.08,903814.0,4568519.2,797249187.68,1223135553.64
sz000551,创元科技,2008-08-13,5.05,5.15,4.83,5.06,5.06,935099.0,4644770.1,797249187.68,1223135553.64
sz000551,创元科技,2008-08-14,5.05,5.24,5.0,5.15,5.06,988543.0,5059487.6,811429509.2,1244890929.1
sz000551,创元科技,2008-08-15,5.12,5.23,5.04,5.08,5.15,803337.0,4127261.3,800400370.24,1227970081.52
sz000551,创元科技,2008-08-18,5.08,5.18,4.57,4.57,5.08,1204013.0,5741301.9,720045214.96,1104689620.58
sz000551,创元科技,2008-08-19,4.45,4.68,4.43,4.65,4.57,744445.0,3418227.1,732649945.2,1124027732.1
sz000551,创元科技,2008-08-20,4.66,5.11,4.58,5.11,4.65,2245926.0,11058948.5,805127144.08,1235221873.34
sz000551,创元科技,2008-08-21,5.05,5.28,4.91,5.0,5.11,2269726.0,11552634.0,787795640.0,1208631970.0
sz000551,创元科技,2008-08-22,4.96,5.04,4.78,4.91,5.0,1153689.0,5645060.8,773615318.48,1186876594.54
sz000551,创元科技,2008-08-25,4.89,5.18,4.86,4.99,4.91,1389656.0,7043087.3,786220048.72,1206214706.06
sz000551,创元科技,2008-08-26,4.9,5.1,4.75,4.86,4.99,1773427.0,8730451.6,765737362.08,1174790274.84
sz000551,创元科技,2008-08-27,4.8,4.97,4.8,4.94,4.86,1380498.0,6762512.9,778342092.32,1194128386.36
sz000551,创元科技,2008-08-28,4.9,5.08,4.9,4.95,4.94,1033154.0,5140152.4,779917683.6,1196545650.3
sz000551,创元科技,2008-08-29,4.96,5.16,4.96,5.1,4.95,1577265.0,8047706.8,803551552.8,1232804609.4
sz000551,创元科技,2008-09-01,5.1,5.13,4.88,4.92,5.1,1040505.0,5217006.5,775190909.76,1189293858.48
sz000551,创元科技,2008-09-02,4.89,5.0,4.8,4.96,4.92,889589.0,4355369.5,781493274.88,1198962914.24
sz000551,创元科技,2008-09-03,4.9,5.01,4.81,4.97,4.96,935166.0,4588584.4,783068866.16,1201380178.18
sz000551,创元科技,2008-09-04,4.97,5.15,4.91,5.11,4.97,1832500.0,9265130.9,805127144.08,1235221873.34
sz000551,创元科技,2008-09-05,4.9,5.01,4.81,4.82,5.11,1295575.0,6350731.4,759434996.96,1165121219.08
sz000551,创元科技,2008-09-08,4.8,4.86,4.49,4.56,4.82,995898.0,4625740.4,718469623.68,1102272356.64
sz000551,创元科技,2008-09-09,4.56,4.67,4.56,4.67,4.56,569090.0,2626863.8,735801127.76,1128862259.98
sz000551,创元科技,2008-09-10,4.62,4.83,4.58,4.71,4.67,752184.0,3566646.0,742103492.88,1138531315.74
sz000551,创元科技,2008-09-11,4.7,4.74,4.54,4.57,4.71,780371.0,3587108.6,720045214.96,1104689620.58
sz000551,创元科技,2008-09-12,4.62,4.65,4.51,4.54,4.57,643281.0,2943308.4,715318441.12,1097437828.76
sz000551,创元科技,2008-09-16,4.5,4.54,4.38,4.38,4.54,1043231.0,4674130.6,690108980.64,1058761605.72
sz000551,创元科技,2008-09-17,4.4,4.51,4.34,4.39,4.38,821711.0,3625111.4,691684571.92,1061178869.66
sz000551,创元科技,2008-09-18,4.25,4.35,3.99,4.24,4.39,1592361.0,6644467.1,668050702.72,1024919910.56
sz000551,创元科技,2008-09-19,4.6,4.66,4.52,4.66,4.24,1851579.0,8537061.0,734225536.48,1126444996.04
sz000551,创元科技,2008-09-22,4.99,5.12,4.68,4.98,4.66,3630966.0,17838747.8,784644457.44,1203797442.12
sz000551,创元科技,2008-09-23,4.77,4.98,4.63,4.74,4.98,2466414.0,11843816.4,746830266.72,1145783107.56
sz000551,创元科技,2008-09-24,4.61,4.9,4.58,4.89,4.74,1889853.0,9074918.2,770464135.92,1182042066.66
sz000551,创元科技,2008-09-25,4.95,5.06,4.85,4.93,4.89,2891262.0,14365182.4,776766501.04,1191711122.42
sz000551,创元科技,2008-09-26,4.92,5.0,4.84,4.93,4.93,1741559.0,8566072.2,776766501.04,1191711122.42
sz000551,创元科技,2008-10-06,4.8,4.98,4.75,4.83,4.93,1395869.0,6832655.7,761010588.24,1167538483.02
sz000551,创元科技,2008-10-07,4.7,4.83,4.6,4.76,4.83,1211085.0,5700119.0,749981449.28,1150617635.44
sz000551,创元科技,2008-10-08,4.62,4.76,4.5,4.55,4.76,1378548.0,6341438.5,716894032.4,1099855092.7
sz000551,创元科技,2008-10-09,4.66,4.68,4.46,4.46,4.55,1155100.0,5239361.4,702713710.88,1078099717.24
sz000551,创元科技,2008-10-10,4.25,4.3,4.1,4.12,4.46,1134400.0,4737342.9,649143607.36,995912743.28
sz000551,创元科技,2008-10-13,4.1,4.22,3.93,4.22,4.12,1327135.0,5383597.8,664899520.16,1020085382.68
sz000551,创元科技,2008-10-14,4.28,4.36,4.01,4.01,4.22,1746505.0,7319433.4,631812103.28,969322839.94
sz000551,创元科技,2008-10-15,3.96,4.03,3.87,3.93,4.01,923875.0,3635863.4,619207373.04,949984728.42
sz000551,创元科技,2008-10-16,3.81,3.81,3.55,3.55,3.93,1414352.0,5208557.2,559334904.4,858128698.7
sz000551,创元科技,2008-10-17,3.62,3.65,3.55,3.6,3.55,777142.0,2803412.1,567212860.8,870215018.4
sz000551,创元科技,2008-10-20,3.61,3.76,3.55,3.76,3.6,1017469.0,3740949.2,592422321.28,908891241.44
sz000551,创元科技,2008-10-21,3.79,3.94,3.72,3.82,3.76,1733369.0,6637755.0,601875868.96,923394825.08
sz000551,创元科技,2008-10-22,3.75,3.87,3.73,3.77,3.82,1111200.0,4210897.8,593997912.56,911308505.38
sz000551,创元科技,2008-10-23,3.68,3.86,3.66,3.84,3.77,822068.0,3108917.0,605027051.52,928229352.96
sz000551,创元科技,2008-10-24,3.85,4.08,3.84,3.99,3.84,3685398.0,14568882.7,628660920.72,964488312.06
sz000551,创元科技,2008-10-27,3.98,4.14,3.9,3.93,3.99,8193331.0,33261475.7,619207373.04,949984728.42
sz000551,创元科技,2008-10-28,3.76,4.09,3.66,4.08,3.93,4873586.0,19048162.0,642841242.24,986243687.52
sz000551,创元科技,2008-10-29,4.13,4.14,3.82,3.87,4.08,3681718.0,14603578.3,609753825.36,935481144.78
sz000551,创元科技,2008-10-30,3.89,3.97,3.8,3.85,3.87,2223926.0,8644453.8,606602642.8,930646616.9
sz000551,创元科技,2008-10-31,3.88,3.95,3.68,3.7,3.85,2053572.0,7876882.5,582968773.6,894387657.8
sz000551,创元科技,2008-11-03,3.7,3.76,3.63,3.74,3.7,1676465.0,6207618.7,589271138.72,904056713.56
sz000551,创元科技,2008-11-04,3.74,3.74,3.55,3.62,3.74,1471304.0,5344682.6,570364043.36,875049546.28
sz000551,创元科技,2008-11-06,3.67,3.86,3.63,3.78,3.62,4067557.0,15289307.1,595573503.84,913725769.32
sz000551,创元科技,2008-11-07,3.67,3.99,3.63,3.95,3.78,4000274.0,15516936.4,622358555.6,954819256.3
sz000551,创元科技,2008-11-10,4.07,4.35,4.03,4.31,3.95,6826903.0,28858323.4,679079841.68,1041840758.14
sz000551,创元科技,2008-11-11,4.2,4.53,4.16,4.45,4.31,7699775.0,33377351.7,701138119.6,1075682453.3
sz000551,创元科技,2008-11-12,4.44,4.47,4.28,4.46,4.45,5448605.0,23905404.4,702713710.88,1078099717.24
sz000551,创元科技,2008-11-13,4.4,4.91,4.35,4.91,4.46,9733037.0,45864216.2,773615318.48,1186876594.54
sz000551,创元科技,2008-11-14,4.98,5.03,4.76,5.0,4.91,10404651.0,51153991.1,787795640.0,1208631970.0
sz000551,创元科技,2008-11-17,4.9,5.29,4.89,5.2,5.0,7623951.0,38924020.5,819307465.6,1256977248.8
sz000551,创元科技,2008-11-18,5.1,5.2,4.68,4.68,5.2,8348806.0,40784149.4,737376719.04,1131279523.92
sz000551,创元科技,2008-11-19,4.62,5.1,4.6,5.05,4.68,5902347.0,28621900.7,795673596.4,1220718289.7
sz000551,创元科技,2008-11-20,4.87,5.07,4.77,4.82,5.05,5448746.0,26639016.3,759434996.96,1165121219.08
sz000551,创元科技,2008-11-21,4.63,5.02,4.52,4.77,4.82,5180542.0,24569291.5,751557040.56,1153034899.38
sz000551,创元科技,2008-11-24,4.78,4.83,4.53,4.54,4.77,3104176.0,14473736.4,715318441.12,1097437828.76
sz000551,创元科技,2008-11-25,4.65,4.73,4.42,4.57,4.54,2823001.0,12888013.7,720045214.96,1104689620.58
sz000551,创元科技,2008-11-26,4.59,4.78,4.56,4.64,4.57,2681751.0,12498218.0,731074353.92,1121610468.16
sz000551,创元科技,2008-11-27,5.01,5.05,4.67,4.67,4.64,4542883.0,22101351.2,735801127.76,1128862259.98
sz000551,创元科技,2008-11-28,4.69,5.1,4.68,5.0,4.67,8990185.0,44586188.8,787795640.0,1208631970.0
sz000551,创元科技,2008-12-01,5.02,5.46,4.9,5.46,5.0,10696537.0,56185568.9,860272838.88,1319826111.24
sz000551,创元科技,2008-12-02,5.3,5.63,5.21,5.3,5.46,10134489.0,54494881.7,835063378.4,1281149888.2
sz000551,创元科技,2008-12-03,5.39,5.58,5.2,5.49,5.3,8653066.0,46653052.5,864999612.72,1327077903.06
sz000551,创元科技,2008-12-04,5.56,5.87,5.31,5.32,5.49,10436459.0,58241333.1,838214560.96,1285984416.08
sz000551,创元科技,2008-12-05,5.24,5.49,5.16,5.45,5.32,5457814.0,29174862.5,858697247.6,1317408847.3
sz000551,创元科技,2008-12-08,5.49,5.69,5.4,5.67,5.45,7516448.0,41655857.8,893360255.76,1370588653.98
sz000551,创元科技,2008-12-09,5.69,5.69,5.31,5.35,5.67,5764472.0,31508205.0,842941334.8,1293236207.9
sz000551,创元科技,2008-12-10,5.33,5.65,5.31,5.61,5.35,6263675.0,34541149.3,883906708.08,1356085070.34
sz000551,创元科技,2008-12-11,5.6,5.69,5.31,5.32,5.61,5637755.0,31036571.8,838214560.96,1285984416.08
sz000551,创元科技,2008-12-12,5.25,5.3,4.83,4.94,5.32,5814420.0,29413780.7,778342092.32,1194128386.36
sz000551,创元科技,2008-12-15,5.07,5.2,4.95,5.16,4.94,4004517.0,20256783.6,813005100.48,1247308193.04
sz000551,创元科技,2008-12-16,5.12,5.18,4.86,5.16,5.16,2727699.0,13725968.6,813005100.48,1247308193.04
sz000551,创元科技,2008-12-17,5.19,5.36,5.15,5.2,5.16,5047852.0,26656672.1,819307465.6,1256977248.8
sz000551,创元科技,2008-12-18,5.2,5.32,5.15,5.31,5.2,3145659.0,16544691.7,836638969.68,1283567152.14
sz000551,创元科技,2008-12-19,5.26,5.44,5.26,5.36,5.31,4599908.0,24675958.8,844516926.08,1295653471.84
sz000551,创元科技,2008-12-22,5.35,5.43,5.18,5.31,5.36,3103424.0,16492878.9,836638969.68,1283567152.14
sz000551,创元科技,2008-12-23,5.32,5.34,4.85,4.85,5.31,4297014.0,21736464.9,764161770.8,1172373010.9
sz000551,创元科技,2008-12-24,4.78,4.88,4.66,4.72,4.85,2653114.0,12672021.1,743679084.16,1140948579.68
sz000551,创元科技,2008-12-25,4.77,4.86,4.48,4.86,4.72,3518149.0,16498877.0,765737362.08,1174790274.84
sz000551,创元科技,2008-12-29,4.7,4.82,4.55,4.74,4.86,2462203.0,11501805.6,746830266.72,1145783107.56
sz000551,创元科技,2008-12-30,4.74,4.8,4.56,4.6,4.74,2023714.0,9497094.3,724771988.8,1111941412.4
sz000551,创元科技,2008-12-31,4.59,4.65,4.43,4.45,4.6,1620577.0,7397503.7,701138119.6,1075682453.3
sz000551,创元科技,2009-01-05,4.54,4.67,4.51,4.67,4.45,1627400.0,7500491.8,735801127.76,1128862259.98
sz000551,创元科技,2009-01-06,4.61,5.0,4.61,4.93,4.67,3890623.0,18861777.5,776766501.04,1191711122.42
sz000551,创元科技,2009-01-07,5.01,5.25,5.01,5.15,4.93,7946914.0,41003783.1,811429509.2,1244890929.1
sz000551,创元科技,2009-01-08,5.03,5.14,4.92,4.93,5.15,3590825.0,17936879.5,776766501.04,1191711122.42
sz000551,创元科技,2009-01-09,4.92,5.1,4.92,5.07,4.93,2473151.0,12462775.4,798824778.96,1225552817.58
sz000551,创元科技,2009-01-12,5.06,5.25,5.02,5.1,5.07,3338460.0,17247507.5,803551552.8,1232804609.4
sz000551,创元科技,2009-01-13,5.08,5.11,4.98,4.99,5.1,2482403.0,12483515.8,786220048.72,1206214706.06
sz000551,创元科技,2009-01-14,4.99,5.24,4.99,5.22,4.99,3825756.0,19758459.1,822458648.16,1261811776.68
sz000551,创元科技,2009-01-15,5.18,5.34,5.14,5.25,5.22,5258816.0,27690833.7,827185422.0,1269063568.5
sz000551,创元科技,2009-01-16,5.3,5.49,5.28,5.47,5.25,8875235.0,47720589.7,861848430.16,1322243375.18
sz000551,创元科技,2009-01-19,5.55,5.74,5.44,5.62,5.47,12273210.0,68436123.1,885482299.36,1358502334.28
sz000551,创元科技,2009-01-20,5.65,5.9,5.45,5.59,5.62,8065671.0,45432473.6,880755525.52,1351250542.46
sz000551,创元科技,2009-01-21,5.54,5.79,5.42,5.75,5.59,10723454.0,60692544.5,905964986.0,1389926765.5
sz000551,创元科技,2009-01-22,5.75,6.03,5.68,5.89,5.75,12430508.0,73260228.9,928023263.92,1423768460.66
sz000551,创元科技,2009-01-23,5.89,6.05,5.8,5.9,5.89,8371271.0,49556874.4,929598855.2,1426185724.6
sz000551,创元科技,2009-02-02,6.06,6.49,5.98,6.0,5.9,11168566.0,69107465.2,945354768.0,1450358364.0
sz000551,创元科技,2009-02-03,6.07,6.22,6.0,6.16,6.0,11436910.0,69925429.8,970564228.48,1489034587.04
sz000551,创元科技,2009-02-04,6.16,6.18,6.04,6.12,6.16,7987157.0,48614206.2,964261863.36,1479365531.28
sz000551,创元科技,2009-02-05,6.09,6.13,5.86,5.95,6.12,8346481.0,49977205.3,937476811.6,1438272044.3
sz000551,创元科技,2009-02-06,5.9,6.25,5.9,6.2,5.95,9151712.0,56038881.2,976866593.6,1498703642.8
sz000551,创元科技,2009-02-09,6.26,6.31,6.13,6.28,6.2,9510418.0,59274485.4,989471323.84,1518041754.32
sz000551,创元科技,2009-02-10,6.27,6.34,6.1,6.32,6.28,7431859.0,46172347.0,995773688.96,1527710810.08
sz000551,创元科技,2009-02-11,6.24,6.52,6.16,6.25,6.32,9071333.0,57432942.2,984744550.0,1510789962.5
sz000551,创元科技,2009-02-12,6.28,6.43,6.1,6.36,6.25,6584556.0,41377255.9,1002076054.08,1537379865.84
sz000551,创元科技,2009-02-13,6.36,6.61,6.28,6.58,6.36,10181971.0,66631496.4,1036739062.24,1590559672.52
sz000551,创元科技,2009-02-16,6.67,6.9,6.56,6.62,6.58,8683664.0,58192811.1,1043041427.36,1600228728.28
sz000551,创元科技,2009-02-17,6.55,6.6,6.21,6.25,6.62,9858177.0,62906186.4,984744550.0,1510789962.5
sz000551,创元科技,2009-02-18,6.15,6.38,6.12,6.16,6.25,5986451.0,37454601.3,987263963.84,1489034587.04
sz000551,创元科技,2009-02-19,6.22,6.3,6.13,6.25,6.16,4247635.0,26403676.3,1001688275.0,1510789962.5
sz000551,创元科技,2009-02-20,6.27,6.57,6.16,6.57,6.25,6782204.0,43216284.8,1052974714.68,1588142408.58
sz000551,创元科技,2009-02-23,6.54,6.83,6.5,6.83,6.57,8317996.0,55571187.6,1094644946.92,1650991271.02
sz000551,创元科技,2009-02-24,6.86,7.0,6.53,6.61,6.83,17486832.0,119757285.6,1059385519.64,1597811464.34
sz000551,创元科技,2009-02-25,6.63,6.74,6.28,6.53,6.61,7116464.0,46094806.3,1046563909.72,1578473352.82
sz000551,创元科技,2009-02-26,6.52,6.55,5.88,5.91,6.53,6096152.0,38033635.5,947196432.84,1428602988.54
sz000551,创元科技,2009-02-27,5.84,5.87,5.41,5.47,5.91,5310923.0,29685480.0,876677578.28,1322243375.18
sz000551,创元科技,2009-03-02,5.44,5.66,5.42,5.64,5.47,3519942.0,19669793.7,903923499.36,1363336862.16
sz000551,创元科技,2009-03-03,5.55,5.79,5.46,5.75,5.64,4117242.0,23166424.0,921553213.0,1389926765.5
sz000551,创元科技,2009-03-04,5.72,6.16,5.68,6.16,5.75,7499987.0,44733677.4,987263963.84,1489034587.04
sz000551,创元科技,2009-03-05,6.27,6.27,5.96,6.08,6.16,8334165.0,51191629.1,974442353.92,1469696475.52
sz000551,创元科技,2009-03-06,5.93,6.05,5.85,5.95,6.08,3475571.0,20665606.9,953607237.8,1438272044.3
sz000551,创元科技,2009-03-09,5.98,6.05,5.52,5.59,5.95,3909192.0,22643333.6,895909993.16,1351250542.46
sz000551,创元科技,2009-03-11,5.87,5.94,5.6,5.6,5.59,4532059.0,26198202.8,897512694.4,1353667806.4
sz000551,创元科技,2009-03-12,5.6,5.86,5.54,5.81,5.6,4223643.0,24042939.0,931169420.44,1404430349.14
sz000551,创元科技,2009-03-13,5.83,5.89,5.68,5.71,5.81,2953769.0,17035469.4,915142408.04,1380257709.74
sz000551,创元科技,2009-03-16,5.67,5.86,5.62,5.84,5.71,3102746.0,17961800.5,935977524.16,1411682140.96
sz000551,创元科技,2009-03-17,5.86,6.35,5.8,6.31,5.84,7280218.0,44384638.0,1011304482.44,1525293546.14
sz000551,创元科技,2009-03-18,6.3,6.45,6.22,6.29,6.31,10821007.0,68686663.1,1008099079.96,1520459018.26
sz000551,创元科技,2009-03-19,6.29,6.39,6.22,6.33,6.29,5109705.0,32176768.0,1014509884.92,1530128074.02
sz000551,创元科技,2009-03-20,6.33,6.58,6.16,6.48,6.33,8762869.0,55678949.3,1038550403.52,1566387033.12
sz000551,创元科技,2009-03-23,6.47,6.65,6.4,6.5,6.48,8641100.0,56168024.8,1041755806.0,1571221561.0
sz000551,创元科技,2009-03-24,6.55,6.6,6.36,6.42,6.5,5964805.0,38375882.1,1028934196.08,1551883449.48
sz000551,创元科技,2009-03-25,6.35,6.4,6.18,6.18,6.42,4997500.0,31471796.4,990469366.32,1493869114.92
sz000551,创元科技,2009-03-26,6.2,6.33,6.09,6.32,6.18,3769403.0,23501997.8,1012907183.68,1527710810.08
sz000551,创元科技,2009-03-27,6.33,6.45,6.32,6.37,6.32,4547828.0,29067384.6,1020920689.88,1539797129.78
sz000551,创元科技,2009-03-30,6.38,6.52,6.32,6.4,6.37,4519334.0,29080381.9,1025728793.6,1547048921.6
sz000551,创元科技,2009-03-31,6.24,6.3,6.0,6.28,6.4,6612694.0,40879420.3,1006496378.72,1518041754.32
sz000551,创元科技,2009-04-01,6.3,6.54,6.28,6.5,6.28,8993302.0,57685329.0,1041755806.0,1571221561.0
sz000551,创元科技,2009-04-02,6.5,6.58,6.35,6.51,6.5,9122552.0,58964001.2,1043358507.24,1573638824.94
sz000551,创元科技,2009-04-03,6.55,6.73,6.47,6.57,6.51,12407797.0,81944363.3,1052974714.68,1588142408.58
sz000551,创元科技,2009-04-07,6.66,6.71,6.5,6.65,6.57,8025039.0,53089260.6,1065796324.6,1607480520.1
sz000551,创元科技,2009-04-08,6.63,6.86,6.52,6.52,6.65,10799153.0,72566778.8,1044961208.48,1576056088.88
sz000551,创元科技,2009-04-09,6.42,6.58,6.34,6.57,6.52,6996161.0,45091702.7,1052974714.68,1588142408.58
sz000551,创元科技,2009-04-10,6.6,6.9,6.54,6.83,6.57,12767764.0,86749187.1,1094644946.92,1650991271.02
sz000551,创元科技,2009-04-13,6.96,6.97,6.68,6.87,6.83,15155072.0,103150475.9,1101055751.88,1660660326.78
sz000551,创元科技,2009-04-14,6.84,6.84,6.66,6.77,6.87,10102096.0,68248660.0,1085028739.48,1636487687.38
sz000551,创元科技,2009-04-15,6.77,6.94,6.68,6.92,6.77,11921544.0,81551377.2,1109069258.08,1672746646.48
sz000551,创元科技,2009-04-16,6.93,6.97,6.69,6.79,6.92,8838352.0,60490088.0,1088234141.96,1641322215.26
sz000551,创元科技,2009-04-17,6.79,6.88,6.63,6.67,6.79,7211104.0,48718212.2,1069001727.08,1612315047.98
sz000551,创元科技,2009-04-20,6.67,6.87,6.62,6.86,6.67,7329843.0,49902984.4,1099453050.64,1658243062.84
sz000551,创元科技,2009-04-22,6.91,7.09,6.4,6.52,6.86,11733470.0,79874522.5,1044961208.48,1576056088.88
sz000551,创元科技,2009-04-23,6.54,6.57,6.35,6.53,6.52,4884878.0,31614544.9,1046563909.72,1578473352.82
sz000551,创元科技,2009-04-24,6.55,6.63,6.51,6.54,6.53,3954675.0,25991691.5,1048166610.96,1580890616.76
sz000551,创元科技,2009-04-27,6.51,6.51,6.0,6.05,6.54,5022692.0,31290078.2,969634250.2,1462444683.7
sz000551,创元科技,2009-04-28,6.02,6.1,5.87,6.09,6.05,3745113.0,22551750.8,976045055.16,1472113739.46
sz000551,创元科技,2009-04-29,6.1,6.7,6.02,6.7,6.09,10496785.0,68161459.1,1073809830.8,1619566839.8
sz000551,创元科技,2009-04-30,6.86,6.86,6.48,6.68,6.7,13666055.0,91111906.6,1070604428.32,1614732311.92
sz000551,创元科技,2009-05-04,6.67,6.92,6.58,6.81,6.68,10833200.0,73447092.5,1091439544.44,1646156743.14
sz000551,创元科技,2009-05-05,6.83,6.9,6.73,6.79,6.81,7869103.0,53606525.1,1088234141.96,1641322215.26
sz000551,创元科技,2009-05-06,6.84,6.98,6.76,6.9,6.79,9963794.0,68680799.5,1105863855.6,1667912118.6
sz000551,创元科技,2009-05-07,6.92,6.95,6.62,6.8,6.9,8908055.0,60210712.4,1089836843.2,1643739479.2
sz000551,创元科技,2009-05-08,6.76,6.88,6.6,6.87,6.8,7361115.0,49766090.9,1101055751.88,1660660326.78
sz000551,创元科技,2009-05-11,6.89,6.97,6.68,6.7,6.87,9676871.0,66209478.1,1073809830.8,1619566839.8
sz000551,创元科技,2009-05-12,6.61,6.75,6.55,6.75,6.7,4578971.0,30481123.7,1081823337.0,1631653159.5
sz000551,创元科技,2009-05-13,6.76,6.96,6.7,6.96,6.75,8418522.0,57708680.9,1115480063.04,1682415702.24
sz000551,创元科技,2009-05-14,6.92,7.12,6.82,7.05,6.96,13311237.0,93336466.0,1129904374.2,1704171077.7
sz000551,创元科技,2009-05-15,7.06,7.09,6.85,6.94,7.05,7368477.0,51249978.3,1112274660.56,1677581174.36
sz000551,创元科技,2009-05-18,6.88,6.9,6.7,6.85,6.94,6199521.0,42002114.5,1097850349.4,1655825798.9
sz000551,创元科技,2009-05-19,6.86,6.99,6.81,6.97,6.85,7255935.0,50157586.1,1117082764.28,1684832966.18
sz000551,创元科技,2009-05-20,6.95,6.95,6.72,6.74,6.97,6154640.0,41964001.1,1080220635.76,1629235895.56
sz000551,创元科技,2009-05-21,6.7,6.83,6.61,6.7,6.74,6818837.0,45821763.7,1073809830.8,1619566839.8
sz000551,创元科技,2009-05-22,6.71,6.82,6.62,6.69,6.7,4059314.0,27293862.9,1072207129.56,1617149575.86
sz000551,创元科技,2009-05-25,6.54,6.69,6.44,6.67,6.69,4450518.0,29128553.1,1069001727.08,1612315047.98
sz000551,创元科技,2009-05-26,6.65,6.95,6.63,6.79,6.67,9219350.0,63133907.4,1088234141.96,1641322215.26
sz000551,创元科技,2009-05-27,6.75,6.87,6.71,6.78,6.79,4298784.0,29150728.7,1086631440.72,1638904951.32
sz000551,创元科技,2009-06-01,6.83,6.97,6.76,6.88,6.78,7855912.0,54030946.4,1102658453.12,1663077590.72
sz000551,创元科技,2009-06-02,6.86,7.08,6.82,6.97,6.88,9682879.0,67571860.0,1117082764.28,1684832966.18
sz000551,创元科技,2009-06-03,6.98,7.16,6.92,6.99,6.97,9480015.0,66671598.5,1120288166.76,1689667494.06
sz000551,创元科技,2009-06-04,6.98,7.28,6.96,7.2,6.99,14918822.0,106646325.6,1153944892.8,1740430036.8
sz000551,创元科技,2009-06-05,7.18,7.18,6.94,6.94,7.2,9470982.0,66632004.0,1112274660.56,1677581174.36
sz000551,创元科技,2009-06-08,6.9,7.09,6.89,7.01,6.94,5758912.0,40308862.8,1123493569.24,1694502021.94
sz000551,创元科技,2009-06-09,7.01,7.07,6.77,6.91,7.01,5850337.0,40203122.2,1107466556.84,1670329382.54
sz000551,创元科技,2009-06-10,6.91,7.05,6.88,7.05,6.91,5471896.0,38175393.6,1129904374.2,1704171077.7
sz000551,创元科技,2009-06-11,7.05,7.13,6.8,6.88,7.05,6933968.0,48496746.4,1102658453.12,1663077590.72
sz000551,创元科技,2009-06-12,6.85,6.92,6.55,6.68,6.88,6642044.0,44766448.3,1070604428.32,1614732311.92
sz000551,创元科技,2009-06-15,6.72,6.82,6.61,6.79,6.68,3155995.0,21188314.7,1088234141.96,1641322215.26
sz000551,创元科技,2009-06-16,6.71,6.83,6.65,6.72,6.79,2903963.0,19535595.1,1077015233.28,1624401367.68
sz000551,创元科技,2009-06-17,6.71,6.88,6.69,6.84,6.72,3329723.0,22647833.8,1096247648.16,1653408534.96
sz000551,创元科技,2009-06-18,6.76,6.86,6.71,6.8,6.74,4627515.0,31340110.4,1089836843.2,1643739479.2
sz000551,创元科技,2009-06-19,6.84,6.93,6.76,6.88,6.8,5847229.0,40119176.4,1102658453.12,1663077590.72
sz000551,创元科技,2009-06-22,6.92,6.99,6.74,6.74,6.88,5685378.0,39003676.1,1080220635.76,1629235895.56
sz000551,创元科技,2009-06-23,6.65,6.78,6.61,6.68,6.74,3797978.0,25440154.8,1070604428.32,1614732311.92
sz000551,创元科技,2009-06-24,6.7,6.79,6.66,6.74,6.68,2471524.0,16625283.9,1080220635.76,1629235895.56
sz000551,创元科技,2009-06-25,6.78,6.78,6.64,6.75,6.74,4462778.0,29946971.6,1081823337.0,1631653159.5
sz000551,创元科技,2009-06-26,6.76,6.88,6.72,6.79,6.75,5326453.0,36248924.6,1088234141.96,1641322215.26
sz000551,创元科技,2009-06-29,6.8,6.9,6.76,6.87,6.79,6377592.0,43553022.5,1101055751.88,1660660326.78
sz000551,创元科技,2009-06-30,6.84,6.88,6.64,6.67,6.87,5282327.0,35462165.1,1069001727.08,1612315047.98
sz000551,创元科技,2009-07-01,6.63,6.76,6.63,6.69,6.67,3722288.0,24901134.3,1072207129.56,1617149575.86
sz000551,创元科技,2009-07-02,6.69,6.88,6.65,6.8,6.69,7814677.0,52658426.4,1089836843.2,1643739479.2
sz000551,创元科技,2009-07-03,6.75,6.87,6.7,6.79,6.8,5826785.0,39574427.8,1088234141.96,1641322215.26
sz000551,创元科技,2009-07-06,6.81,6.88,6.72,6.83,6.79,6160630.0,41929495.7,1094644946.92,1650991271.02
sz000551,创元科技,2009-07-07,6.83,7.03,6.82,6.93,6.83,11936933.0,82738225.9,1110671959.32,1675163910.42
sz000551,创元科技,2009-07-08,6.9,7.11,6.86,7.06,6.93,9591565.0,67276476.0,1131507075.44,1706588341.64
sz000551,创元科技,2009-07-09,7.06,7.09,6.95,7.08,7.06,8064667.0,56702653.1,1134712477.92,1711422869.52
sz000551,创元科技,2009-07-10,7.07,7.19,6.97,7.0,7.08,8246237.0,58305303.8,1121890868.0,1692084758.0
sz000551,创元科技,2009-07-13,7.0,7.34,6.98,7.27,7.0,15330134.0,110577220.6,1165163801.48,1757350884.38
sz000551,创元科技,2009-07-14,7.33,7.55,7.33,7.4,7.27,23280527.0,172696170.6,1185998917.6,1788775315.6
sz000551,创元科技,2009-07-15,7.34,7.45,7.27,7.34,7.4,9608959.0,70454037.9,1176382710.16,1774271731.96
sz000551,创元科技,2009-07-16,7.35,7.45,7.28,7.43,7.34,9433128.0,69681228.7,1190807021.32,1796027107.42
sz000551,创元科技,2009-07-17,7.42,7.49,7.22,7.28,7.43,6809975.0,50022055.0,1166766502.72,1759768148.32
sz000551,创元科技,2009-07-20,7.3,7.54,7.3,7.53,7.28,10501312.0,78126282.8,1206834033.72,1820199746.82
sz000551,创元科技,2009-07-21,7.52,7.75,7.33,7.5,7.53,14015642.0,105509625.0,1202025930.0,1812947955.0
sz000551,创元科技,2009-07-22,7.5,7.69,7.3,7.53,7.5,11888964.0,88858654.4,1206834033.72,1820199746.82
sz000551,创元科技,2009-07-23,7.56,7.56,7.39,7.42,7.53,5785994.0,43015553.7,1189204320.08,1793609843.48
sz000551,创元科技,2009-07-24,7.41,7.46,7.11,7.22,7.42,7490013.0,54667649.4,1157150295.28,1745264564.68
sz000551,创元科技,2009-07-27,7.22,7.34,7.22,7.31,7.22,5415602.0,39405728.9,1171574606.44,1767019940.14
sz000551,创元科技,2009-07-28,7.32,7.39,7.19,7.37,7.31,5957323.0,43443452.1,1181190813.88,1781523523.78
sz000551,创元科技,2009-07-29,7.4,7.45,6.66,6.78,7.37,8614255.0,61243000.7,1086631440.72,1638904951.32
sz000551,创元科技,2009-07-30,6.84,6.96,6.7,6.89,6.78,4865480.0,33309660.8,1104261154.36,1665494854.66
sz000551,创元科技,2009-07-31,6.92,7.09,6.91,7.09,6.89,5186670.0,36386388.7,1136315179.16,1713840133.46
sz000551,创元科技,2009-08-03,7.1,7.19,7.06,7.16,7.09,4721455.0,33688429.9,1147534087.84,1730760981.04
sz000551,创元科技,2009-08-04,7.16,7.24,7.06,7.24,7.16,5750257.0,41044544.5,1160355697.76,1750099092.56
sz000551,创元科技,2009-08-05,7.25,7.43,7.19,7.31,7.24,6056611.0,44285705.6,1171574606.44,1767019940.14
sz000551,创元科技,2009-08-06,7.22,7.36,7.13,7.21,7.31,5113080.0,37023950.8,1155547594.04,1742847300.74
sz000551,创元科技,2009-08-07,7.23,7.48,7.22,7.35,7.21,10895827.0,80209816.7,1177985411.4,1776688995.9
sz000551,创元科技,2009-08-10,7.45,7.74,7.37,7.52,7.35,14792933.0,111775376.2,1205231332.48,1817782482.88
sz000551,创元科技,2009-08-11,7.53,7.61,7.34,7.4,7.52,5527558.0,41061648.5,1185998917.6,1788775315.6
sz000551,创元科技,2009-08-12,7.46,7.46,6.88,6.9,7.4,5722712.0,40801779.3,1105863855.6,1667912118.6
sz000551,创元科技,2009-08-13,6.92,7.03,6.82,6.99,6.9,3289159.0,22876004.8,1120288166.76,1689667494.06
sz000551,创元科技,2009-08-14,6.97,6.98,6.45,6.49,6.99,5695096.0,38091056.2,1040153104.76,1568804297.06
sz000551,创元科技,2009-08-17,6.43,6.6,6.1,6.24,6.49,3578315.0,22936924.1,1000085573.76,1508372698.56
sz000551,创元科技,2009-08-18,6.2,6.41,6.15,6.35,6.24,2618868.0,16504739.5,1017715287.4,1534962601.9
sz000551,创元科技,2009-08-19,6.35,6.38,5.82,5.91,6.35,2889347.0,17646227.5,947196432.84,1428602988.54
sz000551,创元科技,2009-08-20,5.92,6.13,5.9,6.1,5.91,3172502.0,19095470.5,977647756.4,1474531003.4
sz000551,创元科技,2009-08-21,6.1,6.38,6.01,6.36,6.1,4714073.0,29456975.4,1019317988.64,1537379865.84
sz000551,创元科技,2009-08-24,6.35,6.44,6.24,6.32,6.36,4224602.0,26696480.3,1012907183.68,1527710810.08
sz000551,创元科技,2009-08-25,6.31,6.31,6.01,6.19,6.32,3883006.0,23819363.3,992072067.56,1496286378.86
sz000551,创元科技,2009-08-26,6.19,6.45,6.1,6.39,6.19,4694315.0,29765699.9,1024126092.36,1544631657.66
sz000551,创元科技,2009-08-27,6.34,6.55,6.27,6.52,6.39,5086012.0,32795782.8,1044961208.48,1576056088.88
sz000551,创元科技,2009-08-28,6.47,6.49,6.26,6.3,6.52,3562676.0,22562120.9,1009701781.2,1522876282.2
sz000551,创元科技,2009-08-31,6.22,6.23,5.92,5.92,6.3,3303471.0,19974257.9,948799134.08,1431020252.48
sz000551,创元科技,2009-09-01,6.02,6.1,5.91,5.99,5.92,1899171.0,11417322.2,960018042.76,1447941100.06
sz000551,创元科技,2009-09-02,5.97,6.02,5.86,5.97,5.99,2190506.0,13027006.7,956812640.28,1443106572.18
sz000551,创元科技,2009-09-04,6.21,6.48,6.16,6.38,5.97,8637717.0,54655255.5,1542214393.72,1542214393.72
sz000551,创元科技,2009-09-07,6.3,6.44,6.28,6.42,6.38,5985343.0,38062578.3,1551883449.48,1551883449.48
sz000551,创元科技,2009-09-08,6.36,6.59,6.31,6.46,6.42,4668685.0,30108061.4,1561552505.24,1561552505.24
sz000551,创元科技,2009-09-09,6.46,6.55,6.39,6.51,6.46,4856533.0,31402352.2,1573638824.94,1573638824.94
sz000551,创元科技,2009-09-10,6.5,6.51,6.32,6.37,6.51,3308784.0,21268638.5,1539797129.78,1539797129.78
sz000551,创元科技,2009-09-11,6.35,6.57,6.34,6.5,6.37,4098402.0,26603859.1,1571221561.0,1571221561.0
sz000551,创元科技,2009-09-14,6.48,6.63,6.47,6.62,6.5,4751314.0,31243086.9,1600228728.28,1600228728.28
sz000551,创元科技,2009-09-15,6.59,6.77,6.55,6.71,6.62,5353400.0,35759571.4,1621984103.74,1621984103.74
sz000551,创元科技,2009-09-16,6.65,6.84,6.55,6.76,6.71,6021105.0,40409274.0,1634070423.44,1634070423.44
sz000551,创元科技,2009-09-17,6.76,7.05,6.75,7.0,6.76,9221188.0,64041519.5,1692084758.0,1692084758.0
sz000551,创元科技,2009-09-18,6.97,7.08,6.61,6.68,7.0,5733805.0,39401330.2,1614732311.92,1614732311.92
sz000551,创元科技,2009-09-21,6.65,6.92,6.55,6.92,6.68,4676873.0,31606168.9,1672746646.48,1672746646.48
sz000551,创元科技,2009-09-22,6.93,7.01,6.66,6.72,6.92,4422994.0,30411111.0,1624401367.68,1624401367.68
sz000551,创元科技,2009-09-23,6.68,6.77,6.5,6.59,6.72,3328431.0,22144611.5,1592976936.46,1592976936.46
sz000551,创元科技,2009-09-24,6.56,6.69,6.42,6.52,6.59,3064654.0,20144125.5,1576056088.88,1576056088.88
sz000551,创元科技,2009-09-28,6.6,6.6,6.21,6.23,6.52,1707915.0,10949075.9,1505955434.62,1505955434.62
sz000551,创元科技,2009-09-29,6.2,6.24,6.02,6.18,6.23,1827253.0,11219547.5,1493869114.92,1493869114.92
sz000551,创元科技,2009-09-30,6.2,6.29,6.17,6.18,6.18,1715542.0,10678251.5,1493869114.92,1493869114.92
sz000551,创元科技,2009-10-09,6.29,6.48,6.25,6.47,6.18,2282262.0,14572185.5,1563969769.18,1563969769.18
sz000551,创元科技,2009-10-12,6.44,6.55,6.4,6.47,6.47,2009205.0,13025806.3,1563969769.18,1563969769.18
sz000551,创元科技,2009-10-13,6.45,6.56,6.43,6.56,6.47,1537144.0,10010704.1,1585725144.64,1585725144.64
sz000551,创元科技,2009-10-14,6.58,6.72,6.55,6.63,6.56,2700715.0,17935695.7,1602645992.22,1602645992.22
sz000551,创元科技,2009-10-15,6.65,6.68,6.55,6.67,6.63,2565907.0,16988768.8,1612315047.98,1612315047.98
sz000551,创元科技,2009-10-16,6.67,6.69,6.51,6.61,6.67,2076770.0,13688284.1,1597811464.34,1597811464.34
sz000551,创元科技,2009-10-19,6.67,6.73,6.55,6.72,6.61,2960897.0,19751873.7,1624401367.68,1624401367.68
sz000551,创元科技,2009-10-20,6.74,6.87,6.69,6.86,6.72,4333747.0,29485247.1,1658243062.84,1658243062.84
sz000551,创元科技,2009-10-21,6.87,6.96,6.77,6.81,6.86,5187516.0,35595370.6,1646156743.14,1646156743.14
sz000551,创元科技,2009-10-22,6.77,6.88,6.73,6.79,6.81,3382295.0,23059663.8,1641322215.26,1641322215.26
sz000551,创元科技,2009-10-23,6.78,6.95,6.78,6.89,6.79,3615570.0,24893041.0,1665494854.66,1665494854.66
sz000551,创元科技,2009-10-26,6.9,7.04,6.86,6.94,6.89,4368447.0,30362478.1,1677581174.36,1677581174.36
sz000551,创元科技,2009-10-27,6.89,6.89,6.66,6.66,6.94,3173135.0,21476280.8,1609897784.04,1609897784.04
sz000551,创元科技,2009-10-28,6.72,6.86,6.66,6.86,6.66,2735640.0,18490487.5,1658243062.84,1658243062.84
sz000551,创元科技,2009-10-29,7.0,7.33,6.99,7.05,6.86,13224607.0,94726061.0,1704171077.7,1704171077.7
sz000551,创元科技,2009-10-30,7.08,7.32,7.01,7.15,7.05,11823797.0,85121891.6,1728343717.1,1728343717.1
sz000551,创元科技,2009-11-02,7.03,7.87,6.96,7.7,7.15,21346277.0,160902242.2,1861293233.8,1861293233.8
sz000551,创元科技,2009-11-03,7.7,8.1,7.6,7.88,7.7,18379346.0,144768584.6,1904803984.72,1904803984.72
sz000551,创元科技,2009-11-04,7.8,8.08,7.72,7.9,7.88,12372161.0,97560722.6,1909638512.6,1909638512.6
sz000551,创元科技,2009-11-05,7.95,8.04,7.8,7.99,7.9,9459925.0,74863368.9,1931393888.06,1931393888.06
sz000551,创元科技,2009-11-06,7.99,8.1,7.83,7.88,7.99,8282215.0,65659637.5,1904803984.72,1904803984.72
sz000551,创元科技,2009-11-09,7.9,8.07,7.78,8.04,7.88,7873190.0,62491034.3,1943480207.76,1943480207.76
sz000551,创元科技,2009-11-10,8.06,8.06,7.87,7.9,8.04,5796276.0,46111769.8,1909638512.6,1909638512.6
sz000551,创元科技,2009-11-11,7.85,8.28,7.8,8.14,7.9,10864817.0,87999023.6,1967652847.16,1967652847.16
sz000551,创元科技,2009-11-12,8.17,8.48,8.17,8.26,8.14,12020227.0,100179099.9,1996660014.44,1996660014.44
sz000551,创元科技,2009-11-13,8.26,8.47,8.08,8.45,8.26,9023366.0,74441608.3,2042588029.3,2042588029.3
sz000551,创元科技,2009-11-16,8.5,8.6,8.4,8.53,8.45,10133877.0,86228128.7,2061926140.82,2061926140.82
sz000551,创元科技,2009-11-17,8.48,8.74,8.37,8.61,8.53,9025128.0,77194117.3,2081264252.34,2081264252.34
sz000551,创元科技,2009-11-18,8.61,8.7,8.41,8.64,8.61,7501150.0,64236305.1,2088516044.16,2088516044.16
sz000551,创元科技,2009-11-19,8.63,8.66,8.45,8.61,8.64,6729630.0,57616970.5,2081264252.34,2081264252.34
sz000551,创元科技,2009-11-20,8.58,8.96,8.48,8.89,8.61,9668655.0,84818735.1,2148947642.66,2148947642.66
sz000551,创元科技,2009-11-23,8.88,8.98,8.78,8.9,8.89,6634649.0,58897168.9,2151364906.6,2151364906.6
sz000551,创元科技,2009-11-24,8.9,9.09,8.27,8.3,8.9,11515310.0,100021652.3,2006329070.2,2006329070.2
sz000551,创元科技,2009-11-25,8.26,8.96,8.25,8.93,8.3,12374613.0,107618490.2,2158616698.42,2158616698.42
sz000551,创元科技,2009-11-26,8.87,9.29,8.62,8.7,8.93,14869193.0,133581292.9,2103019627.8,2103019627.8
sz000551,创元科技,2009-11-27,8.55,8.91,8.33,8.36,8.7,10457473.0,89580067.1,2020832653.84,2020832653.84
sz000551,创元科技,2009-11-30,8.48,9.2,8.48,9.2,8.36,12053456.0,108989459.1,2223882824.8,2223882824.8
sz000551,创元科技,2009-12-01,9.49,9.92,9.46,9.58,9.2,27439056.0,265900850.8,2315738854.52,2315738854.52
sz000551,创元科技,2009-12-02,9.5,10.48,9.41,10.21,9.58,22527076.0,224894252.8,2468026482.74,2468026482.74
sz000551,创元科技,2009-12-03,10.02,10.24,9.83,10.11,10.21,14663099.0,146739239.2,2443853843.34,2443853843.34
sz000551,创元科技,2009-12-04,10.06,10.39,9.38,9.64,10.11,17075713.0,168384431.2,2330242438.16,2330242438.16
sz000551,创元科技,2009-12-14,9.85,9.86,9.22,9.46,9.64,9609039.0,90990821.7,2286731687.24,2286731687.24
sz000551,创元科技,2009-12-15,9.35,9.85,9.29,9.7,9.46,8227235.0,79506635.3,2344746021.8,2344746021.8
sz000551,创元科技,2009-12-16,9.66,9.75,9.4,9.48,9.7,5575448.0,53361420.3,2291566215.12,2291566215.12
sz000551,创元科技,2009-12-17,9.48,9.58,9.1,9.49,9.48,6987749.0,64920912.2,2293983479.06,2293983479.06
sz000551,创元科技,2009-12-18,9.38,10.44,9.27,10.1,9.49,26428201.0,265951209.4,2441436579.4,2441436579.4
sz000551,创元科技,2009-12-21,10.0,10.56,9.82,10.45,10.1,19248517.0,197356849.5,2526040817.3,2526040817.3
sz000551,创元科技,2009-12-22,10.39,10.39,9.9,9.97,10.45,12799872.0,129163381.2,2410012148.18,2410012148.18
sz000551,创元科技,2009-12-23,9.88,10.28,9.55,10.01,9.97,9888137.0,98572521.3,2419681203.94,2419681203.94
sz000551,创元科技,2009-12-24,9.94,10.79,9.91,10.52,10.01,16473506.0,170414646.4,2542961664.88,2542961664.88
sz000551,创元科技,2009-12-28,10.52,11.05,10.42,10.66,10.52,13617258.0,146438398.6,2576803360.04,2576803360.04
sz000551,创元科技,2009-12-30,10.81,11.08,10.4,10.84,10.66,16815906.0,181446332.0,2620314110.96,2620314110.96
sz000551,创元科技,2009-12-31,10.74,11.05,10.61,10.72,10.84,12249292.0,132877914.3,2591306943.68,2591306943.68
sz000551,创元科技,2010-01-04,10.8,11.05,10.55,10.9,10.72,11509280.0,124313975.0,2634817694.6,2634817694.6
sz000551,创元科技,2010-01-05,10.81,11.09,10.78,10.9,10.9,10526566.0,115042942.6,2634817694.6,2634817694.6
sz000551,创元科技,2010-01-06,10.8,10.9,10.56,10.58,10.9,13067340.0,139747493.6,2557465248.52,2557465248.52
sz000551,创元科技,2010-01-07,10.8,11.05,10.68,10.8,10.58,14390467.0,156330413.8,2610645055.2,2610645055.2
sz000551,创元科技,2010-01-08,10.83,11.32,10.83,11.23,10.8,15193286.0,169000261.3,2714587404.62,2714587404.62
sz000551,创元科技,2010-01-11,11.38,11.65,11.1,11.25,11.23,12292043.0,138982649.8,2719421932.5,2719421932.5
sz000551,创元科技,2010-01-12,11.2,11.3,10.99,11.28,11.25,11761520.0,131253455.8,2726673724.32,2726673724.32
sz000551,创元科技,2010-01-13,11.0,11.23,10.92,11.0,11.28,11386629.0,125579275.7,2658990334.0,2658990334.0
sz000551,创元科技,2010-01-14,11.09,11.35,11.01,11.29,11.0,8109582.0,91085015.8,2729090988.26,2729090988.26
sz000551,创元科技,2010-01-15,11.35,11.4,11.05,11.29,11.29,8838922.0,98809199.2,2729090988.26,2729090988.26
sz000551,创元科技,2010-01-18,11.23,11.55,11.13,11.53,11.29,10398819.0,118215817.1,2787105322.82,2787105322.82
sz000551,创元科技,2010-01-19,11.55,11.7,11.31,11.38,11.53,7594860.0,86837419.3,2750846363.72,2750846363.72
sz000551,创元科技,2010-01-20,11.41,12.09,11.31,11.6,11.38,20261510.0,237315309.2,2804026170.4,2804026170.4
sz000551,创元科技,2010-01-21,11.72,12.69,11.61,12.31,11.6,21675891.0,266083553.7,2975651910.14,2975651910.14
sz000551,创元科技,2010-01-22,12.0,12.69,11.74,12.55,12.31,20339541.0,247337957.4,3033666244.7,3033666244.7
sz000551,创元科技,2010-01-25,12.35,12.48,12.03,12.08,12.55,8545660.0,104751206.8,2920054839.52,2920054839.52
sz000551,创元科技,2010-01-26,12.08,12.2,10.87,10.9,12.08,13315119.0,150952804.8,2634817694.6,2634817694.6
sz000551,创元科技,2010-01-27,10.85,11.36,10.45,10.98,10.9,9667006.0,105366464.6,2654155806.12,2654155806.12
sz000551,创元科技,2010-01-28,10.88,11.28,10.8,10.94,10.98,6395403.0,70685342.4,2644486750.36,2644486750.36
sz000551,创元科技,2010-01-29,11.05,11.88,10.9,11.65,10.94,14883671.0,172085364.9,2816112490.1,2816112490.1
sz000551,创元科技,2010-02-01,11.74,12.2,11.61,12.05,11.65,13024461.0,156151973.9,2912803047.7,2912803047.7
sz000551,创元科技,2010-02-02,12.05,12.2,11.91,11.95,12.05,7951485.0,95842916.2,2888630408.3,2888630408.3
sz000551,创元科技,2010-02-03,11.92,12.03,11.16,11.89,11.95,10577055.0,123047551.5,2874126824.66,2874126824.66
sz000551,创元科技,2010-02-04,11.72,12.48,11.71,12.26,11.89,11821723.0,144353948.8,2963565590.44,2963565590.44
sz000551,创元科技,2010-02-05,11.99,12.95,11.9,12.69,12.26,16989019.0,213664886.1,3067507939.86,3067507939.86
sz000551,创元科技,2010-02-08,12.55,12.8,12.3,12.51,12.69,7445546.0,93090053.4,3023997188.94,3023997188.94
sz000551,创元科技,2010-02-09,12.35,12.88,12.0,12.72,12.51,9323809.0,116767132.7,3074759731.68,3074759731.68
sz000551,创元科技,2010-02-10,12.83,12.91,12.27,12.4,12.72,7448102.0,93403965.8,2997407285.6,2997407285.6
sz000551,创元科技,2010-02-11,12.38,12.47,11.94,11.96,12.4,8392794.0,101849859.8,2891047672.24,2891047672.24
sz000551,创元科技,2010-02-12,11.73,12.09,11.51,11.89,11.96,8969911.0,105866714.7,2874126824.66,2874126824.66
sz000551,创元科技,2010-02-22,11.87,12.14,11.82,12.03,11.89,5119561.0,61494124.3,2907968519.82,2907968519.82
sz000551,创元科技,2010-02-23,12.06,12.12,11.7,12.11,12.03,5715429.0,67854099.0,2927306631.34,2927306631.34
sz000551,创元科技,2010-02-24,12.0,12.67,11.92,12.54,12.11,10220499.0,126465300.5,3031248980.76,3031248980.76
sz000551,创元科技,2010-02-25,12.59,12.74,12.35,12.69,12.54,9682937.0,121723046.0,3067507939.86,3067507939.86
sz000551,创元科技,2010-02-26,12.53,12.8,12.44,12.48,12.69,6657731.0,83717125.6,3016745397.12,3016745397.12
sz000551,创元科技,2010-03-01,12.4,12.6,12.35,12.51,12.48,7626420.0,95108520.3,3023997188.94,3023997188.94
sz000551,创元科技,2010-03-02,12.5,13.09,12.46,13.05,12.51,15379376.0,197997180.7,3154529441.7,3154529441.7
sz000551,创元科技,2010-03-03,13.01,13.19,12.8,12.95,13.05,10088556.0,130910396.4,3130356802.3,3130356802.3
sz000551,创元科技,2010-03-04,12.95,13.28,12.09,12.2,12.95,13105367.0,165911159.1,2949062006.8,2949062006.8
sz000551,创元科技,2010-03-08,12.31,12.48,12.22,12.37,12.2,5228584.0,64580239.5,2990155493.78,2990155493.78
sz000551,创元科技,2010-03-09,12.38,12.45,11.86,11.98,12.37,8745865.0,105261674.1,2895882200.12,2895882200.12
sz000551,创元科技,2010-03-10,11.9,12.18,11.73,11.95,11.98,5066009.0,60608029.4,2888630408.3,2888630408.3
sz000551,创元科技,2010-03-11,11.96,12.04,11.5,11.68,11.95,6002659.0,70138775.4,2823364281.92,2823364281.92
sz000551,创元科技,2010-03-12,11.68,11.86,11.43,11.61,11.68,4497045.0,52245979.0,2806443434.34,2806443434.34
sz000551,创元科技,2010-03-15,11.63,11.93,11.5,11.87,11.61,4379884.0,51397291.2,2869292296.78,2869292296.78
sz000551,创元科技,2010-03-16,11.8,11.95,11.75,11.91,11.87,2960750.0,35093953.1,2878961352.54,2878961352.54
sz000551,创元科技,2010-03-17,11.91,12.23,11.83,12.17,11.91,5354716.0,64559056.0,2941810214.98,2941810214.98
sz000551,创元科技,2010-03-18,12.17,12.37,12.04,12.15,12.17,4592746.0,56079519.9,2936975687.1,2936975687.1
sz000551,创元科技,2010-03-19,12.18,12.24,11.89,12.02,12.15,5061717.0,60718299.8,2905551255.88,2905551255.88
sz000551,创元科技,2010-03-22,11.99,12.07,11.8,11.88,12.02,4554449.0,54153759.0,2871709560.72,2871709560.72
sz000551,创元科技,2010-03-23,11.83,12.06,11.79,11.8,11.88,4298389.0,51211896.7,2852371449.2,2852371449.2
sz000551,创元科技,2010-03-24,11.82,11.95,11.64,11.79,11.8,5535330.0,65089015.9,2849954185.26,2849954185.26
sz000551,创元科技,2010-03-25,11.75,11.89,11.67,11.75,11.79,4283557.0,50450817.5,2840285129.5,2840285129.5
sz000551,创元科技,2010-03-26,11.75,11.95,11.71,11.86,11.75,4298351.0,51006025.2,2866875032.84,2866875032.84
sz000551,创元科技,2010-03-29,11.94,11.94,11.56,11.8,11.86,5788749.0,68122084.7,2852371449.2,2852371449.2
sz000551,创元科技,2010-03-30,11.77,11.77,11.53,11.62,11.8,6379746.0,74161854.7,2808860698.28,2808860698.28
sz000551,创元科技,2010-03-31,11.63,12.35,11.6,12.3,11.62,12266887.0,147257905.3,2973234646.2,2973234646.2
sz000551,创元科技,2010-04-01,12.2,12.69,12.16,12.53,12.3,15200250.0,189252466.7,3028831716.82,3028831716.82
sz000551,创元科技,2010-04-02,12.54,12.67,12.3,12.38,12.53,8375566.0,104068069.8,2992572757.72,2992572757.72
sz000551,创元科技,2010-04-06,12.31,12.44,12.23,12.34,12.38,6268586.0,77083064.5,2982903701.96,2982903701.96
sz000551,创元科技,2010-04-07,12.37,12.44,12.17,12.38,12.34,4760075.0,58573359.8,2992572757.72,2992572757.72
sz000551,创元科技,2010-04-08,12.32,13.62,12.23,13.61,12.38,34177571.0,453098890.5,3289896222.34,3289896222.34
sz000551,创元科技,2010-04-09,14.35,14.97,14.21,14.97,13.61,41085257.0,607645370.7,3618644118.18,3618644118.18
sz000551,创元科技,2010-04-12,14.9,16.2,14.71,15.73,14.97,44018298.0,677154381.6,3802356177.62,3802356177.62
sz000551,创元科技,2010-04-13,15.73,17.0,15.11,16.85,15.73,33083605.0,525637617.5,4073089738.9,4073089738.9
sz000551,创元科技,2010-04-14,16.36,16.8,16.1,16.45,16.85,21284549.0,349799203.6,3976399181.3,3976399181.3
sz000551,创元科技,2010-04-15,16.33,17.0,16.05,16.6,16.45,18994558.0,312289331.8,4012658140.4,4012658140.4
sz000551,创元科技,2010-04-16,16.3,16.49,15.81,16.18,16.6,14870316.0,239443481.1,3911133054.92,3911133054.92
sz000551,创元科技,2010-04-19,16.15,16.51,15.65,15.78,16.18,15024460.0,241216215.6,3814442497.32,3814442497.32
sz000551,创元科技,2010-04-20,15.66,16.3,15.37,15.82,15.78,18595913.0,293413519.6,3824111553.08,3824111553.08
sz000551,创元科技,2010-04-21,15.62,17.2,15.61,17.01,15.82,27439288.0,451894902.0,4111765961.94,4111765961.94
sz000551,创元科技,2010-04-22,16.78,17.16,16.53,16.75,17.01,17064098.0,286726713.4,4048917099.5,4048917099.5
sz000551,创元科技,2010-04-23,16.66,16.78,15.08,15.08,16.75,26870182.0,421641088.2,3645234021.52,3645234021.52
sz000551,创元科技,2010-04-26,15.45,15.79,15.08,15.18,15.08,11847629.0,182286525.3,3669406660.92,3669406660.92
sz000551,创元科技,2010-04-27,15.1,15.1,14.16,14.78,15.18,11290419.0,164661930.9,3572716103.32,3572716103.32
sz000551,创元科技,2010-04-28,14.7,15.07,14.51,15.07,14.78,7778584.0,115637965.4,3642816757.58,3642816757.58
sz000551,创元科技,2010-04-29,15.07,15.28,13.58,13.78,15.07,7989234.0,115884322.0,3330989709.32,3330989709.32
sz000551,创元科技,2010-04-30,13.82,14.2,13.31,14.0,13.78,8387354.0,115788368.0,3384169516.0,3384169516.0
sz000551,创元科技,2010-05-04,13.74,14.28,13.56,14.24,14.0,4831029.0,67746366.2,3442183850.56,3442183850.56
sz000551,创元科技,2010-05-05,13.92,14.93,13.92,14.73,14.24,8456567.0,122630669.9,3560629783.62,3560629783.62
sz000551,创元科技,2010-05-06,14.59,14.91,13.7,13.72,14.73,7902994.0,113083144.0,3316486125.68,3316486125.68
sz000551,创元科技,2010-05-07,13.3,14.3,13.25,13.67,13.72,7234912.0,99417736.7,3304399805.98,3304399805.98
sz000551,创元科技,2010-05-10,13.67,14.18,13.42,13.71,13.67,5324775.0,73661394.6,3314068861.74,3314068861.74
sz000551,创元科技,2010-05-11,14.0,14.15,12.34,12.34,13.71,11680742.0,151438651.2,2982903701.96,2982903701.96
sz000551,创元科技,2010-05-12,12.11,12.16,11.27,11.39,12.34,10020995.0,117112376.0,2753263627.66,2753263627.66
sz000551,创元科技,2010-05-13,11.51,11.76,10.9,11.68,11.39,8007844.0,91580699.2,2823364281.92,2823364281.92
sz000551,创元科技,2010-05-14,11.57,11.98,11.49,11.8,11.68,9321578.0,109451045.1,2852371449.2,2852371449.2
sz000551,创元科技,2010-05-17,11.59,11.62,10.62,10.62,11.8,8701709.0,96829538.8,2567134304.28,2567134304.28
sz000551,创元科技,2010-05-18,10.52,11.09,10.32,10.81,10.62,9607186.0,102273722.9,2613062319.14,2613062319.14
sz000551,创元科技,2010-05-19,10.65,11.31,10.6,10.97,10.81,9682180.0,106216759.1,2651738542.18,2651738542.18
sz000551,创元科技,2010-05-20,10.77,11.1,10.44,10.62,10.97,6906900.0,74170145.3,2567134304.28,2567134304.28
sz000551,创元科技,2010-05-21,10.1,11.08,10.01,10.91,10.62,10760239.0,113454248.7,2637234958.54,2637234958.54
sz000551,创元科技,2010-05-24,11.01,11.59,11.01,11.38,10.91,13615952.0,154443523.6,2750846363.72,2750846363.72
sz000551,创元科技,2010-05-25,11.55,11.8,11.35,11.54,11.38,12735358.0,147502022.9,2789522586.76,2789522586.76
sz000551,创元科技,2010-05-26,11.41,12.3,11.31,11.85,11.54,13876647.0,165709514.7,2864457768.9,2864457768.9
sz000551,创元科技,2010-05-27,11.8,12.1,11.41,12.02,11.85,11269614.0,132762761.5,2905551255.88,2905551255.88
sz000551,创元科技,2010-05-28,12.15,12.46,11.92,12.24,12.02,11557991.0,140802042.4,2958731062.56,2958731062.56
sz000551,创元科技,2010-05-31,12.0,12.19,11.42,11.45,12.24,8365180.0,99184927.0,2767767211.3,2767767211.3
sz000551,创元科技,2010-06-01,11.4,11.49,10.72,10.97,11.45,7880120.0,87077201.0,2651738542.18,2651738542.18
sz000551,创元科技,2010-06-02,10.95,11.14,10.62,11.13,10.97,5828292.0,63563899.5,2690414765.22,2690414765.22
sz000551,创元科技,2010-06-03,11.15,11.42,11.1,11.12,11.13,7928035.0,89128073.4,2687997501.28,2687997501.28
sz000551,创元科技,2010-06-04,11.0,11.28,10.92,11.22,11.12,3940900.0,43773395.4,2712170140.68,2712170140.68
sz000551,创元科技,2010-06-07,10.96,11.25,10.91,11.14,11.22,5008134.0,55430966.9,2692832029.16,2692832029.16
sz000551,创元科技,2010-06-08,11.1,11.39,11.1,11.3,11.14,6525886.0,73332645.3,2731508252.2,2731508252.2
sz000551,创元科技,2010-06-09,11.4,11.95,11.36,11.76,11.3,10322584.0,120280309.1,2842702393.44,2842702393.44
sz000551,创元科技,2010-06-10,11.7,12.22,11.61,11.93,11.76,9413267.0,112426726.8,2883795880.42,2883795880.42
sz000551,创元科技,2010-06-11,12.02,12.21,11.73,11.84,11.93,7534724.0,89913642.6,2862040504.96,2862040504.96
sz000551,创元科技,2010-06-17,12.0,12.82,11.85,12.45,11.84,13628670.0,168895184.5,3009493605.3,3009493605.3
sz000551,创元科技,2010-06-18,12.38,12.4,11.69,11.81,12.45,10260135.0,123585874.7,2854788713.14,2854788713.14
sz000551,创元科技,2010-06-21,11.78,12.3,11.46,12.24,11.81,8363088.0,99549999.2,2958731062.56,2958731062.56
sz000551,创元科技,2010-06-22,12.09,12.85,12.07,12.68,12.24,11700804.0,147001148.0,3065090675.92,3065090675.92
sz000551,创元科技,2010-06-23,12.69,12.76,12.38,12.63,12.68,7880288.0,99147388.0,3053004356.22,3053004356.22
sz000551,创元科技,2010-06-24,12.51,13.1,12.51,12.59,12.63,9788805.0,125308046.5,3043335300.46,3043335300.46
sz000551,创元科技,2010-06-25,12.41,12.68,12.11,12.37,12.59,5627548.0,69630157.0,2990155493.78,2990155493.78
sz000551,创元科技,2010-06-28,12.49,12.94,12.2,12.75,12.37,9738540.0,123745938.2,3082011523.5,3082011523.5
sz000551,创元科技,2010-06-29,12.65,12.97,11.67,11.7,12.75,8465899.0,104295705.4,2828198809.8,2828198809.8
sz000551,创元科技,2010-06-30,11.66,11.66,11.0,11.55,11.7,5055291.0,57238301.8,2791939850.7,2791939850.7
sz000551,创元科技,2010-07-01,11.53,11.65,10.9,10.92,11.55,4346042.0,49082330.8,2639652222.48,2639652222.48
sz000551,创元科技,2010-07-02,10.82,10.9,9.83,10.26,10.92,10200074.0,103614957.9,2480112802.44,2480112802.44
sz000551,创元科技,2010-07-05,10.01,10.09,9.77,9.93,10.26,4074531.0,40501403.3,2400343092.42,2400343092.42
sz000551,创元科技,2010-07-06,9.92,10.39,9.91,10.39,9.93,4477747.0,45925164.3,2511537233.66,2511537233.66
sz000551,创元科技,2010-07-07,10.42,10.92,10.35,10.9,10.39,5587682.0,59440006.3,2634817694.6,2634817694.6
sz000551,创元科技,2010-07-08,10.83,11.03,10.48,10.64,10.9,3682259.0,39496021.3,2571968832.16,2571968832.16
sz000551,创元科技,2010-07-09,10.62,11.03,10.53,10.96,10.64,4470828.0,48604335.7,2649321278.24,2649321278.24
sz000551,创元科技,2010-07-12,10.99,11.32,10.9,11.18,10.96,4426387.0,49275796.8,2702501084.92,2702501084.92
sz000551,创元科技,2010-07-13,11.0,11.44,10.9,11.28,11.18,5483398.0,60898004.8,2726673724.32,2726673724.32
sz000551,创元科技,2010-07-14,11.3,11.4,11.2,11.33,11.28,5145955.0,58175521.6,2738760044.02,2738760044.02
sz000551,创元科技,2010-07-15,11.3,11.35,10.93,11.0,11.33,5369748.0,59553445.7,2658990334.0,2658990334.0
sz000551,创元科技,2010-07-19,10.97,11.28,10.75,11.28,11.0,3965842.0,44192772.6,2726673724.32,2726673724.32
sz000551,创元科技,2010-07-20,11.28,11.76,11.2,11.65,11.28,7475349.0,85936940.2,2816112490.1,2816112490.1
sz000551,创元科技,2010-07-21,11.8,12.04,11.69,11.73,11.65,7120265.0,84311922.0,2835450601.62,2835450601.62
sz000551,创元科技,2010-07-22,11.71,11.89,11.53,11.81,11.73,4253122.0,49858884.6,2854788713.14,2854788713.14
sz000551,创元科技,2010-07-23,11.82,11.94,11.5,11.67,11.81,4922524.0,57248011.4,2820947017.98,2820947017.98
sz000551,创元科技,2010-07-26,11.67,11.85,11.6,11.78,11.67,3437692.0,40291918.7,2847536921.32,2847536921.32
sz000551,创元科技,2010-07-27,11.74,11.96,11.68,11.82,11.78,4443582.0,52523660.2,2857205977.08,2857205977.08
sz000551,创元科技,2010-07-28,11.83,13.0,11.83,13.0,11.82,20525845.0,259951755.0,3142443122.0,3142443122.0
sz000551,创元科技,2010-07-29,13.11,13.27,12.82,13.24,13.0,18071148.0,236137524.5,3200457456.56,3200457456.56
sz000551,创元科技,2010-07-30,13.11,13.19,12.81,12.95,13.24,10234962.0,132625534.1,3130356802.3,3130356802.3
sz000551,创元科技,2010-08-02,12.96,13.23,12.8,13.16,12.95,13111585.0,171061233.3,3181119345.04,3181119345.04
sz000551,创元科技,2010-08-03,13.16,13.23,12.71,12.71,13.16,10637659.0,137753250.2,3072342467.74,3072342467.74
sz000551,创元科技,2010-08-04,12.72,12.83,12.4,12.8,12.71,11047641.0,139244837.4,3094097843.2,3094097843.2
sz000551,创元科技,2010-08-05,12.79,13.1,12.59,12.9,12.8,9043435.0,116373693.0,3118270482.6,3118270482.6
sz000551,创元科技,2010-08-06,12.82,13.87,12.8,13.49,12.9,17400494.0,232411903.0,3260889055.06,3260889055.06
sz000551,创元科技,2010-08-09,13.48,13.65,13.33,13.51,13.49,11121576.0,149622966.3,3265723582.94,3265723582.94
sz000551,创元科技,2010-08-10,13.46,13.52,12.72,12.72,13.51,9874811.0,128877401.6,3074759731.68,3074759731.68
sz000551,创元科技,2010-08-11,12.66,12.75,12.42,12.65,12.72,9883167.0,124056542.3,3057838884.1,3057838884.1
sz000551,创元科技,2010-08-12,12.45,12.76,12.38,12.4,12.65,5683996.0,71408868.2,2997407285.6,2997407285.6
sz000551,创元科技,2010-08-13,12.53,13.07,12.4,13.0,12.4,9076574.0,115629153.5,3142443122.0,3142443122.0
sz000551,创元科技,2010-08-16,12.99,14.29,12.87,14.23,13.0,23668734.0,323873693.5,3439766586.62,3439766586.62
sz000551,创元科技,2010-08-17,14.1,14.1,13.77,13.87,14.23,12531835.0,174043659.5,3352745084.78,3352745084.78
sz000551,创元科技,2010-08-18,13.83,14.46,13.73,14.4,13.87,16132814.0,227423623.7,3480860073.6,3480860073.6
sz000551,创元科技,2010-08-19,14.38,14.66,14.06,14.3,14.4,19077203.0,274101649.6,3456687434.2,3456687434.2
sz000551,创元科技,2010-08-20,14.15,14.2,13.66,13.76,14.3,9508245.0,131827720.9,3326155181.44,3326155181.44
sz000551,创元科技,2010-08-23,13.63,14.07,13.6,13.94,13.76,6140445.0,85422574.5,3369665932.36,3369665932.36
sz000551,创元科技,2010-08-24,13.9,14.54,13.64,14.48,13.94,11393530.0,161348340.4,3500198185.12,3500198185.12
sz000551,创元科技,2010-08-25,14.2,14.41,13.91,14.15,14.48,8962161.0,126770514.8,3420428475.1,3420428475.1
sz000551,创元科技,2010-08-26,14.15,14.79,14.06,14.44,14.15,12334678.0,178383478.2,3490529129.36,3490529129.36
sz000551,创元科技,2010-08-27,14.4,14.85,14.34,14.36,14.44,8505886.0,123991884.7,3471191017.84,3471191017.84
sz000551,创元科技,2010-08-30,14.5,14.89,14.23,14.79,14.36,13903808.0,203971909.4,3575133367.26,3575133367.26
sz000551,创元科技,2010-08-31,14.76,15.13,14.6,14.67,14.79,11575777.0,171935172.8,3546126199.98,3546126199.98
sz000551,创元科技,2010-09-01,14.7,14.79,13.86,14.13,14.67,12055953.0,171943792.5,3415593947.22,3415593947.22
sz000551,创元科技,2010-09-02,14.17,14.55,14.17,14.44,14.13,7851597.0,112859445.5,3490529129.36,3490529129.36
sz000551,创元科技,2010-09-03,14.49,14.49,14.07,14.33,14.44,8310999.0,118337782.0,3463939226.02,3463939226.02
sz000551,创元科技,2010-09-06,14.35,14.4,14.09,14.12,14.33,7600012.0,107856067.6,3413176683.28,3413176683.28
sz000551,创元科技,2010-09-07,14.09,14.35,14.06,14.25,14.12,4548796.0,64567599.7,3444601114.5,3444601114.5
sz000551,创元科技,2010-09-08,14.21,15.13,14.15,15.07,14.25,16756720.0,247140570.1,3642816757.58,3642816757.58
sz000551,创元科技,2010-09-09,15.07,15.98,14.92,15.3,15.07,18666486.0,288702602.2,3698413828.2,3698413828.2
sz000551,创元科技,2010-09-10,15.25,15.7,14.92,15.3,15.3,9104311.0,138999087.9,3698413828.2,3698413828.2
sz000551,创元科技,2010-09-13,15.28,16.29,15.24,15.87,15.3,8933675.0,141832736.4,3836197872.78,3836197872.78
sz000551,创元科技,2010-09-14,15.8,16.12,15.61,15.86,15.87,6982731.0,110433608.0,3833780608.84,3833780608.84
sz000551,创元科技,2010-09-15,15.9,16.0,14.98,15.6,15.86,7676696.0,120082335.6,3770931746.4,3770931746.4
sz000551,创元科技,2010-09-16,15.25,16.28,15.08,16.13,15.6,9709573.0,151267938.8,3899046735.22,3899046735.22
sz000551,创元科技,2010-09-17,15.92,16.18,15.65,15.88,16.13,5957161.0,94718935.6,3838615136.72,3838615136.72
sz000551,创元科技,2010-09-20,15.77,15.95,15.33,15.86,15.88,7769958.0,121720857.8,3833780608.84,3833780608.84
sz000551,创元科技,2010-09-21,15.9,16.1,15.5,15.61,15.86,3149836.0,49776954.7,3773349010.34,3773349010.34
sz000551,创元科技,2010-09-27,15.68,15.95,15.1,15.85,15.61,6790108.0,105289085.6,3831363344.9,3831363344.9
sz000551,创元科技,2010-09-28,15.65,15.83,15.19,15.72,15.85,6678707.0,103451518.8,3799938913.68,3799938913.68
sz000551,创元科技,2010-09-29,15.55,15.95,15.44,15.93,15.72,7753988.0,122454060.1,3850701456.42,3850701456.42
sz000551,创元科技,2010-09-30,15.98,16.55,15.85,16.5,15.93,12161607.0,198816797.3,3988485501.0,3988485501.0
sz000551,创元科技,2010-10-08,16.61,16.79,16.16,16.49,16.5,6813572.0,112611845.7,3986068237.06,3986068237.06
sz000551,创元科技,2010-10-11,16.4,16.41,15.28,15.6,16.49,14792369.0,234497516.0,3770931746.4,3770931746.4
sz000551,创元科技,2010-10-12,15.4,15.4,14.45,14.79,15.6,24316974.0,360054148.6,3575133367.26,3575133367.26
sz000551,创元科技,2010-10-13,14.8,15.0,14.55,14.9,14.79,12096787.0,178651549.9,3601723270.6,3601723270.6
sz000551,创元科技,2010-10-14,14.89,14.98,13.98,14.49,14.9,16159410.0,231922427.3,3502615449.06,3502615449.06
sz000551,创元科技,2010-10-15,14.3,14.54,13.98,14.09,14.49,11203098.0,159087032.4,3405924891.46,3405924891.46
sz000551,创元科技,2010-10-18,14.1,14.32,13.3,13.46,14.09,8332763.0,113210147.7,3253637263.24,3253637263.24
sz000551,创元科技,2010-10-19,13.41,14.1,13.41,14.04,13.46,5515841.0,76569751.2,3393838571.76,3393838571.76
sz000551,创元科技,2010-10-20,13.9,14.28,13.8,14.02,14.04,8006504.0,112575601.7,3389004043.88,3389004043.88
sz000551,创元科技,2010-10-21,14.02,14.21,13.9,14.1,14.02,6059338.0,85131031.6,3408342155.4,3408342155.4
sz000551,创元科技,2010-10-22,14.09,14.39,14.02,14.32,14.1,7697912.0,109208274.6,3461521962.08,3461521962.08
sz000551,创元科技,2010-10-25,14.42,14.68,14.36,14.58,14.32,8204441.0,119054906.6,3524370824.52,3524370824.52
sz000551,创元科技,2010-10-26,14.62,15.02,14.25,15.0,14.58,14533219.0,212868751.9,3625895910.0,3625895910.0
sz000551,创元科技,2010-10-27,15.12,15.55,14.86,15.42,15.0,21513873.0,330067045.3,3727420995.48,3727420995.48
sz000551,创元科技,2010-10-28,15.53,15.55,15.08,15.54,15.42,10018347.0,153647354.5,3756428162.76,3756428162.76
sz000551,创元科技,2010-10-29,15.58,16.17,15.33,16.0,15.54,14651008.0,233108331.6,3867622304.0,3867622304.0
sz000551,创元科技,2010-11-01,15.91,16.31,15.66,16.07,16.0,13937470.0,223462219.2,3884543151.58,3884543151.58
sz000551,创元科技,2010-11-02,16.36,16.37,15.74,16.1,16.07,13857589.0,220842175.4,3891794943.4,3891794943.4
sz000551,创元科技,2010-11-03,16.12,16.13,15.65,15.65,16.1,9548846.0,150793641.1,3783018066.1,3783018066.1
sz000551,创元科技,2010-11-04,15.65,15.96,15.45,15.88,15.65,7010326.0,110640246.8,3838615136.72,3838615136.72
sz000551,创元科技,2010-11-05,15.93,16.77,15.91,16.63,15.88,15829617.0,259276638.0,4019909932.22,4019909932.22
sz000551,创元科技,2010-11-08,16.65,17.08,16.2,16.92,16.63,12179786.0,202912818.0,4090010586.48,4090010586.48
sz000551,创元科技,2010-11-09,16.8,16.9,16.5,16.5,16.92,6452356.0,107183838.3,3988485501.0,3988485501.0
sz000551,创元科技,2010-11-10,16.41,17.17,16.2,16.85,16.5,10054567.0,168453683.5,4073089738.9,4073089738.9
sz000551,创元科技,2010-11-11,16.7,17.1,16.4,16.71,16.85,7321875.0,123686892.4,4039248043.74,4039248043.74
sz000551,创元科技,2010-11-12,16.52,16.67,15.04,15.4,16.71,9971624.0,156639661.8,3722586467.6,3722586467.6
sz000551,创元科技,2010-11-15,15.38,15.54,15.03,15.5,15.4,6691936.0,102429350.9,3746759107.0,3746759107.0
sz000551,创元科技,2010-11-16,15.41,16.05,14.75,15.49,15.5,7863208.0,122667692.1,3744341843.06,3744341843.06
sz000551,创元科技,2010-11-17,15.1,15.49,14.78,14.99,15.49,3846160.0,58023148.8,3623478646.06,3623478646.06
sz000551,创元科技,2010-11-18,15.01,15.29,14.65,15.01,14.99,4110199.0,61427570.6,3628313173.94,3628313173.94
sz000551,创元科技,2010-11-19,15.14,15.49,14.81,15.46,15.01,5837889.0,89031769.4,3737090051.24,3737090051.24
sz000551,创元科技,2010-11-22,15.4,15.73,15.26,15.51,15.46,7481100.0,115914307.3,3749176370.94,3749176370.94
sz000551,创元科技,2010-11-23,15.46,15.8,15.08,15.57,15.51,5064379.0,78255575.3,3763679954.58,3763679954.58
sz000551,创元科技,2010-11-24,15.55,15.9,15.38,15.89,15.57,5694796.0,89744193.8,3841032400.66,3841032400.66
sz000551,创元科技,2010-11-25,15.9,16.04,15.66,15.88,15.89,4478867.0,71077109.9,3838615136.72,3838615136.72
sz000551,创元科技,2010-11-26,15.75,15.9,15.39,15.85,15.88,4839030.0,76000120.5,3831363344.9,3831363344.9
sz000551,创元科技,2010-11-29,16.0,16.18,15.85,16.09,15.85,5948376.0,95316228.8,3889377679.46,3889377679.46
sz000551,创元科技,2010-11-30,16.15,16.29,15.2,15.82,16.09,6526493.0,102801477.7,3824111553.08,3824111553.08
sz000551,创元科技,2010-12-01,15.56,15.83,15.43,15.65,15.82,2745924.0,42785891.6,3783018066.1,3783018066.1
sz000551,创元科技,2010-12-02,15.72,17.22,15.72,17.18,15.65,21208665.0,354904372.5,4152859448.92,4152859448.92
sz000551,创元科技,2010-12-03,16.8,16.88,16.26,16.8,17.18,10788754.0,178236818.6,4061003419.2,4061003419.2
sz000551,创元科技,2010-12-06,16.45,16.75,16.16,16.26,16.8,5486725.0,89825889.4,3930471166.44,3930471166.44
sz000551,创元科技,2010-12-07,16.15,16.35,15.57,16.26,16.26,4801288.0,76466415.9,3930471166.44,3930471166.44
sz000551,创元科技,2010-12-08,16.26,16.76,16.02,16.4,16.26,5223172.0,86022950.9,3964312861.6,3964312861.6
sz000551,创元科技,2010-12-09,16.39,16.54,15.7,15.79,16.4,4435424.0,71330661.3,3816859761.26,3816859761.26
sz000551,创元科技,2010-12-10,15.62,16.16,15.29,16.14,15.79,6739415.0,105255874.7,3901463999.16,3901463999.16
sz000551,创元科技,2010-12-13,16.0,16.67,15.9,16.57,16.14,5784902.0,95460900.0,4005406348.58,4005406348.58
sz000551,创元科技,2010-12-14,16.7,16.91,16.45,16.8,16.57,7459039.0,124565761.7,4061003419.2,4061003419.2
sz000551,创元科技,2010-12-15,16.79,17.2,16.64,16.94,16.8,8059909.0,136893466.4,4094845114.36,4094845114.36
sz000551,创元科技,2010-12-16,17.07,17.3,16.67,16.96,16.94,7009200.0,119261421.2,4099679642.24,4099679642.24
sz000551,创元科技,2010-12-17,17.18,17.22,16.77,17.05,16.96,4885420.0,83065320.4,4121435017.7,4121435017.7
sz000551,创元科技,2010-12-20,17.18,17.3,15.93,16.65,17.05,9611522.0,158895571.3,4024744460.1,4024744460.1
sz000551,创元科技,2010-12-21,16.63,17.48,16.41,17.36,16.65,11161104.0,189187495.0,4196370199.84,4196370199.84
sz000551,创元科技,2010-12-22,17.28,18.58,17.2,18.0,17.36,21523959.0,391599791.8,4351075092.0,4351075092.0
sz000551,创元科技,2010-12-23,17.81,18.51,17.36,17.6,18.0,9872242.0,177317852.9,4254384534.4,4254384534.4
sz000551,创元科技,2010-12-24,17.41,17.89,16.65,16.89,17.6,7945694.0,135118509.5,4082758794.66,4082758794.66
sz000551,创元科技,2010-12-27,16.88,17.98,16.58,17.04,16.89,10291729.0,179816791.2,4118593457.76,4544913400.8
sz000551,创元科技,2010-12-28,16.77,16.98,16.15,16.58,17.04,5868118.0,97407504.3,4007410770.52,4422222076.6
sz000551,创元科技,2010-12-29,16.65,16.87,16.2,16.68,16.58,3432503.0,56618893.7,4031580919.92,4448894103.6
sz000551,创元科技,2010-12-30,16.68,17.49,16.5,17.39,16.68,8486818.0,146319519.3,4203188980.66,4638265495.3
sz000551,创元科技,2010-12-31,17.22,17.58,17.22,17.37,17.39,5566387.0,96763303.3,4198354950.78,4632931089.9
sz000551,创元科技,2011-01-04,17.37,18.18,17.37,18.05,17.37,9450120.0,169186915.9,4362711966.7,4814300873.5
sz000551,创元科技,2011-01-05,18.07,18.32,17.83,18.22,18.05,7200641.0,130380690.7,4403801220.68,4859643319.4
sz000551,创元科技,2011-01-06,18.31,18.45,17.5,17.95,18.22,8669483.0,155477141.8,4338541817.3,4787628846.5
sz000551,创元科技,2011-01-07,17.93,18.17,17.53,17.65,17.95,6569270.0,117330189.1,4266031369.1,4707612765.5
sz000551,创元科技,2011-01-10,17.63,17.8,16.81,16.9,17.65,5227805.0,89979890.0,4084755248.6,4507572563.0
sz000551,创元科技,2011-01-11,16.71,16.88,16.24,16.51,16.9,5575733.0,91773169.6,3990491665.94,4403551657.7
sz000551,创元科技,2011-01-12,16.45,16.77,16.3,16.76,16.51,2712157.0,44929667.9,4050917039.44,4470231725.2
sz000551,创元科技,2011-01-13,16.7,16.93,16.61,16.64,16.76,2190789.0,36706664.7,4021912860.16,4438225292.8
sz000551,创元科技,2011-01-14,16.65,16.77,15.9,16.2,16.64,4171483.0,67295667.5,3915564202.8,4320868374.0
sz000551,创元科技,2011-01-17,16.2,16.21,15.53,15.68,16.2,3721145.0,58413028.7,3789879425.92,4182173833.6
sz000551,创元科技,2011-01-18,15.65,15.8,15.25,15.76,15.68,1681156.0,26136357.7,3809215545.44,4203511455.2
sz000551,创元科技,2011-01-19,15.73,16.38,15.7,16.33,15.76,3428535.0,55432382.7,3946985397.02,4355542009.1
sz000551,创元科技,2011-01-20,16.29,16.39,15.4,15.69,16.33,2643931.0,42064857.9,3792296440.86,4184841036.3
sz000551,创元科技,2011-01-26,15.4,16.1,14.8,15.7,15.69,3771485.0,58234563.8,3794713455.8,4187508239.0
sz000551,创元科技,2011-01-27,15.6,16.21,15.33,16.0,15.7,4306298.0,68176511.7,3867223904.0,4267524320.0
sz000551,创元科技,2011-01-28,16.0,16.07,15.75,16.01,16.0,1934961.0,30828096.4,3869640918.94,4270191522.7
sz000551,创元科技,2011-01-31,16.1,16.89,15.91,16.66,16.01,4794320.0,79733053.5,4026746890.04,4443559698.2
sz000551,创元科技,2011-02-01,16.48,16.76,16.36,16.67,16.66,3330312.0,55203793.9,4029163904.98,4446226900.9
sz000551,创元科技,2011-02-09,16.5,16.68,16.26,16.39,16.67,2157416.0,35421522.7,3961487486.66,4371545225.3
sz000551,创元科技,2011-02-10,16.39,16.56,16.03,16.55,16.39,3250581.0,52987607.3,4000159725.7,4414220468.5
sz000551,创元科技,2011-02-14,16.79,16.8,16.26,16.64,16.55,6553939.0,108116946.4,4021912860.16,4438225292.8
sz000551,创元科技,2011-02-15,16.64,17.03,16.37,16.66,16.64,6625163.0,110491713.5,4026746890.04,4443559698.2
sz000551,创元科技,2011-02-16,16.76,17.45,16.75,17.39,16.66,8893387.0,153072177.4,4203188980.66,4638265495.3
sz000551,创元科技,2011-02-17,17.39,17.49,17.1,17.4,17.39,5778490.0,99805374.4,4205605995.6,4640932698.0
sz000551,创元科技,2011-02-18,17.43,17.75,17.16,17.18,17.4,5466952.0,95304131.7,4152431666.92,4582254238.6
sz000551,创元科技,2011-02-21,17.0,17.27,16.84,17.23,17.18,6243429.0,106462968.5,4164516741.62,4595590252.1
sz000551,创元科技,2011-02-22,17.05,17.59,16.81,17.5,17.23,9960380.0,171833388.2,4229776145.0,4667604725.0
sz000551,创元科技,2011-02-23,17.39,17.59,17.1,17.49,17.5,5296890.0,91967635.3,4227359130.06,4664937522.3
sz000551,创元科技,2011-02-24,17.28,17.94,17.28,17.49,17.49,7042045.0,124451293.0,4227359130.06,4664937522.3
sz000551,创元科技,2011-02-25,17.42,17.42,16.87,17.2,17.49,5225822.0,89186285.0,4157265696.8,4587588644.0
sz000551,创元科技,2011-02-28,17.09,17.19,16.89,17.16,17.2,3919337.0,66837291.0,4147597637.04,4576919833.2
sz000551,创元科技,2011-03-01,17.27,17.4,16.8,16.99,17.16,6340441.0,107602715.1,4106508383.06,4531577387.3
sz000551,创元科技,2011-03-02,16.84,16.93,16.31,16.5,16.99,4733215.0,78558971.2,3988074651.0,4400884455.0
sz000551,创元科技,2011-03-03,16.55,16.66,16.18,16.23,16.5,5847401.0,95831128.9,3922815247.62,4328869982.1
sz000551,创元科技,2011-03-04,16.49,16.65,16.23,16.6,16.23,2798109.0,46105320.7,4012244800.4,4427556482.0
sz000551,创元科技,2011-03-07,16.52,16.77,16.45,16.73,16.6,4064072.0,67432059.9,4043665994.62,4462230117.1
sz000551,创元科技,2011-03-08,16.74,16.75,16.49,16.6,16.73,3310021.0,54887017.2,4012244800.4,4427556482.0
sz000551,创元科技,2011-03-09,16.6,16.75,16.56,16.74,16.6,2896420.0,48229083.9,4046083009.56,4464897319.8
sz000551,创元科技,2011-03-10,16.75,16.79,16.3,16.52,16.74,3853163.0,63551223.9,3992908680.88,4406218860.4
sz000551,创元科技,2011-03-11,16.52,16.75,16.35,16.5,16.52,3708399.0,61405772.8,3988074651.0,4400884455.0
sz000551,创元科技,2011-03-14,16.49,17.01,16.45,16.99,16.5,6042744.0,101587288.9,4106508383.06,4531577387.3
sz000551,创元科技,2011-03-15,16.94,16.99,16.35,16.77,16.99,4269565.0,70921076.3,4053334054.38,4472898927.9
sz000551,创元科技,2011-03-16,16.64,17.2,16.48,17.1,16.77,6500221.0,110584471.9,4133095547.4,4560916617.0
sz000551,创元科技,2011-03-18,17.0,17.2,16.72,17.09,17.1,4605762.0,78152655.0,4130678532.46,4558249414.3
sz000551,创元科技,2011-03-21,17.11,17.38,17.0,17.31,17.09,6731155.0,115866831.5,4183852861.14,4616927873.7
sz000551,创元科技,2011-03-22,17.29,17.3,16.93,17.1,17.31,4197378.0,71800063.2,4133521337.4,4560916617.0
sz000551,创元科技,2011-03-23,17.3,17.36,17.02,17.25,17.1,4507141.0,77610957.0,4169780296.5,4600924657.5
sz000551,创元科技,2011-03-24,17.32,17.79,17.3,17.36,17.25,9926884.0,174452112.8,4196370199.84,4630263887.2
sz000551,创元科技,2011-03-25,17.2,17.35,17.05,17.1,17.36,6056996.0,103889687.0,4133521337.4,4560916617.0
sz000551,创元科技,2011-03-28,17.11,17.2,16.63,16.86,17.1,7312971.0,122991897.4,4075507002.84,4496903752.2
sz000551,创元科技,2011-03-29,16.71,16.94,16.3,16.5,16.86,5024630.0,83183865.5,3988485501.0,4400884455.0
sz000551,创元科技,2011-03-30,16.35,16.61,16.22,16.42,16.5,3503131.0,57474948.6,3969147389.48,4379546833.4
sz000551,创元科技,2011-03-31,16.42,16.52,16.03,16.38,16.42,3854195.0,62693146.3,3959478333.72,4368878022.6
sz000551,创元科技,2011-04-01,16.29,16.44,16.16,16.39,16.38,2346321.0,38145230.7,3961895597.66,4371545225.3
sz000551,创元科技,2011-04-06,16.35,16.35,16.08,16.2,16.39,1986820.0,32161067.2,3915967582.8,4320868374.0
sz000551,创元科技,2011-04-07,16.19,16.46,15.98,16.43,16.2,2258737.0,36671568.5,3971564653.42,4382214036.1
sz000551,创元科技,2011-04-08,16.44,16.54,16.27,16.51,16.43,2297163.0,37771364.4,3990902764.94,4403551657.7
sz000551,创元科技,2011-04-11,16.55,16.6,16.12,16.21,16.51,2896502.0,47393927.8,3918384846.74,4323535576.7
sz000551,创元科技,2011-04-13,16.48,16.48,16.2,16.36,16.21,1488736.0,24343944.3,3954643805.84,4363543617.2
sz000551,创元科技,2011-04-14,16.46,16.47,16.07,16.27,16.36,2262390.0,36689894.9,3932888430.38,4339538792.9
sz000551,创元科技,2011-04-15,16.23,16.23,15.55,16.07,16.27,7245538.0,114673668.9,3884543151.58,4286194738.9
sz000551,创元科技,2011-04-18,15.9,16.05,15.85,15.98,16.07,1797561.0,28684146.4,3862787776.12,4262189914.6
sz000551,创元科技,2011-04-19,15.98,15.99,15.68,15.69,15.98,2138351.0,33732616.1,3792687121.86,4184841036.3
sz000551,创元科技,2011-04-20,15.66,15.95,15.63,15.93,15.69,4202130.0,66440957.1,3850701456.42,4248853901.1
sz000551,创元科技,2011-04-21,15.95,16.17,15.83,16.02,15.93,2093621.0,33602302.7,3872456831.88,4272858725.4
sz000551,创元科技,2011-04-22,16.02,16.16,15.9,16.01,16.02,1790968.0,28653489.9,3870039567.94,4270191522.7
sz000551,创元科技,2011-04-25,15.97,16.3,15.7,16.1,16.01,3245380.0,52078064.5,3891794943.4,4294196347.0
sz000551,创元科技,2011-04-26,16.1,16.26,15.71,15.9,16.1,1341430.0,21352038.3,3843449664.6,4240852293.0
sz000551,创元科技,2011-04-27,15.91,16.07,15.3,15.59,15.9,5171920.0,80913733.7,3768514482.46,4158169009.3
sz000551,创元科技,2011-04-28,15.74,15.81,15.42,15.62,15.59,4235593.0,66250222.3,3775766274.28,4166170617.4
sz000551,创元科技,2011-04-29,15.62,15.8,15.51,15.7,15.62,2172254.0,33978609.6,3795104385.8,4187508239.0
sz000551,创元科技,2011-05-03,15.7,15.95,15.4,15.8,15.7,2316867.0,36322114.6,3819277025.2,4214180266.0
sz000551,创元科技,2011-05-04,15.79,15.79,15.42,15.65,15.8,1439712.0,22398069.3,3783018066.1,4174172225.5
sz000551,创元科技,2011-05-05,15.46,15.7,15.42,15.58,15.65,2264363.0,35095805.0,3766097218.52,4155501806.6
sz000551,创元科技,2011-05-06,15.44,16.2,15.36,15.89,15.58,5042313.0,80341745.9,3841032400.66,4238185090.3
sz000551,创元科技,2011-05-09,15.89,16.09,15.81,15.92,15.89,1246599.0,19913719.4,3848284192.48,4246186698.4
sz000551,创元科技,2011-05-10,15.93,15.93,15.66,15.77,15.92,1156665.0,18195786.1,3812025233.38,4206178657.9
sz000551,创元科技,2011-05-11,15.77,15.77,15.4,15.6,15.77,1550296.0,24149078.4,3770931746.4,4160836212.0
sz000551,创元科技,2011-05-12,15.5,15.6,15.1,15.15,15.6,1925674.0,29587362.4,3662154869.1,4040812090.5
sz000551,创元科技,2011-05-13,15.11,15.38,15.11,15.31,15.15,1494832.0,22776011.5,3700831092.14,4083487333.7
sz000551,创元科技,2011-05-16,15.3,15.4,15.18,15.37,15.31,1497096.0,22884943.1,3715334675.78,4099490549.9
sz000551,创元科技,2011-05-17,15.31,15.45,15.15,15.41,15.37,1449617.0,22177168.4,3725003731.54,4110159360.7
sz000551,创元科技,2011-05-18,15.38,15.52,15.28,15.5,15.41,898328.0,13860403.9,3746759107.0,4134164185.0
sz000551,创元科技,2011-05-19,15.52,15.58,15.39,15.52,15.5,2881030.0,44672549.7,3751593634.88,4139498590.4
sz000551,创元科技,2011-05-20,15.5,15.56,15.19,15.48,15.52,2015608.0,30958987.4,3741924579.12,4128829779.6
sz000551,创元科技,2011-05-23,15.45,15.49,14.0,14.96,15.48,3569378.0,53493899.4,3616226854.24,3990135239.2
sz000551,创元科技,2011-05-24,14.94,14.94,14.13,14.7,14.96,1952636.0,28200445.6,3553377991.8,3920787969.0
sz000551,创元科技,2011-05-25,14.52,14.55,14.03,14.22,14.7,2249305.0,32130600.2,3437349322.68,3792762239.4
sz000551,创元科技,2011-05-26,14.3,14.44,13.78,13.79,14.22,1637900.0,23012910.6,3333406973.26,3678072523.3
sz000551,创元科技,2011-05-27,13.75,14.09,12.8,13.18,13.79,3243969.0,43995680.1,3185953872.92,3515373158.6
sz000551,创元科技,2011-05-30,13.18,13.23,12.85,12.85,13.18,1360906.0,17783028.8,3106184162.9,3427355469.5
sz000551,创元科技,2011-05-31,12.86,13.12,12.85,13.1,12.85,960231.0,12438766.7,3166615761.4,3494035537.0
sz000551,创元科技,2011-06-01,13.12,13.2,12.92,13.15,13.1,1154473.0,15075143.5,3178702081.1,3507371550.5
sz000551,创元科技,2011-06-02,12.98,13.22,12.91,13.08,13.15,1171071.0,15311727.0,3161781233.52,3488701131.6
sz000551,创元科技,2011-06-03,13.15,13.68,13.08,13.6,13.08,3027360.0,40957283.3,3287478958.4,3627395672.0
sz000551,创元科技,2011-06-07,13.48,13.98,13.45,13.8,13.6,1288766.0,17771390.6,3335824237.2,3680739726.0
sz000551,创元科技,2011-06-08,13.8,13.93,13.51,13.83,13.8,1041384.0,14371363.5,3343076029.02,3688741334.1
sz000551,创元科技,2011-06-09,13.84,13.98,13.41,13.46,13.83,1480384.0,20302757.0,3253637263.24,3590054834.2
sz000551,创元科技,2011-06-10,13.63,13.92,13.16,13.64,13.46,1582484.0,21423312.8,3297148014.16,3638064482.8
sz000551,创元科技,2011-06-13,13.64,13.71,13.41,13.5,13.64,1367080.0,18522892.2,3263306319.0,3600723645.0
sz000551,创元科技,2011-06-14,13.6,13.92,13.53,13.8,13.5,3700084.0,51000116.6,3335824237.2,3680739726.0
sz000551,创元科技,2011-06-15,13.6,13.82,13.56,13.61,13.8,1074372.0,14689921.4,3289896222.34,3630062874.7
sz000551,创元科技,2011-06-16,13.49,13.64,13.0,13.0,13.61,1295958.0,17143471.3,3142443122.0,3467363510.0
sz000551,创元科技,2011-06-17,12.99,13.44,12.85,13.29,13.0,1770143.0,23189975.3,3212543776.26,3544712388.3
sz000551,创元科技,2011-06-20,13.2,13.5,13.2,13.48,13.29,1185294.0,15848527.8,3258471791.12,3595389239.6
sz000551,创元科技,2011-06-21,13.75,13.9,13.44,13.75,13.48,2180019.0,29719712.8,3323737917.5,3667403712.5
sz000551,创元科技,2011-06-22,13.7,13.75,13.48,13.58,13.75,1081916.0,14693218.0,3282644430.52,3622061266.6
sz000551,创元科技,2011-06-23,13.5,13.83,13.32,13.73,13.58,1229320.0,16734263.0,3318903389.62,3662069307.1
sz000551,创元科技,2011-06-24,13.74,14.33,13.63,14.12,13.73,2791502.0,39220076.7,3413176683.28,3766090212.4
sz000551,创元科技,2011-06-27,14.19,14.48,14.06,14.32,14.12,3922908.0,56127270.6,3461521962.08,3819434266.4
sz000551,创元科技,2011-06-28,14.4,14.5,14.16,14.44,14.32,2043266.0,29338623.2,3490529129.36,3851440698.8
sz000551,创元科技,2011-06-29,14.35,14.5,14.2,14.3,14.44,1483601.0,21306232.2,3456687434.2,3814099861.0
sz000551,创元科技,2011-06-30,14.22,14.59,14.22,14.51,14.3,2168327.0,31390317.1,3507449976.94,3870111117.7
sz000551,创元科技,2011-07-01,14.51,14.75,14.45,14.69,14.51,2909721.0,42629023.0,3550960727.86,3918120766.3
sz000551,创元科技,2011-07-04,14.73,15.11,14.73,15.0,14.69,4394325.0,65791100.5,3625895910.0,4000804050.0
sz000551,创元科技,2011-07-05,15.03,15.34,14.74,15.13,15.0,6056990.0,90934816.1,3657320341.22,4035477685.1
sz000551,创元科技,2011-07-06,15.06,15.06,14.8,14.99,15.13,2469010.0,36897290.4,3623478646.06,3998136847.3
sz000551,创元科技,2011-07-07,14.95,15.15,14.9,15.05,14.99,3932173.0,59134413.0,3637982229.7,4014140063.5
sz000551,创元科技,2011-07-08,14.95,15.22,14.9,15.07,15.05,2759615.0,41696316.2,3642816757.58,4019474468.9
sz000551,创元科技,2011-07-11,15.01,15.26,14.95,15.08,15.07,2416889.0,36505860.9,3645234021.52,4022141671.6
sz000551,创元科技,2011-07-12,15.04,15.04,14.7,14.8,15.08,2600277.0,38518927.9,3577550631.2,3947459996.0
sz000551,创元科技,2011-07-13,14.79,15.02,14.7,14.96,14.8,1704328.0,25448538.8,3616226854.24,3990135239.2
sz000551,创元科技,2011-07-14,14.96,15.23,14.96,15.14,14.96,2295911.0,34758363.8,3659737605.16,4038144887.8
sz000551,创元科技,2011-07-15,15.09,15.71,15.07,15.54,15.14,4761776.0,73816510.8,3756428162.76,4144832995.8
sz000551,创元科技,2011-07-18,15.45,15.8,15.37,15.4,15.54,2598722.0,40412016.6,3722586467.6,4107492158.0
sz000551,创元科技,2011-07-19,15.35,15.43,15.0,15.27,15.4,2282664.0,34707281.2,3691162036.38,4072818522.9
sz000551,创元科技,2011-07-20,15.3,15.66,15.29,15.55,15.27,3579261.0,55481776.8,3758845426.7,4147500198.5
sz000551,创元科技,2011-07-21,15.42,15.68,15.34,15.4,15.55,2099010.0,32545748.1,3722586467.6,4107492158.0
sz000551,创元科技,2011-07-22,15.36,15.64,15.17,15.47,15.4,1953570.0,30305303.0,3739507315.18,4126162576.9
sz000551,创元科技,2011-07-25,15.43,15.45,14.88,15.0,15.47,2941571.0,44496449.5,3625895910.0,4000804050.0
sz000551,创元科技,2011-07-26,15.1,15.3,14.9,15.24,15.0,4180056.0,63288903.6,3683910244.56,4064816914.8
sz000551,创元科技,2011-07-27,15.16,15.31,15.06,15.2,15.24,2701407.0,41035132.3,3674241188.8,4054148104.0
sz000551,创元科技,2011-07-28,15.05,15.08,14.85,14.92,15.2,2229957.0,33359949.3,3606557798.48,3979466428.4
sz000551,创元科技,2011-07-29,14.98,15.15,14.82,14.84,14.92,2077775.0,31095180.4,3587219686.96,3958128806.8
sz000551,创元科技,2011-08-01,14.82,15.11,14.45,14.95,14.84,2804291.0,41285588.5,3613809590.3,3987468036.5
sz000551,创元科技,2011-08-02,14.83,15.05,14.8,14.94,14.95,1720522.0,25713020.3,3611392326.36,3984800833.8
sz000551,创元科技,2011-08-03,14.82,15.03,14.76,15.01,14.94,827595.0,12390981.0,3628313173.94,4003471252.7
sz000551,创元科技,2011-08-04,15.28,15.28,14.89,14.97,15.01,1111013.0,16746268.8,3618644118.18,3992802441.9
sz000551,创元科技,2011-08-05,14.6,14.99,14.5,14.83,14.97,1842135.0,27364554.0,3584802423.02,3955461604.1
sz000551,创元科技,2011-08-08,14.61,14.82,14.08,14.15,14.83,5154287.0,74932991.5,3420428475.1,3774091820.5
sz000551,创元科技,2011-08-09,14.08,14.24,13.66,14.1,14.15,2353349.0,32989193.6,3408342155.4,3760755807.0
sz000551,创元科技,2011-08-10,14.36,14.58,13.74,14.1,14.1,4180754.0,59090100.4,3408342155.4,3760755807.0
sz000551,创元科技,2011-08-11,13.7,14.34,13.7,14.21,14.1,3817574.0,53945514.6,3434932058.74,3790095036.7
sz000551,创元科技,2011-08-12,14.24,14.53,14.2,14.27,14.21,2761103.0,39750716.5,3449435642.38,3806098252.9
sz000551,创元科技,2011-08-15,14.35,14.62,14.35,14.55,14.27,1935487.0,28085556.3,3517119032.7,3880779928.5
sz000551,创元科技,2011-08-16,14.6,14.65,14.36,14.42,14.55,2092932.0,30235550.7,3485694601.48,3846106293.4
sz000551,创元科技,2011-08-17,14.42,14.56,14.18,14.34,14.42,1633426.0,23335108.0,3466356489.96,3824768671.8
sz000551,创元科技,2011-08-18,14.34,14.36,14.18,14.18,14.34,1368701.0,19503017.4,3427680266.92,3782093428.6
sz000551,创元科技,2011-08-19,13.91,14.4,13.84,14.35,14.18,2871923.0,40379115.7,3468773753.9,3827435874.5
sz000551,创元科技,2011-08-22,14.44,14.45,14.08,14.14,14.35,1603460.0,22835969.0,3418011211.16,3771424617.8
sz000551,创元科技,2011-08-23,14.23,14.23,14.05,14.21,14.14,945691.0,13378260.2,3434932058.74,3790095036.7
sz000551,创元科技,2011-08-24,14.23,14.75,14.23,14.42,14.21,3599482.0,52366112.6,3485694601.48,3846106293.4
sz000551,创元科技,2011-08-25,14.44,14.75,14.37,14.75,14.42,3008496.0,43855695.1,3565464311.5,3934123982.5
sz000551,创元科技,2011-08-26,14.59,14.77,14.59,14.68,14.75,1090395.0,16034657.6,3548543463.92,3915453563.6
sz000551,创元科技,2011-08-29,14.65,14.65,14.44,14.54,14.68,1451063.0,21048545.9,3514701768.76,3878112725.8
sz000551,创元科技,2011-08-30,14.6,14.64,14.43,14.48,14.54,1678932.0,24418747.0,3500198185.12,3862109509.6
sz000551,创元科技,2011-08-31,14.5,14.55,14.3,14.54,14.48,2792166.0,40349858.7,3514701768.76,3878112725.8
sz000551,创元科技,2011-09-01,14.56,14.59,14.08,14.5,14.54,1037217.0,14982646.7,3505032713.0,3867443915.0
sz000551,创元科技,2011-09-02,14.45,14.49,14.09,14.33,14.5,1539925.0,21889817.6,3463939226.02,3822101469.1
sz000551,创元科技,2011-09-05,14.12,14.19,14.02,14.04,14.33,995422.0,14026390.7,3393838571.76,3744752590.8
sz000551,创元科技,2011-09-06,14.05,14.09,13.86,13.86,14.04,795940.0,11100016.8,3350327820.84,3696742942.2
sz000551,创元科技,2011-09-07,13.99,14.27,13.88,14.24,13.86,922134.0,13006306.8,3442183850.56,3798096644.8
sz000551,创元科技,2011-09-08,14.24,14.38,14.16,14.24,14.24,851933.0,12188758.7,3442183850.56,3798096644.8
sz000551,创元科技,2011-09-09,14.25,14.39,14.15,14.28,14.24,1181587.0,16854869.4,3451852906.32,3808765455.6
sz000551,创元科技,2011-09-13,14.22,14.22,13.9,14.2,14.28,1416223.0,19888275.6,3432514794.8,3787427834.0
sz000551,创元科技,2011-09-14,14.18,14.26,13.97,14.26,14.2,812004.0,11469291.6,3447018378.44,3803431050.2
sz000551,创元科技,2011-09-15,14.28,14.3,14.16,14.21,14.26,453246.0,6450063.3,3434932058.74,3790095036.7
sz000551,创元科技,2011-09-16,14.22,14.35,14.1,14.2,14.21,754261.0,10741308.0,3432514794.8,3787427834.0
sz000551,创元科技,2011-09-19,14.21,14.21,13.85,13.9,14.2,859087.0,12001655.0,3359996876.6,3707411753.0
sz000551,创元科技,2011-09-20,14.0,14.14,13.68,13.87,13.9,1127121.0,15562751.6,3352745084.78,3699410144.9
sz000551,创元科技,2011-09-21,13.8,14.31,13.8,14.24,13.87,1140208.0,16136606.4,3442183850.56,3798096644.8
sz000551,创元科技,2011-09-22,14.15,14.15,13.8,13.8,14.24,1009471.0,14069026.3,3335824237.2,3680739726.0
sz000551,创元科技,2011-09-23,13.68,13.86,13.6,13.78,13.8,472201.0,6484994.7,3330989709.32,3675405320.6
sz000551,创元科技,2011-09-26,13.78,13.92,13.33,13.33,13.78,1040100.0,14156733.0,3222212832.02,3555381199.1
sz000551,创元科技,2011-09-27,13.48,13.55,12.97,13.09,13.33,1597876.0,21024544.2,3164198497.46,3491368334.3
sz000551,创元科技,2011-09-28,13.17,13.17,12.55,12.79,13.09,1274601.0,16391008.6,3091680579.26,3411352253.3
sz000551,创元科技,2011-09-29,12.51,12.77,12.51,12.63,12.79,1127453.0,14232909.8,3053004356.22,3368677010.1
sz000551,创元科技,2011-09-30,12.64,12.74,12.45,12.65,12.63,529750.0,6683297.2,3057838884.1,3374011415.5
sz000551,创元科技,2011-10-10,12.8,12.82,12.61,12.61,12.65,539423.0,6849013.2,3048169828.34,3363342604.7
sz000551,创元科技,2011-10-11,12.9,12.92,12.55,12.57,12.61,647091.0,8216333.3,3038500772.58,3352673793.9
sz000551,创元科技,2011-10-12,12.57,13.02,12.4,12.95,12.57,1175653.0,15111640.5,3130356802.3,3454027496.5
sz000551,创元科技,2011-10-13,12.9,13.15,12.87,12.97,12.95,1058376.0,13763647.6,3135191330.18,3459361901.9
sz000551,创元科技,2011-10-14,12.91,13.07,12.9,13.04,12.97,893135.0,11620442.1,3152112177.76,3478032320.8
sz000551,创元科技,2011-10-17,13.1,13.25,13.02,13.24,13.04,918946.0,12073501.4,3200457456.56,3531376374.8
sz000551,创元科技,2011-10-18,13.17,13.22,12.8,12.81,13.24,793650.0,10357148.9,3096515107.14,3416686658.7
sz000551,创元科技,2011-10-19,12.84,12.9,12.53,12.89,12.81,1026309.0,13058446.6,3115853218.66,3438024280.3
sz000551,创元科技,2011-10-20,12.76,12.89,12.2,12.43,12.89,1636001.0,20344039.6,3004659077.42,3315332956.1
sz000551,创元科技,2011-10-21,12.43,12.55,12.04,12.39,12.43,1117051.0,13740100.5,2994990021.66,3304664145.3
sz000551,创元科技,2011-10-24,12.36,12.7,12.3,12.64,12.39,879261.0,10978490.9,3055421620.16,3371344212.8
sz000551,创元科技,2011-10-25,12.63,12.87,12.55,12.84,12.64,819269.0,10442283.0,3103766898.96,3424688266.8
sz000551,创元科技,2011-10-26,12.74,13.78,12.74,13.51,12.84,2445111.0,32871533.4,3265723582.94,3603390847.7
sz000551,创元科技,2011-10-27,13.51,13.76,13.41,13.58,13.51,1523431.0,20763550.6,3282644430.52,3622061266.6
sz000551,创元科技,2011-10-28,13.65,13.97,13.65,13.73,13.58,2319879.0,32039549.2,3318903389.62,3662069307.1
sz000551,创元科技,2011-10-31,13.73,14.21,13.73,14.08,13.73,3090760.0,43430251.4,3403507627.52,3755421401.6
sz000551,创元科技,2011-11-01,13.98,14.3,13.9,14.2,14.08,2343957.0,33134439.6,3432514794.8,3787427834.0
sz000551,创元科技,2011-11-02,14.11,14.5,14.0,14.4,14.2,4546893.0,64982018.3,3480860073.6,3840771888.0
sz000551,创元科技,2011-11-03,14.4,15.17,14.4,14.85,14.4,6858863.0,102153192.0,3589636950.9,3960796009.5
sz000551,创元科技,2011-11-04,14.82,15.1,14.67,15.0,14.85,5581899.0,83050223.3,3625895910.0,4000804050.0
sz000551,创元科技,2011-11-07,15.0,15.09,14.71,14.95,15.0,2077607.0,30973132.7,3613809590.3,3987468036.5
sz000551,创元科技,2011-11-08,14.9,14.99,14.5,14.89,14.95,3488659.0,51311760.8,3599306006.66,3971464820.3
sz000551,创元科技,2011-11-09,14.8,15.09,14.79,15.02,14.89,2864661.0,42916443.9,3630730437.88,4006138455.4
sz000551,创元科技,2011-11-10,14.8,15.08,14.8,14.9,15.02,2408751.0,36000893.5,3601723270.6,3974132023.0
sz000551,创元科技,2011-11-11,14.9,15.03,14.84,14.99,14.9,1518395.0,22706691.4,3623478646.06,3998136847.3
sz000551,创元科技,2011-11-14,15.09,15.15,14.87,14.98,14.99,2329530.0,34974050.2,3621061382.12,3995469644.6
sz000551,创元科技,2011-11-15,14.95,15.2,14.89,15.09,14.98,2215667.0,33289958.1,3647651285.46,4024808874.3
sz000551,创元科技,2011-11-16,15.1,15.22,14.7,14.79,15.09,1804082.0,26978768.2,3575133367.26,3944792793.3
sz000551,创元科技,2011-11-17,14.9,15.34,14.85,15.14,14.79,4185214.0,63338690.3,3659737605.16,4038144887.8
sz000551,创元科技,2011-11-18,15.1,15.32,14.88,14.98,15.14,2806002.0,42352716.9,3621061382.12,3995469644.6
sz000551,创元科技,2011-11-21,14.98,15.08,14.55,15.08,14.98,3541786.0,52778232.7,3645234021.52,4022141671.6
sz000551,创元科技,2011-11-22,15.03,15.15,14.85,15.04,15.08,2444785.0,36737215.7,3635564965.76,4011472860.8
sz000551,创元科技,2011-11-23,15.0,15.07,14.85,14.92,15.04,1027600.0,15372106.9,3606557798.48,3979466428.4
sz000551,创元科技,2011-11-24,14.86,14.97,14.2,14.85,14.92,3593231.0,52653924.8,3589636950.9,3960796009.5
sz000551,创元科技,2011-11-25,14.81,14.86,14.38,14.64,14.85,1655963.0,24049241.0,3538874408.16,3904784752.8
sz000551,创元科技,2011-11-28,14.98,14.98,14.42,14.42,14.64,2167738.0,32103409.9,3485694601.48,3846106293.4
sz000551,创元科技,2011-11-29,14.5,14.52,13.8,13.85,14.42,4619496.0,64659702.9,3347910556.9,3694075739.5
sz000551,创元科技,2011-11-30,13.81,13.84,12.9,13.09,13.85,3313603.0,43951398.2,3164198497.46,3491368334.3
sz000551,创元科技,2011-12-01,13.42,13.75,13.26,13.59,13.09,3591598.0,48405251.2,3285061694.46,3624728469.3
sz000551,创元科技,2011-12-02,13.3,13.65,13.3,13.43,13.59,884072.0,11903784.1,3246385471.42,3582053226.1
sz000551,创元科技,2011-12-05,13.41,13.52,12.97,13.03,13.43,918311.0,12029843.0,3149694913.82,3475365118.1
sz000551,创元科技,2011-12-06,13.1,13.27,12.66,13.2,13.03,1026826.0,13341088.4,3190788400.8,3520707564.0
sz000551,创元科技,2011-12-07,13.4,13.4,13.02,13.07,13.2,948906.0,12504111.7,3159363969.58,3486033928.9
sz000551,创元科技,2011-12-08,12.95,13.18,12.89,12.96,13.07,1489676.0,19394410.3,3132774066.24,3456694699.2
sz000551,创元科技,2011-12-09,12.96,13.09,12.84,13.0,12.96,1208517.0,15701637.4,3142443122.0,3467363510.0
sz000551,创元科技,2011-12-12,12.95,13.14,12.88,12.89,13.0,932095.0,12129849.6,3115853218.66,3438024280.3
sz000551,创元科技,2011-12-13,12.89,12.89,12.08,12.19,12.89,1404685.0,17275403.5,2946644742.86,3251320091.3
sz000551,创元科技,2011-12-14,12.12,12.23,11.44,11.44,12.19,1695051.0,19982101.2,2765349947.36,3051279888.8
sz000551,创元科技,2011-12-15,11.44,11.48,10.8,10.8,11.44,2262532.0,24953213.0,2610645055.2,2880578916.0
sz000551,创元科技,2011-12-16,10.93,10.99,9.85,10.73,10.8,4657765.0,48503209.9,2593724207.62,2861908497.1
sz000551,创元科技,2011-12-19,10.56,10.58,10.1,10.4,10.73,3380484.0,34769018.2,2513954497.6,2773890808.0
sz000551,创元科技,2011-12-20,10.48,10.89,10.42,10.61,10.4,4914738.0,52533238.9,2564717040.34,2829902064.7
sz000551,创元科技,2011-12-21,10.87,10.87,10.2,10.25,10.61,3224542.0,34328684.3,2477695538.5,2733882767.5
sz000551,创元科技,2011-12-22,10.25,10.33,9.45,9.69,10.25,6008452.0,58445933.2,2342328757.86,2584519416.3
sz000551,创元科技,2011-12-23,9.7,9.88,9.58,9.78,9.69,3134081.0,30557424.7,2364084133.32,2608524240.6
sz000551,创元科技,2011-12-26,9.77,9.77,9.35,9.51,9.78,2094074.0,20023456.5,2298818006.94,2536509767.7
sz000551,创元科技,2011-12-27,9.52,9.54,8.9,9.0,9.51,2084956.0,19085983.3,2175537546.0,2400482430.0
sz000551,创元科技,2011-12-28,8.99,8.99,8.35,8.8,9.0,3978412.0,34057373.3,2273016539.2,2347138376.0
sz000551,创元科技,2011-12-29,8.71,8.88,8.62,8.78,8.8,1805536.0,15834951.0,2267850592.52,2341803970.6
sz000551,创元科技,2011-12-30,8.78,9.05,8.78,8.96,8.78,3015795.0,26931695.8,2314344112.64,2389813619.2
sz000551,创元科技,2012-01-04,9.03,9.05,8.53,8.72,8.96,1486475.0,13127749.0,2252352752.48,2325800754.4
sz000551,创元科技,2012-01-05,8.58,8.7,7.9,8.01,8.72,2308095.0,19096585.8,2068961645.34,2136429362.7
sz000551,创元科技,2012-01-06,8.08,8.15,7.81,8.05,8.01,2022461.0,16093637.7,2079293538.7,2147098173.5
sz000551,创元科技,2012-01-09,8.06,8.79,8.03,8.7,8.05,3582945.0,30213918.6,2247186805.8,2320466349.0
sz000551,创元科技,2012-01-10,8.62,9.18,8.6,9.06,8.7,6152569.0,55266233.1,2340173846.04,2416485646.2
sz000551,创元科技,2012-01-11,9.04,9.45,9.02,9.17,9.06,3845325.0,35400529.2,2368586552.78,2445824875.9
sz000551,创元科技,2012-01-12,9.16,9.45,9.08,9.29,9.17,2806522.0,26184043.9,2399582232.86,2477831308.3
sz000551,创元科技,2012-01-13,9.21,9.3,8.69,8.7,9.29,3469674.0,30999435.9,2247186805.8,2320466349.0
sz000551,创元科技,2012-01-16,8.6,8.6,8.17,8.19,8.7,2254500.0,18911375.8,2115455165.46,2184439011.3
sz000551,创元科技,2012-01-17,8.19,8.68,8.16,8.59,8.19,8134792.0,69035530.1,2218774099.06,2291127119.3
sz000551,创元科技,2012-01-18,8.6,8.9,8.6,8.65,8.59,8718611.0,75849587.7,2234271939.1,2307130335.5
sz000551,创元科技,2012-01-19,8.64,8.64,8.21,8.45,8.65,6150896.0,51699080.4,2182612472.3,2253786281.5
sz000551,创元科技,2012-01-20,8.46,8.65,8.38,8.57,8.45,3083201.0,26282700.0,2213608152.38,2285792713.9
sz000551,创元科技,2012-01-30,8.6,8.71,8.51,8.59,8.57,3559470.0,30634072.9,2218774099.06,2291127119.3
sz000551,创元科技,2012-01-31,8.5,8.57,8.13,8.23,8.59,4884921.0,40284309.1,2125787058.82,2195107822.1
sz000551,创元科技,2012-02-01,8.2,8.37,8.15,8.17,8.23,3189265.0,26261537.9,2110289218.78,2179104605.9
sz000551,创元科技,2012-02-02,8.19,8.34,8.13,8.34,8.17,3620014.0,29784187.6,2154199765.56,2224447051.8
sz000551,创元科技,2012-02-03,8.33,9.17,8.28,9.17,8.34,23191177.0,205051369.7,2368586552.78,2445824875.9
sz000551,创元科技,2012-02-06,9.02,9.23,9.01,9.07,9.17,16290774.0,148387096.3,2342756819.38,2419152848.9
sz000551,创元科技,2012-02-07,9.03,9.55,8.98,9.47,9.07,19246749.0,178891329.6,2446075752.98,2525840956.9
sz000551,创元科技,2012-02-08,9.3,9.64,9.25,9.57,9.47,14658324.0,138287572.3,2471905486.38,2552512983.9
sz000551,创元科技,2012-02-09,9.58,9.9,9.46,9.53,9.57,15481110.0,149032744.4,2461573593.02,2541844173.1
sz000551,创元科技,2012-02-10,9.46,9.7,9.41,9.54,9.53,9431376.0,89923877.1,2464156566.36,2544511375.8
sz000551,创元科技,2012-02-13,9.41,10.24,9.35,9.98,9.54,15484108.0,152664294.2,2577807393.32,2661868294.6
sz000551,创元科技,2012-02-14,9.99,9.99,9.75,9.8,9.98,8909942.0,87437083.0,2531313873.2,2613858646.0
sz000551,创元科技,2012-02-15,9.82,9.95,9.77,9.95,9.8,10325234.0,101754844.1,2570058473.3,2653866686.5
sz000551,创元科技,2012-02-16,9.95,10.23,9.69,9.93,9.95,10723250.0,106850565.2,2564892526.62,2648532281.1
sz000551,创元科技,2012-02-17,9.91,9.99,9.57,9.7,9.93,9060483.0,87968301.3,2505484139.8,2587186619.0
sz000551,创元科技,2012-02-20,9.86,10.0,9.68,9.8,9.7,8598573.0,84454376.7,2531313873.2,2613858646.0
sz000551,创元科技,2012-02-21,9.79,10.13,9.72,10.12,9.8,9487728.0,94066215.0,2613969020.08,2699209132.4
sz000551,创元科技,2012-02-22,10.13,10.3,9.99,10.24,10.12,10698927.0,108818793.0,2644964700.16,2731215564.8
sz000551,创元科技,2012-02-23,10.25,10.27,10.0,10.12,10.24,10503906.0,106276214.9,2613969020.08,2699209132.4
sz000551,创元科技,2012-02-24,10.12,10.36,10.03,10.34,10.12,11127160.0,113403357.0,2670794433.56,2757887591.8
sz000551,创元科技,2012-02-27,10.39,10.54,10.2,10.2,10.34,11196560.0,116050570.5,2634632806.8,2720546754.0
sz000551,创元科技,2012-02-28,10.17,10.18,9.88,9.96,10.2,9470906.0,94676036.1,2572641446.64,2656533889.2
sz000551,创元科技,2012-02-29,10.0,10.05,9.83,9.85,9.96,4931355.0,48945542.0,2544228739.9,2627194659.5
sz000551,创元科技,2012-03-01,9.98,10.84,9.91,10.55,9.85,24498012.0,259683532.5,2725036873.7,2813898848.5
sz000551,创元科技,2012-03-02,10.45,10.76,10.35,10.7,10.55,12914885.0,136396597.5,2763781473.8,2853906889.0
sz000551,创元科技,2012-03-05,10.7,10.96,10.66,10.66,10.7,10492132.0,113315576.3,2753449580.44,2843238078.2
sz000551,创元科技,2012-03-06,10.65,10.85,10.45,10.77,10.66,8506028.0,90634460.0,2781862287.18,2872577307.9
sz000551,创元科技,2012-03-07,10.6,10.81,10.49,10.5,10.77,6861237.0,73031069.3,2712122007.0,2800562835.0
sz000551,创元科技,2012-03-09,10.7,10.8,10.47,10.74,10.5,7319844.0,77985109.2,2774113367.16,2864575699.8
sz000551,创元科技,2012-03-12,10.8,10.92,10.56,10.8,10.74,6497888.0,69750858.4,2789611207.2,2880578916.0
sz000551,创元科技,2012-03-13,10.76,10.94,10.64,10.93,10.8,7096161.0,76599910.9,2823189860.62,2915252551.1
sz000551,创元科技,2012-03-14,11.0,11.04,10.14,10.21,10.93,11076358.0,117930531.6,2637215780.14,2723213956.7
sz000551,创元科技,2012-03-15,10.19,10.31,9.82,9.88,10.21,6997000.0,70276205.9,2551977659.92,2635196267.6
sz000551,创元科技,2012-03-16,9.94,10.27,9.9,10.2,9.88,5918007.0,59930213.7,2634632806.8,2720546754.0
sz000551,创元科技,2012-03-19,10.28,10.64,10.13,10.56,10.2,6988422.0,72745668.4,2727619847.04,2816566051.2
sz000551,创元科技,2012-03-20,10.5,10.5,10.06,10.1,10.56,10242188.0,104876176.9,2608803073.4,2693874727.0
sz000551,创元科技,2012-03-21,10.08,10.23,9.8,9.86,10.1,7228203.0,72023116.3,2546811713.24,2629861862.2
sz000551,创元科技,2012-03-22,9.87,10.04,9.86,9.89,9.86,4147995.0,41250536.1,2554560633.26,2637863470.3
sz000551,创元科技,2012-03-23,9.86,9.86,9.19,9.3,9.89,9502981.0,89626235.3,2402165206.2,2480498511.0
sz000551,创元科技,2012-03-26,9.22,9.32,9.03,9.13,9.3,3933116.0,36134642.7,2358254659.42,2435156065.1
sz000551,创元科技,2012-03-27,9.15,9.33,9.13,9.16,9.13,2903823.0,26736734.9,2366003579.44,2443157673.2
sz000551,创元科技,2012-03-28,9.09,9.1,8.66,8.69,9.16,3779562.0,33408437.9,2244603832.46,2317799146.3
sz000551,创元科技,2012-03-29,8.69,8.79,8.53,8.6,8.69,3799420.0,32851109.3,2221357072.4,2293794322.0
sz000551,创元科技,2012-03-30,8.6,8.68,8.52,8.65,8.6,2561634.0,22068470.9,2234271939.1,2307130335.5
sz000551,创元科技,2012-04-05,8.6,8.93,8.6,8.9,8.65,3101149.0,27314672.9,2298846272.6,2373810403.0
sz000551,创元科技,2012-04-06,8.92,9.06,8.81,8.92,8.9,3134035.0,28049057.9,2304012219.28,2379144808.4
sz000551,创元科技,2012-04-09,8.83,8.95,8.73,8.74,8.92,2130102.0,18866033.8,2257518699.16,2331135159.8
sz000551,创元科技,2012-04-11,8.76,9.12,8.76,9.04,8.74,4091855.0,36735572.2,2335007899.36,2411151240.8
sz000551,创元科技,2012-04-12,9.12,9.2,8.88,9.19,9.04,4945702.0,44816081.3,2373752499.46,2451159281.3
sz000551,创元科技,2012-04-13,9.19,9.35,9.12,9.23,9.19,4824395.0,44563498.9,2384084392.82,2461828092.1
sz000551,创元科技,2012-04-16,9.17,9.34,9.09,9.33,9.23,2931696.0,27083587.2,2409914126.22,2488500119.1
sz000551,创元科技,2012-04-17,9.34,9.48,9.22,9.29,9.33,3809073.0,35470527.2,2399582232.86,2477831308.3
sz000551,创元科技,2012-04-18,9.41,9.49,9.22,9.47,9.29,5107473.0,47903799.1,2446075752.98,2525840956.9
sz000551,创元科技,2012-04-19,9.39,9.51,9.35,9.4,9.47,3467498.0,32668191.5,2427994939.6,2507170538.0
sz000551,创元科技,2012-04-20,9.39,9.63,9.32,9.59,9.4,6294257.0,59904774.2,2477071433.06,2557847389.3
sz000551,创元科技,2012-04-23,9.55,9.86,9.42,9.43,9.59,6819278.0,65800208.2,2435743859.62,2515172146.1
sz000551,创元科技,2012-04-24,9.3,9.35,8.6,9.0,9.43,7071264.0,63715603.5,2324676006.0,2400482430.0
sz000551,创元科技,2012-04-25,8.96,9.17,8.76,9.12,9.0,3729756.0,33530156.8,2355671686.08,2432488862.4
sz000551,创元科技,2012-04-26,9.12,9.34,9.01,9.14,9.12,4002736.0,36748061.1,2360837632.76,2437823267.8
sz000551,创元科技,2012-04-27,9.1,9.17,8.92,8.96,9.14,2717147.0,24510591.2,2314344112.64,2389813619.2
sz000551,创元科技,2012-05-02,9.1,9.13,8.89,9.01,8.96,3480680.0,31315749.0,2327258979.34,2403149632.7
sz000551,创元科技,2012-05-03,9.0,9.13,8.95,9.13,9.01,3775766.0,34117580.0,2358254659.42,2435156065.1
sz000551,创元科技,2012-05-04,9.27,9.43,9.2,9.32,9.13,5726299.0,53330639.3,2407331152.88,2485832916.4
sz000551,创元科技,2012-05-07,9.28,9.49,9.27,9.46,9.32,4812255.0,45162575.4,2443492779.64,2523173754.2
sz000551,创元科技,2012-05-08,9.46,9.58,9.33,9.54,9.46,6730267.0,63815060.0,2464156566.36,2544511375.8
sz000551,创元科技,2012-05-09,9.6,9.72,9.3,9.36,9.54,8939438.0,85160034.4,2417663046.24,2496501727.2
sz000551,创元科技,2012-05-10,9.37,9.44,9.27,9.33,9.36,3600705.0,33565882.8,2409914126.22,2488500119.1
sz000551,创元科技,2012-05-11,9.35,9.5,9.26,9.39,9.33,3562841.0,33502690.2,2425411966.26,2504503335.3
sz000551,创元科技,2012-05-14,9.49,9.87,9.37,9.61,9.39,7678168.0,73729850.0,2482237379.74,2563181794.7
sz000551,创元科技,2012-05-15,9.51,9.6,9.3,9.48,9.61,4285040.0,40326865.9,2448658726.32,2528508159.6
sz000551,创元科技,2012-05-16,9.45,9.46,9.33,9.35,9.48,2092616.0,19644975.9,2415080072.9,2493834524.5
sz000551,创元科技,2012-05-17,9.31,9.48,9.29,9.48,9.35,3213979.0,30239396.3,2448658726.32,2528508159.6
sz000551,创元科技,2012-05-18,9.45,9.63,9.38,9.4,9.48,4480174.0,42615450.0,2427994939.6,2507170538.0
sz000551,创元科技,2012-05-21,9.37,9.57,9.36,9.43,9.4,3025100.0,28604804.9,2435743859.62,2515172146.1
sz000551,创元科技,2012-05-22,9.62,9.63,9.43,9.49,9.43,4393512.0,41715070.4,2451241699.66,2531175362.3
sz000551,创元科技,2012-05-23,9.49,9.52,9.15,9.24,9.49,5177246.0,48280131.0,2386667366.16,2464495294.8
sz000551,创元科技,2012-05-24,9.21,9.35,9.11,9.23,9.24,3113658.0,28779048.0,2384084392.82,2461828092.1
sz000551,创元科技,2012-05-25,9.23,9.32,8.99,9.07,9.23,3133814.0,28603683.6,2342756819.38,2419152848.9
sz000551,创元科技,2012-05-28,5.98,6.02,5.78,5.99,5.98,3187413.0,18822603.7,2320801545.99,2396481625.95
sz000551,创元科技,2012-05-29,6.01,6.1,5.94,6.05,5.99,4332278.0,26129902.1,2344048306.05,2420486450.25
sz000551,创元科技,2012-05-30,6.05,6.35,6.02,6.19,6.05,11804362.0,73531834.7,2398290746.19,2476497706.95
sz000551,创元科技,2012-05-31,6.16,6.32,6.11,6.32,6.19,9028196.0,56456418.7,2448658726.32,2528508159.6
sz000551,创元科技,2012-06-01,6.28,6.38,6.17,6.22,6.32,5974606.0,37257000.1,2409914126.22,2488500119.1
sz000551,创元科技,2012-06-04,6.09,6.14,5.78,5.8,6.22,5716689.0,34220269.6,2247186805.8,2320466349.0
sz000551,创元科技,2012-06-05,5.8,5.88,5.73,5.8,5.8,4019882.0,23336248.0,2247186805.8,2320466349.0
sz000551,创元科技,2012-06-06,5.84,5.86,5.69,5.74,5.8,2579543.0,14869316.3,2223940045.74,2296461524.7
sz000551,创元科技,2012-06-07,5.82,5.91,5.69,5.72,5.74,3108129.0,18006535.0,2216191125.72,2288459916.6
sz000551,创元科技,2012-06-08,5.81,5.84,5.61,5.61,5.72,2816259.0,16045705.2,2173572065.61,2244451072.05
sz000551,创元科技,2012-06-11,5.6,5.92,5.51,5.88,5.61,7580513.0,44155347.3,2278182485.88,2352472781.4
sz000551,创元科技,2012-06-13,5.82,5.9,5.75,5.89,5.88,5279083.0,30854276.8,2282056945.89,2356473585.45
sz000551,创元科技,2012-06-14,5.89,6.18,5.8,6.05,5.89,10924834.0,66097766.6,2344048306.05,2420486450.25
sz000551,创元科技,2012-06-15,6.06,6.12,5.94,6.08,6.05,5363994.0,32329642.5,2355671686.08,2432488862.4
sz000551,创元科技,2012-06-18,6.09,6.13,5.98,6.01,6.08,4927554.0,29744761.6,2328550466.01,2404483234.05
sz000551,创元科技,2012-06-19,5.95,6.05,5.95,5.99,6.01,2436655.0,14615913.8,2320801545.99,2396481625.95
sz000551,创元科技,2012-06-20,6.0,6.03,5.85,5.87,5.99,3173029.0,18808294.1,2274308025.87,2348471977.35
sz000551,创元科技,2012-06-21,5.85,5.9,5.63,5.67,5.87,3563272.0,20420283.1,2196818825.67,2268455896.35
sz000551,创元科技,2012-06-25,5.65,5.65,5.52,5.52,5.67,1975162.0,11021755.3,2138701925.52,2208443835.6
sz000551,创元科技,2012-06-27,5.53,5.62,5.49,5.51,5.52,2040652.0,11330717.8,2134827465.51,2204443031.55
sz000551,创元科技,2012-06-28,5.53,5.56,5.28,5.28,5.51,2384942.0,12907723.7,2045714885.28,2112424538.4
sz000551,创元科技,2012-06-29,5.26,5.33,5.09,5.31,5.28,2921894.0,15276194.8,2057338265.31,2124426950.55
sz000551,创元科技,2012-07-02,5.32,5.4,5.28,5.35,5.31,2642035.0,14099057.1,2072836105.35,2140430166.75
sz000551,创元科技,2012-07-03,5.31,5.4,5.24,5.3,5.35,2402583.0,12788751.1,2053463805.3,2120426146.5
sz000551,创元科技,2012-07-04,5.31,5.32,5.19,5.32,5.3,3293382.0,17273919.3,2061212725.32,2128427754.6
sz000551,创元科技,2012-07-05,5.15,5.15,4.93,5.06,5.32,6016470.0,30296631.5,1960476765.06,2024406849.3
sz000551,创元科技,2012-07-06,5.08,5.14,4.98,5.12,5.06,2980878.0,15103790.8,1983723525.12,2048411673.6
sz000551,创元科技,2012-07-09,5.08,5.09,4.82,4.83,5.12,2348475.0,11720397.9,1871364184.83,1932388356.15
sz000551,创元科技,2012-07-10,4.86,4.88,4.61,4.83,4.83,3743073.0,17867634.9,1871364184.83,1932388356.15
sz000551,创元科技,2012-07-11,4.81,4.88,4.75,4.83,4.83,1818734.0,8813911.2,1871364184.83,1932388356.15
sz000551,创元科技,2012-07-12,4.82,4.89,4.76,4.83,4.83,3498294.0,16888703.0,1871364184.83,1932388356.15
sz000551,创元科技,2012-07-13,4.8,4.83,4.7,4.74,4.83,3360003.0,15970413.2,1836494044.74,1896381119.7
sz000551,创元科技,2012-07-16,4.74,4.74,4.48,4.56,4.74,3117718.0,14269393.0,1766753764.56,1824366646.8
sz000551,创元科技,2012-07-17,4.5,4.66,4.49,4.66,4.56,3294562.0,15129313.8,1805498364.66,1864374687.3
sz000551,创元科技,2012-07-18,4.61,4.7,4.56,4.68,4.66,2214969.0,10239457.8,1813247284.68,1872376295.4
sz000551,创元科技,2012-07-19,4.66,4.83,4.63,4.74,4.68,5064440.0,24057773.3,1836494044.74,1896381119.7
sz000551,创元科技,2012-07-20,4.75,4.76,4.62,4.72,4.74,2548890.0,11983458.4,1828745124.72,1888379511.6
sz000551,创元科技,2012-07-23,4.64,4.97,4.64,4.84,4.72,6021742.0,29073814.5,1875238644.84,1936389160.2
sz000551,创元科技,2012-07-24,4.76,4.87,4.76,4.8,4.84,2947378.0,14163952.9,1859740804.8,1920385944.0
sz000551,创元科技,2012-07-25,4.79,4.81,4.7,4.7,4.8,1474514.0,7007781.5,1820996204.7,1880377903.5
sz000551,创元科技,2012-07-26,4.67,4.83,4.66,4.73,4.7,2271343.0,10779809.4,1832619584.73,1892380315.65
sz000551,创元科技,2012-07-27,4.7,4.77,4.5,4.62,4.73,2043771.0,9573320.7,1790000524.62,1848371471.1
sz000551,创元科技,2012-07-30,4.6,4.66,4.4,4.4,4.62,2018631.0,9104115.8,1704762404.4,1760353782.0
sz000551,创元科技,2012-07-31,4.42,4.49,4.28,4.31,4.4,2185707.0,9489486.5,1669892264.31,1724346545.55
sz000551,创元科技,2012-08-01,4.33,4.44,4.3,4.4,4.31,2128508.0,9333354.1,1704762404.4,1760353782.0
sz000551,创元科技,2012-08-02,4.41,4.42,4.32,4.36,4.4,1391379.0,6082952.2,1689264564.36,1744350565.8
sz000551,创元科技,2012-08-03,4.39,4.47,4.35,4.47,4.36,2293419.0,10133445.2,1731883624.47,1788359410.35
sz000551,创元科技,2012-08-06,4.45,4.68,4.42,4.63,4.47,3354749.0,15297209.5,1793874984.63,1852372275.15
sz000551,创元科技,2012-08-07,4.63,5.09,4.57,5.09,4.63,12055202.0,60254038.5,1972100145.09,2036409261.45
sz000551,创元科技,2012-08-08,5.3,5.6,5.2,5.6,5.09,40390587.0,223487714.0,2169697605.6,2240450268.0
sz000551,创元科技,2012-08-09,5.6,5.84,5.42,5.76,5.6,32619124.0,182855912.5,2231688965.76,2304463132.8
sz000551,创元科技,2012-08-10,5.65,5.7,5.51,5.6,5.76,18323599.0,102776126.9,2169697605.6,2240450268.0
sz000551,创元科技,2012-08-13,5.53,5.74,5.43,5.45,5.6,15821544.0,87993248.6,2111580705.45,2180438207.25
sz000551,创元科技,2012-08-14,5.41,5.49,5.18,5.45,5.45,16524248.0,88231661.7,2111580705.45,2180438207.25
sz000551,创元科技,2012-08-15,5.38,5.59,5.33,5.4,5.45,11007441.0,60134139.5,2092208405.4,2160434187.0
sz000551,创元科技,2012-08-16,5.35,5.94,5.32,5.94,5.4,32297059.0,185994861.8,2301429245.94,2376477605.7
sz000551,创元科技,2012-08-17,5.98,6.1,5.66,5.84,5.94,27904758.0,164543324.0,2262684645.84,2336469565.2
sz000551,创元科技,2012-08-20,5.73,5.94,5.6,5.89,5.84,17396843.0,100952834.5,2282056945.89,2356473585.45
sz000551,创元科技,2012-08-21,5.99,6.09,5.7,5.75,5.89,22475379.0,132484295.3,2227814505.75,2300462328.75
sz000551,创元科技,2012-08-22,5.78,6.14,5.77,5.89,5.75,23953902.0,143088209.8,2282056945.89,2356473585.45
sz000551,创元科技,2012-08-23,5.74,5.78,5.5,5.66,5.89,19833781.0,111530035.5,2192944365.66,2264455092.3
sz000551,创元科技,2012-08-24,5.56,5.58,5.36,5.4,5.66,11616977.0,63343648.2,2092208405.4,2160434187.0
sz000551,创元科技,2012-08-27,5.31,5.55,5.31,5.4,5.4,10812029.0,58993710.5,2092208405.4,2160434187.0
sz000551,创元科技,2012-08-28,5.32,5.5,5.23,5.4,5.4,7448051.0,39818523.4,2092208405.4,2160434187.0
sz000551,创元科技,2012-08-29,5.35,5.63,5.32,5.54,5.4,9050816.0,49536280.2,2146450845.54,2216445443.7
sz000551,创元科技,2012-08-30,5.49,5.58,5.05,5.17,5.54,9307148.0,49596885.7,2003095825.17,2068415693.85
sz000551,创元科技,2012-08-31,5.12,5.27,5.06,5.23,5.17,5266768.0,27170450.1,2026342585.23,2092420518.15
sz000551,创元科技,2012-09-03,5.22,5.39,5.11,5.34,5.23,6651863.0,35025195.4,2068961645.34,2136429362.7
sz000551,创元科技,2012-09-04,5.34,5.66,5.28,5.55,5.34,12964677.0,70965985.1,2150325305.55,2220446247.75
sz000551,创元科技,2012-09-05,5.49,5.57,5.41,5.45,5.55,7299415.0,39933443.6,2111580705.45,2180438207.25
sz000551,创元科技,2012-09-06,5.51,5.67,5.44,5.65,5.45,11022411.0,61465385.1,2189069905.65,2260454288.25
sz000551,创元科技,2012-09-07,5.68,5.9,5.6,5.78,5.65,15117520.0,87265481.1,2239437885.78,2312464740.9
sz000551,创元科技,2012-09-10,5.79,5.92,5.71,5.76,5.78,9936469.0,57344281.5,2231688965.76,2304463132.8
sz000551,创元科技,2012-09-11,5.72,5.72,5.59,5.68,5.76,6976009.0,39406051.6,2200693285.68,2272456700.4
sz000551,创元科技,2012-09-12,5.69,5.76,5.6,5.7,5.68,7442242.0,42317434.3,2208442205.7,2280458308.5
sz000551,创元科技,2012-09-13,5.72,5.87,5.68,5.74,5.7,11277335.0,65280492.2,2223940045.74,2296461524.7
sz000551,创元科技,2012-09-14,5.74,5.82,5.46,5.54,5.74,8734869.0,48870578.0,2146450845.54,2216445443.7
sz000551,创元科技,2012-09-17,5.48,5.51,5.15,5.2,5.54,6708384.0,35671550.2,2014719205.2,2080418106.0
sz000551,创元科技,2012-09-18,5.19,5.3,5.16,5.22,5.2,3244462.0,17011515.3,2022468125.22,2088419714.1
sz000551,创元科技,2012-09-19,5.24,5.28,5.21,5.26,5.22,2397065.0,12560956.5,2037965965.26,2104422930.3
sz000551,创元科技,2012-09-20,5.23,5.24,4.86,4.87,5.26,6265006.0,31465904.0,1886862024.87,1948391572.35
sz000551,创元科技,2012-09-21,4.88,4.95,4.77,4.77,4.87,3329950.0,16253939.5,1848117424.77,1908383531.85
sz000551,创元科技,2012-09-24,4.7,4.89,4.68,4.87,4.77,2326586.0,11214651.9,1886862024.87,1948391572.35
sz000551,创元科技,2012-09-25,4.86,4.88,4.68,4.71,4.87,3563813.0,16973442.9,1824870664.71,1884378707.55
sz000551,创元科技,2012-09-26,4.71,4.74,4.45,4.48,4.71,4314904.0,19702488.0,1735758084.48,1792360214.4
sz000551,创元科技,2012-09-27,4.48,4.7,4.48,4.64,4.48,6083471.0,28050556.8,1797749444.64,1856373079.2
sz000551,创元科技,2012-09-28,4.62,4.82,4.59,4.76,4.64,3899585.0,18453641.2,1844242964.76,1904382727.8
sz000551,创元科技,2012-10-08,4.77,4.89,4.68,4.76,4.76,3493648.0,16633863.8,1844242964.76,1904382727.8
sz000551,创元科技,2012-10-09,4.77,4.98,4.77,4.97,4.76,4807221.0,23551068.0,1925606624.97,1988399612.85
sz000551,创元科技,2012-10-10,4.97,5.16,4.93,5.11,4.97,6491417.0,32779337.0,1979849065.11,2044410869.55
sz000551,创元科技,2012-10-11,5.07,5.17,4.93,4.95,5.11,6075266.0,30516505.9,1917857704.95,1980398004.75
sz000551,创元科技,2012-10-12,4.96,5.11,4.94,5.06,4.95,5017117.0,25254404.3,1960476765.06,2024406849.3
sz000551,创元科技,2012-10-15,5.1,5.1,4.89,4.97,5.06,3230010.0,15992350.5,1925606624.97,1988399612.85
sz000551,创元科技,2012-10-16,4.95,5.03,4.9,4.92,4.97,2580987.0,12818924.2,1906234324.92,1968395592.6
sz000551,创元科技,2012-10-17,4.95,5.02,4.88,4.95,4.92,2637696.0,13018047.5,1917857704.95,1980398004.75
sz000551,创元科技,2012-10-18,4.95,5.09,4.94,5.05,4.95,4056748.0,20429239.7,1956602305.05,2020406045.25
sz000551,创元科技,2012-10-19,5.06,5.06,4.99,5.03,5.05,2642371.0,13267576.9,1948853385.03,2012404437.15
sz000551,创元科技,2012-10-22,5.01,5.02,4.95,5.01,5.03,1975655.0,9844055.9,1941104465.01,2004402829.05
sz000551,创元科技,2012-10-23,5.02,5.21,4.96,5.06,5.01,7106603.0,36271809.4,1960476765.06,2024406849.3
sz000551,创元科技,2012-10-24,5.01,5.08,4.9,5.01,5.06,3342003.0,16732995.7,1941104465.01,2004402829.05
sz000551,创元科技,2012-10-25,5.05,5.07,4.95,4.96,5.01,2446401.0,12238140.2,1921732164.96,1984398808.8
sz000551,创元科技,2012-10-26,4.98,5.02,4.78,4.8,4.96,2934123.0,14308470.5,1859740804.8,1920385944.0
sz000551,创元科技,2012-10-29,4.78,4.8,4.68,4.71,4.8,2047584.0,9658012.1,1824870664.71,1884378707.55
sz000551,创元科技,2012-10-30,4.73,4.81,4.7,4.75,4.71,1403415.0,6675978.1,1840368504.75,1900381923.75
sz000551,创元科技,2012-10-31,4.75,4.81,4.69,4.8,4.75,1386770.0,6611634.6,1859740804.8,1920385944.0
sz000551,创元科技,2012-11-01,4.8,4.92,4.8,4.9,4.8,2268266.0,11044558.2,1898485404.9,1960393984.5
sz000551,创元科技,2012-11-02,4.9,5.1,4.85,5.04,4.9,8624785.0,43094523.2,1952727845.04,2016405241.2
sz000551,创元科技,2012-11-05,5.01,5.07,4.98,5.04,5.04,3336642.0,16750141.0,1952727845.04,2016405241.2
sz000551,创元科技,2012-11-06,5.0,5.07,4.86,4.93,5.04,4007603.0,19767196.3,1910108784.93,1972396396.65
sz000551,创元科技,2012-11-07,4.97,4.97,4.87,4.93,4.93,2552363.0,12517224.9,1910108784.93,1972396396.65
sz000551,创元科技,2012-11-08,4.9,4.9,4.7,4.72,4.93,4041326.0,19390711.8,1828745124.72,1888379511.6
sz000551,创元科技,2012-11-09,4.71,4.79,4.7,4.74,4.72,1836876.0,8702123.9,1836494044.74,1896381119.7
sz000551,创元科技,2012-11-12,4.76,5.21,4.75,5.21,4.74,12142221.0,62413688.8,2018593665.21,2084418910.05
sz000551,创元科技,2012-11-13,5.39,5.46,5.09,5.11,5.21,23838400.0,125499067.2,1979849065.11,2044410869.55
sz000551,创元科技,2012-11-14,5.04,5.62,4.98,5.62,5.11,28859690.0,155793092.2,2177446525.62,2248451876.1
sz000551,创元科技,2012-11-15,5.5,5.84,5.32,5.33,5.62,30805427.0,171142365.1,2065087185.33,2132428558.65
sz000551,创元科技,2012-11-16,5.44,5.86,5.4,5.52,5.33,29872110.0,167377079.1,2138701925.52,2208443835.6
sz000551,创元科技,2012-11-19,5.41,5.94,5.32,5.79,5.52,32865483.0,187359367.8,2243312345.79,2316465544.95
sz000551,创元科技,2012-11-20,5.73,5.92,5.63,5.86,5.79,30664361.0,177294604.3,2270433565.86,2344471173.3
sz000551,创元科技,2012-11-21,5.7,5.78,5.43,5.66,5.86,22288035.0,124962447.0,2192944365.66,2264455092.3
sz000551,创元科技,2012-11-22,5.56,5.9,5.53,5.7,5.66,23074999.0,132654759.5,2208442205.7,2280458308.5
sz000551,创元科技,2012-11-23,5.63,5.71,5.42,5.43,5.7,18217717.0,100739486.1,2103831785.43,2172436599.15
sz000551,创元科技,2012-11-26,5.4,5.97,5.33,5.97,5.43,30344344.0,174703149.2,2313052625.97,2388480017.85
sz000551,创元科技,2012-11-27,5.85,6.06,5.74,5.74,5.97,34590177.0,203823393.7,2223940045.74,2296461524.7
sz000551,创元科技,2012-11-28,5.58,5.68,5.41,5.5,5.74,19487201.0,107984524.8,2130953005.5,2200442227.5
sz000551,创元科技,2012-11-29,5.56,5.86,5.46,5.56,5.5,22996623.0,130370210.9,2154199765.56,2224447051.8
sz000551,创元科技,2012-11-30,5.4,5.53,5.09,5.43,5.56,19554337.0,104352929.5,2103831785.43,2172436599.15
sz000551,创元科技,2012-12-03,5.32,5.63,5.27,5.27,5.43,18454311.0,100612595.9,2041840425.27,2108423734.35
sz000551,创元科技,2012-12-04,5.13,5.23,4.83,5.16,5.27,22125711.0,111202947.8,1999221365.16,2064414889.8
sz000551,创元科技,2012-12-05,5.08,5.68,5.04,5.68,5.16,29138912.0,158324964.8,2200693285.68,2272456700.4
sz000551,创元科技,2012-12-06,5.71,6.24,5.68,5.86,5.68,45892940.0,270835832.4,2270433565.86,2344471173.3
sz000551,创元科技,2012-12-07,5.89,6.45,5.84,6.45,5.86,47634716.0,295831268.2,2499026706.45,2580518612.25
sz000551,创元科技,2012-12-10,6.99,7.1,6.59,7.1,6.45,73825386.0,509949179.9,2750866607.1,2840570875.5
sz000551,创元科技,2012-12-11,6.8,6.93,6.59,6.73,7.1,52264386.0,353667556.0,2607511586.73,2692541125.65
sz000551,创元科技,2012-12-12,6.65,7.04,6.57,6.86,6.73,48130058.0,327925869.2,2657879566.86,2744551578.3
sz000551,创元科技,2012-12-13,6.78,6.89,6.57,6.67,6.86,25172595.0,169052235.8,2584264826.67,2668536301.35
sz000551,创元科技,2012-12-14,6.62,7.18,6.6,6.85,6.67,41564967.0,286992369.7,2654005106.85,2740550774.25
sz000551,创元科技,2012-12-17,6.82,7.18,6.57,6.93,6.85,40816107.0,280400059.5,2685000786.93,2772557206.65
sz000551,创元科技,2012-12-18,6.82,7.35,6.75,6.91,6.93,41306265.0,291262618.4,2677251866.91,2764555598.55
sz000551,创元科技,2012-12-19,6.8,7.28,6.68,7.03,6.91,30362243.0,213037194.6,2723745387.03,2812565247.15
sz000551,创元科技,2012-12-20,6.96,7.68,6.87,7.42,7.03,43425150.0,315167014.1,2874849327.42,2968596605.1
sz000551,创元科技,2012-12-21,7.36,7.43,7.11,7.18,7.42,29994785.0,216795330.3,2781862287.18,2872577307.9
sz000551,创元科技,2012-12-24,7.12,7.24,6.96,7.06,7.18,19466243.0,137576997.3,2735368767.06,2824567659.3
sz000551,创元科技,2012-12-25,7.06,7.35,6.97,7.1,7.06,26844537.0,191875269.9,2750866607.1,2840570875.5
sz000551,创元科技,2012-12-26,7.09,7.33,7.04,7.25,7.1,25801918.0,185864227.1,2808983507.25,2900582936.25
sz000551,创元科技,2012-12-27,7.26,7.28,6.76,6.76,7.25,31913366.0,221213141.9,2619134966.76,2704543537.8
sz000551,创元科技,2012-12-28,6.72,6.85,6.7,6.79,6.76,16016082.0,108609763.1,2630758346.79,2716545949.95
sz000551,创元科技,2012-12-31,6.82,7.15,6.82,6.98,6.79,24274820.0,170594698.0,2704373086.98,2792561226.9
sz000551,创元科技,2013-01-04,7.06,7.11,6.88,7.0,6.98,18060171.0,126273265.9,2712122007.0,2800562835.0
sz000551,创元科技,2013-01-07,6.95,7.37,6.87,7.28,7.0,31692068.0,227877020.3,2820606887.28,2912585348.4
sz000551,创元科技,2013-01-08,7.22,7.46,7.08,7.19,7.28,25570380.0,185274082.3,2785736747.19,2876578111.95
sz000551,创元科技,2013-01-09,7.12,7.35,6.92,7.01,7.19,19519640.0,139069986.8,2715996467.01,2804563639.05
sz000551,创元科技,2013-01-10,7.0,7.14,6.82,6.97,7.01,17433889.0,121227650.6,2700498626.97,2788560422.85
sz000551,创元科技,2013-01-11,6.91,6.98,6.63,6.67,6.97,14897751.0,101394434.3,2584264826.67,2668536301.35
sz000551,创元科技,2013-01-14,7.34,7.34,7.08,7.34,6.67,53303790.0,388340070.4,2843853647.34,2936590172.7
sz000551,创元科技,2013-01-15,7.76,8.07,7.52,8.07,7.34,65458192.0,513685662.8,3126689228.07,3228648868.35
sz000551,创元科技,2013-01-16,8.07,8.07,7.51,7.76,8.07,48335308.0,373256903.5,3006580967.76,3104623942.8
sz000551,创元科技,2013-01-17,7.7,7.7,7.32,7.4,7.76,23821905.0,177902323.9,2867100407.4,2960594997.0
sz000551,创元科技,2013-01-18,7.4,7.53,7.36,7.46,7.4,18831990.0,139986574.7,2890347167.46,2984599821.3
sz000551,创元科技,2013-01-21,7.29,7.62,7.1,7.45,7.46,28943600.0,213154124.2,2886472707.45,2980599017.25
sz000551,创元科技,2013-01-22,7.35,7.37,7.1,7.24,7.45,19595515.0,141523066.0,2805109047.24,2896582132.2
sz000551,创元科技,2013-01-23,7.32,7.59,7.22,7.51,7.24,26593621.0,196831962.8,2909719467.51,3004603841.55
sz000551,创元科技,2013-01-24,7.53,7.53,7.15,7.33,7.51,21712822.0,158849286.0,2839979187.33,2932589368.65
sz000551,创元科技,2013-01-25,7.31,7.38,7.13,7.15,7.33,12608953.0,91283044.2,2770238907.15,2860574895.75
sz000551,创元科技,2013-01-28,7.12,7.29,7.09,7.27,7.15,11234913.0,80844612.7,2816732427.27,2908584544.35
sz000551,创元科技,2013-01-29,7.33,7.51,7.25,7.45,7.27,21664273.0,160390137.0,2886472707.45,2980599017.25
sz000551,创元科技,2013-01-30,7.44,7.45,7.2,7.24,7.45,15738049.0,114324569.6,2805109047.24,2896582132.2
sz000551,创元科技,2013-01-31,7.33,7.96,7.26,7.96,7.24,32133744.0,246445631.2,3084070167.96,3184640023.8
sz000551,创元科技,2013-02-01,8.0,8.45,7.81,8.08,7.96,56903822.0,459913402.0,3130563688.08,3232649672.4
sz000551,创元科技,2013-02-04,7.99,7.99,7.55,7.58,8.08,34475970.0,265099774.5,2936840687.58,3032609469.9
sz000551,创元科技,2013-02-05,7.44,7.58,7.32,7.57,7.58,15166862.0,112977737.6,2932966227.57,3028608665.85
sz000551,创元科技,2013-02-06,7.6,7.95,7.56,7.83,7.57,22949914.0,178919359.8,3033702187.83,3132629571.15
sz000551,创元科技,2013-02-07,7.76,7.92,7.62,7.74,7.83,12158306.0,94131541.1,2998832047.74,3096622334.7
sz000551,创元科技,2013-02-08,7.7,7.97,7.7,7.8,7.74,12196510.0,95663301.0,3022078807.8,3120627159.0
sz000551,创元科技,2013-02-18,7.96,8.55,7.95,8.16,7.8,33581285.0,276843192.7,3161559368.16,3264656104.8
sz000551,创元科技,2013-02-19,8.15,8.89,7.97,8.51,8.16,39415636.0,331635799.8,3297165468.51,3404684246.55
sz000551,创元科技,2013-02-20,8.45,9.18,8.41,8.69,8.51,36382008.0,320048107.9,3366905748.69,3476698719.45
sz000551,创元科技,2013-02-21,8.53,8.97,8.45,8.51,8.69,31816221.0,275935923.3,3297165468.51,3404684246.55
sz000551,创元科技,2013-02-22,8.42,9.0,8.28,8.8,8.51,28080862.0,243525628.4,3409524808.8,3520707564.0
sz000551,创元科技,2013-02-25,8.98,9.56,8.97,9.31,8.8,35268463.0,327051040.0,3607122269.31,3724748570.55
sz000551,创元科技,2013-02-26,9.03,9.28,8.8,8.85,9.31,32245051.0,291244648.2,3428897108.85,3540711584.25
sz000551,创元科技,2013-02-27,8.82,9.08,8.59,8.82,8.85,19138703.0,167825515.9,3417273728.82,3528709172.1
sz000551,创元科技,2013-02-28,8.83,9.35,8.75,9.3,8.82,30550518.0,279266254.8,3603247809.3,3720747766.5
sz000551,创元科技,2013-03-01,9.35,9.68,9.2,9.55,9.3,35885365.0,339496118.8,3700109309.55,3820767867.75
sz000551,创元科技,2013-03-04,9.43,9.82,8.9,9.18,9.55,43062476.0,404270887.9,3556754289.18,3672738117.9
sz000551,创元科技,2013-03-05,9.0,9.23,8.68,9.21,9.18,24060580.0,216654619.8,3568377669.21,3684740530.05
sz000551,创元科技,2013-03-06,9.24,9.53,9.08,9.15,9.21,21908269.0,202766872.7,3545130909.15,3660735705.75
sz000551,创元科技,2013-03-07,9.2,9.23,8.58,8.74,9.15,26537161.0,234025919.4,3386278048.74,3496702739.7
sz000551,创元科技,2013-03-08,8.73,8.78,8.61,8.65,8.74,11010214.0,95661630.6,3351407908.65,3460695503.25
sz000551,创元科技,2013-03-11,8.7,8.9,8.66,8.71,8.65,11277352.0,99059364.3,3374654668.71,3484700327.55
sz000551,创元科技,2013-03-12,8.72,8.74,8.02,8.26,8.71,18515533.0,154558198.4,3200303968.26,3304664145.3
sz000551,创元科技,2013-03-13,8.27,8.27,7.88,8.01,8.26,12305491.0,98566318.5,3103442468.01,3204644044.05
sz000551,创元科技,2013-03-14,8.0,8.2,7.96,8.04,8.01,7060745.0,57141665.7,3115065848.04,3216646456.2
sz000551,创元科技,2013-03-15,8.01,8.29,7.96,8.11,8.04,10465669.0,85401838.6,3142187068.11,3244652084.55
sz000551,创元科技,2013-03-18,8.18,8.37,8.08,8.27,8.11,11507921.0,95226182.3,3204178428.27,3308664949.35
sz000551,创元科技,2013-03-19,8.28,8.32,7.82,8.16,8.27,10152815.0,82044776.4,3161559368.16,3264656104.8
sz000551,创元科技,2013-03-20,8.15,8.4,8.12,8.36,8.16,12444843.0,103031840.0,3239048568.36,3344672185.8
sz000551,创元科技,2013-03-21,8.3,8.76,8.27,8.61,8.36,19488240.0,167141984.3,3335910068.61,3444692287.05
sz000551,创元科技,2013-03-22,8.58,8.59,8.43,8.48,8.61,9525990.0,80920826.4,3285542088.48,3392681834.4
sz000551,创元科技,2013-03-25,8.5,8.56,8.19,8.27,8.48,9852948.0,82242418.0,3204178428.27,3308664949.35
sz000551,创元科技,2013-03-26,8.21,8.21,7.95,8.07,8.27,11137210.0,89596490.2,3126689228.07,3228648868.35
sz000551,创元科技,2013-03-27,8.05,8.16,7.98,8.09,8.07,7233469.0,58374265.4,3134438148.09,3236650476.45
sz000551,创元科技,2013-03-28,8.09,8.09,7.52,7.52,8.09,13447881.0,103767359.8,2913593927.52,3008604645.6
sz000551,创元科技,2013-03-29,7.54,7.63,7.34,7.35,7.52,7914048.0,59052084.6,2847728107.35,2940590976.75
sz000551,创元科技,2013-04-01,7.42,7.62,7.38,7.52,7.35,6381488.0,47950351.7,2913593927.52,3008604645.6
sz000551,创元科技,2013-04-02,7.53,7.64,7.41,7.42,7.52,5251400.0,39510743.4,2874849327.42,2968596605.1
sz000551,创元科技,2013-04-03,7.47,7.57,7.32,7.48,7.42,6161169.0,46026233.9,2898096087.48,2992601429.4
sz000551,创元科技,2013-04-08,7.33,7.8,7.14,7.7,7.48,10189276.0,76761394.9,2983334207.7,3080619118.5
sz000551,创元科技,2013-04-09,7.68,7.92,7.66,7.75,7.7,8847765.0,68880420.0,3002706507.75,3100623138.75
sz000551,创元科技,2013-04-10,7.68,7.74,7.5,7.65,7.75,7070340.0,53703293.9,2963961907.65,3060615098.25
sz000551,创元科技,2013-04-11,7.85,7.96,7.69,7.7,7.65,9260894.0,72246183.5,2983334207.7,3080619118.5
sz000551,创元科技,2013-04-12,7.77,7.77,7.51,7.53,7.7,4568373.0,34675680.1,2917468387.53,3012605449.65
sz000551,创元科技,2013-04-15,7.5,7.64,7.42,7.54,7.53,5911283.0,44540449.0,2921342847.54,3016606253.7
sz000551,创元科技,2013-04-16,7.79,7.87,7.62,7.78,7.54,11630105.0,90117611.4,3014329887.78,3112625550.9
sz000551,创元科技,2013-04-17,7.71,7.87,7.67,7.81,7.78,10137731.0,78923475.1,3025953267.81,3124627963.05
sz000551,创元科技,2013-04-18,7.7,7.9,7.69,7.86,7.81,9106542.0,71102949.4,3045325567.86,3144631983.3
sz000551,创元科技,2013-04-19,7.84,7.96,7.81,7.93,7.86,12284405.0,97126462.4,3072446787.93,3172637611.65
sz000551,创元科技,2013-04-22,7.87,7.87,7.62,7.71,7.93,11503896.0,88836228.2,2987208667.71,3084619922.55
sz000551,创元科技,2013-04-23,7.69,7.74,7.46,7.49,7.71,8810938.0,66382614.7,2901970547.49,2996602233.45
sz000551,创元科技,2013-04-24,7.43,7.63,7.43,7.58,7.49,4417414.0,33312859.3,2936840687.58,3032609469.9
sz000551,创元科技,2013-04-25,7.56,7.56,7.22,7.23,7.58,7593396.0,56186101.5,2801234587.23,2892581328.15
sz000551,创元科技,2013-04-26,7.26,7.37,6.97,6.97,7.23,6021965.0,43042761.3,2700498626.97,2788560422.85
sz000551,创元科技,2013-05-02,6.96,7.09,6.85,7.08,6.97,3788578.0,26506117.4,2743117687.08,2832569267.4
sz000551,创元科技,2013-05-03,7.06,7.28,7.0,7.25,7.08,5327289.0,38452135.4,2808983507.25,2900582936.25
sz000551,创元科技,2013-05-06,7.28,7.36,7.22,7.34,7.25,5520823.0,40364528.1,2843853647.34,2936590172.7
sz000551,创元科技,2013-05-07,7.36,7.86,7.35,7.75,7.34,24522714.0,187323678.1,3002706507.75,3100623138.75
sz000551,创元科技,2013-05-08,7.71,7.74,7.57,7.73,7.75,9899563.0,75777283.1,2994957587.73,3092621530.65
sz000551,创元科技,2013-05-09,7.74,8.12,7.68,8.02,7.73,21233868.0,169788281.6,3107316928.02,3208644848.1
sz000551,创元科技,2013-05-10,8.01,8.17,7.85,7.99,8.02,11580133.0,92578828.0,3095693547.99,3196642435.95
sz000551,创元科技,2013-05-13,8.0,8.1,7.89,8.09,7.99,9309989.0,74580733.9,3134438148.09,3236650476.45
sz000551,创元科技,2013-05-14,8.1,8.12,7.7,7.75,8.09,10054408.0,78703778.2,3002706507.75,3100623138.75
sz000551,创元科技,2013-05-15,7.8,8.02,7.79,7.9,7.75,8736428.0,69284571.2,3060823407.9,3160635199.5
sz000551,创元科技,2013-05-16,7.85,8.02,7.77,7.89,7.9,8947648.0,70691401.0,3056948947.89,3156634395.45
sz000551,创元科技,2013-05-17,7.9,8.03,7.85,8.0,7.89,9213512.0,73307080.7,3099568008.0,3200643240.0
sz000551,创元科技,2013-05-20,8.04,8.49,8.04,8.37,8.0,18860337.0,155809549.7,3242923028.37,3348672989.85
sz000551,创元科技,2013-05-21,8.35,8.64,8.22,8.54,8.37,17975384.0,151833420.0,3308788848.54,3416686658.7
sz000551,创元科技,2013-05-22,8.49,8.63,8.25,8.34,8.54,11386031.0,95783825.4,3231299648.34,3336670577.7
sz000551,创元科技,2013-05-23,8.3,8.47,8.21,8.22,8.34,9976209.0,83004241.0,3184806128.22,3288660929.1
sz000551,创元科技,2013-05-24,8.26,8.41,8.22,8.34,8.22,6193072.0,51454717.9,3231299648.34,3336670577.7
sz000551,创元科技,2013-05-27,8.37,8.58,8.3,8.47,8.34,10276530.0,86999325.8,3281667628.47,3388681030.35
sz000551,创元科技,2013-05-28,8.41,8.5,8.11,8.29,8.47,10515614.0,87191698.1,3211927348.29,3316666557.45
sz000551,创元科技,2013-05-29,8.37,8.6,8.37,8.5,8.29,15802613.0,133819787.3,3293291008.5,3400683442.5
sz000551,创元科技,2013-05-30,8.48,8.7,8.43,8.61,8.5,14047522.0,120527537.0,3335910068.61,3444692287.05
sz000551,创元科技,2013-05-31,8.57,8.84,8.5,8.69,8.61,18558770.0,161587851.8,3366905748.69,3476698719.45
sz000551,创元科技,2013-06-03,8.67,8.76,8.49,8.52,8.69,11390720.0,97801530.9,3301039928.52,3408685050.6
sz000551,创元科技,2013-06-04,8.54,8.76,8.31,8.67,8.52,14522975.0,124585701.1,3359156828.67,3468697111.35
sz000551,创元科技,2013-06-05,8.79,8.89,8.56,8.61,8.67,17449431.0,152774142.5,3335910068.61,3444692287.05
sz000551,创元科技,2013-06-06,8.4,8.45,8.06,8.26,8.61,16894645.0,138394523.7,3200303968.26,3304664145.3
sz000551,创元科技,2013-06-07,8.2,8.41,8.15,8.27,8.26,13744917.0,113897071.7,3204178428.27,3308664949.35
sz000551,创元科技,2013-06-13,8.12,8.45,7.83,8.42,8.27,12762663.0,104632069.8,3262295328.42,3368677010.1
sz000551,创元科技,2013-06-14,8.48,8.8,8.38,8.58,8.42,18203346.0,157418496.5,3324286688.58,3432689874.9
sz000551,创元科技,2013-06-17,8.7,8.97,8.62,8.74,8.58,24631419.0,217532360.1,3386278048.74,3496702739.7
sz000551,创元科技,2013-06-18,8.67,8.91,8.46,8.62,8.74,16421607.0,141898625.1,3339784528.62,3448693091.1
sz000551,创元科技,2013-06-19,8.54,8.54,8.08,8.43,8.62,10588355.0,88214622.9,3266169788.43,3372677814.15
sz000551,创元科技,2013-06-20,8.36,8.47,7.9,7.94,8.43,9853828.0,80128989.0,3076321247.94,3176638415.7
sz000551,创元科技,2013-06-21,7.6,7.83,7.48,7.68,7.94,8029860.0,61681317.1,2975585287.68,3072617510.4
sz000551,创元科技,2013-06-24,7.68,7.8,6.91,6.91,7.68,10601185.0,76701271.6,2677251866.91,2764555598.55
sz000551,创元科技,2013-06-25,6.71,6.88,6.22,6.8,6.91,12937375.0,84639450.7,2634632806.8,2720546754.0
sz000551,创元科技,2013-06-26,6.7,7.0,6.67,6.95,6.8,9337964.0,63799439.6,2692749706.95,2780558814.75
sz000551,创元科技,2013-06-27,6.97,7.19,6.77,6.77,6.95,8782051.0,61587925.0,2623009426.77,2708544341.85
sz000551,创元科技,2013-06-28,6.69,6.91,6.56,6.77,6.77,5402563.0,36638014.1,2623009426.77,2708544341.85
sz000551,创元科技,2013-07-01,6.69,7.02,6.69,7.01,6.77,6283981.0,43349819.1,2715996467.01,2804563639.05
sz000551,创元科技,2013-07-02,7.01,7.46,6.9,7.43,7.01,12534817.0,90340512.1,2878723787.43,2972597409.15
sz000551,创元科技,2013-07-03,7.3,7.56,7.12,7.46,7.43,9080629.0,66858291.0,2890347167.46,2984599821.3
sz000551,创元科技,2013-07-04,7.36,7.73,7.28,7.41,7.46,10891883.0,82180734.7,2870974867.41,2964595801.05
sz000551,创元科技,2013-07-05,7.38,7.51,7.25,7.28,7.41,5004279.0,36905500.2,2820606887.28,2912585348.4
sz000551,创元科技,2013-07-08,7.15,7.5,6.93,7.42,7.28,7605314.0,54307627.1,2874849327.42,2968596605.1
sz000551,创元科技,2013-07-09,7.3,7.75,7.3,7.5,7.42,13081154.0,99195389.3,2905845007.5,3000603037.5
sz000551,创元科技,2013-07-10,7.52,7.7,7.43,7.57,7.5,12169088.0,92096181.1,2932966227.57,3028608665.85
sz000551,创元科技,2013-07-11,7.53,7.88,7.49,7.79,7.57,16395194.0,125739466.4,3018204347.79,3116626354.95
sz000551,创元科技,2013-07-12,7.81,8.04,7.72,7.9,7.79,14605007.0,115104004.3,3060823407.9,3160635199.5
sz000551,创元科技,2013-07-15,7.92,8.22,7.8,7.99,7.9,16987523.0,135992840.0,3095693547.99,3196642435.95
sz000551,创元科技,2013-07-16,8.16,8.16,7.74,7.88,7.99,16969597.0,132781016.3,3053074487.88,3152633591.4
sz000551,创元科技,2013-07-17,7.83,7.84,7.45,7.46,7.88,15510456.0,118557613.8,2890347167.46,2984599821.3
sz000551,创元科技,2013-07-18,7.48,7.52,7.23,7.4,7.46,8634444.0,63573535.0,2867100407.4,2960594997.0
sz000551,创元科技,2013-07-19,7.38,7.6,7.25,7.25,7.4,9094712.0,67813718.7,2808983507.25,2900582936.25
sz000551,创元科技,2013-07-22,7.19,7.55,7.12,7.54,7.25,7811418.0,57930625.4,2921342847.54,3016606253.7
sz000551,创元科技,2013-07-23,7.64,7.74,7.56,7.67,7.54,10917793.0,83602589.1,2971710827.67,3068616706.35
sz000551,创元科技,2013-07-24,7.7,7.95,7.47,7.88,7.67,16091738.0,124558121.3,3053074487.88,3152633591.4
sz000551,创元科技,2013-07-25,7.83,7.9,7.61,7.74,7.88,12408764.0,96046287.3,2998832047.74,3096622334.7
sz000551,创元科技,2013-07-26,7.74,8.11,7.7,8.05,7.74,25582222.0,203511065.5,3118940308.05,3220647260.25
sz000551,创元科技,2013-07-29,8.0,8.14,7.61,7.65,8.05,16889491.0,133333142.3,2963961907.65,3060615098.25
sz000551,创元科技,2013-07-30,7.67,7.78,7.18,7.41,7.65,9511904.0,70804042.3,2870974867.41,2964595801.05
sz000551,创元科技,2013-07-31,7.44,7.86,7.42,7.66,7.41,10948989.0,84067371.3,2967836367.66,3064615902.3
sz000551,创元科技,2013-08-01,7.84,7.93,7.7,7.91,7.66,12353517.0,96938225.0,3064697867.91,3164636003.55
sz000551,创元科技,2013-08-02,7.9,7.96,7.78,7.82,7.91,8434388.0,66161228.6,3029827727.82,3128628767.1
sz000551,创元科技,2013-08-05,7.75,7.96,7.75,7.9,7.82,8072278.0,63640589.8,3060823407.9,3160635199.5
sz000551,创元科技,2013-08-06,7.9,7.99,7.8,7.96,7.9,9993451.0,79147325.0,3084070167.96,3184640023.8
sz000551,创元科技,2013-08-07,8.05,8.14,7.94,8.01,7.96,16811183.0,135168539.9,3103442468.01,3204644044.05
sz000551,创元科技,2013-08-08,7.92,8.08,7.78,7.84,8.01,10525211.0,83633596.1,3037576647.84,3136630375.2
sz000551,创元科技,2013-08-09,7.85,7.91,7.68,7.81,7.84,8928129.0,69496403.2,3025953267.81,3124627963.05
sz000551,创元科技,2013-08-12,7.99,8.13,7.92,7.98,7.81,13287362.0,106488100.2,3091819087.98,3192641631.9
sz000551,创元科技,2013-08-13,8.0,8.36,7.98,8.26,7.98,21849207.0,178779800.8,3200303968.26,3304664145.3
sz000551,创元科技,2013-08-14,8.22,8.25,8.05,8.09,8.26,11312166.0,92087984.9,3134438148.09,3236650476.45
sz000551,创元科技,2013-08-15,8.06,8.15,7.81,7.9,8.09,9774796.0,77643440.0,3060823407.9,3160635199.5
sz000551,创元科技,2013-08-16,7.87,8.07,7.77,7.78,7.9,8266347.0,65443950.0,3014329887.78,3112625550.9
sz000551,创元科技,2013-08-19,7.69,7.98,7.64,7.96,7.78,8680056.0,67838902.3,3084070167.96,3184640023.8
sz000551,创元科技,2013-08-20,7.95,8.14,7.86,7.92,7.96,10459058.0,83852697.2,3068572327.92,3168636807.6
sz000551,创元科技,2013-08-21,7.86,8.05,7.81,8.04,7.92,7906963.0,63021801.2,3115065848.04,3216646456.2
sz000551,创元科技,2013-08-22,8.05,8.18,8.0,8.04,8.04,10902911.0,88396950.3,3115065848.04,3216646456.2
sz000551,创元科技,2013-08-23,8.13,8.18,7.73,7.9,8.04,10346071.0,82273797.9,3060823407.9,3160635199.5
sz000551,创元科技,2013-08-26,7.9,7.98,7.81,7.96,7.9,8801829.0,69592916.4,3084070167.96,3184640023.8
sz000551,创元科技,2013-08-27,7.94,8.15,7.94,8.08,7.96,14127733.0,114028477.1,3130563688.08,3232649672.4
sz000551,创元科技,2013-08-28,8.08,8.08,7.86,7.94,8.08,11186544.0,88717477.7,3076321247.94,3176638415.7
sz000551,创元科技,2013-08-29,7.96,8.1,7.9,7.99,7.94,9895742.0,79404597.5,3095693547.99,3196642435.95
sz000551,创元科技,2013-08-30,7.99,8.0,7.53,7.6,7.99,14993280.0,116267109.8,2944589607.6,3040611078.0
sz000551,创元科技,2013-09-02,7.51,7.73,7.51,7.7,7.6,6029496.0,46230300.0,2983334207.7,3080619118.5
sz000551,创元科技,2013-09-03,7.74,7.93,7.63,7.91,7.7,9806471.0,76543829.3,3064697867.91,3164636003.55
sz000551,创元科技,2013-09-04,7.87,7.99,7.85,7.92,7.91,5914519.0,46766992.1,3068572327.92,3168636807.6
sz000551,创元科技,2013-09-05,7.9,8.0,7.82,7.87,7.92,6482055.0,51415737.7,3049200027.87,3148632787.35
sz000551,创元科技,2013-09-06,7.84,8.03,7.79,7.97,7.87,8711951.0,69084471.8,3087944627.97,3188640827.85
sz000551,创元科技,2013-09-09,7.98,8.2,7.98,8.11,7.97,18496049.0,150056936.2,3142187068.11,3244652084.55
sz000551,创元科技,2013-09-10,8.2,8.34,8.12,8.26,8.11,21721882.0,179167131.4,3200303968.26,3304664145.3
sz000551,创元科技,2013-09-11,8.28,8.28,7.98,8.2,8.26,17395372.0,141106233.3,3177057208.2,3280659321.0
sz000551,创元科技,2013-09-12,8.21,8.37,8.09,8.11,8.2,13300261.0,109439616.6,3142187068.11,3244652084.55
sz000551,创元科技,2013-09-13,8.25,8.37,8.09,8.16,8.11,12280845.0,100624445.9,3161559368.16,3264656104.8
sz000551,创元科技,2013-09-16,8.13,8.16,8.01,8.05,8.16,7965080.0,64166022.6,3118940308.05,3220647260.25
sz000551,创元科技,2013-09-17,8.05,8.19,7.99,8.05,8.05,8243724.0,66645900.3,3118940308.05,3220647260.25
sz000551,创元科技,2013-09-18,8.01,8.12,7.87,8.05,8.05,7499037.0,60058064.7,3118940308.05,3220647260.25
sz000551,创元科技,2013-09-23,8.05,8.18,8.02,8.15,8.05,7396272.0,60020586.7,3157684908.15,3260655300.75
sz000551,创元科技,2013-09-24,8.14,8.27,8.05,8.05,8.15,13983148.0,113777380.5,3118940308.05,3220647260.25
sz000551,创元科技,2013-09-25,8.03,8.08,7.85,7.87,8.05,13092288.0,103680012.6,3049200027.87,3148632787.35
sz000551,创元科技,2013-09-26,7.82,7.91,7.67,7.7,7.87,6992993.0,54306164.2,2983334207.7,3080619118.5
sz000551,创元科技,2013-09-27,7.74,7.87,7.7,7.82,7.7,5024932.0,39184655.6,3029827727.82,3128628767.1
sz000551,创元科技,2013-09-30,7.82,7.94,7.81,7.88,7.82,5866786.0,46225107.7,3053074487.88,3152633591.4
sz000551,创元科技,2013-10-08,8.05,8.36,8.05,8.14,7.88,19275241.0,158081016.2,3153810448.14,3256654496.7
sz000551,创元科技,2013-10-09,8.15,8.49,8.06,8.32,8.14,25296068.0,209980990.2,3223550728.32,3328668969.6
sz000551,创元科技,2013-10-10,8.4,8.45,8.18,8.3,8.32,16753584.0,138805959.9,3215801808.3,3320667361.5
sz000551,创元科技,2013-10-11,8.32,8.51,8.26,8.39,8.3,16907253.0,142014255.4,3250671948.39,3356674597.95
sz000551,创元科技,2013-10-14,8.4,8.86,8.29,8.84,8.39,27840594.0,238048620.7,3425022648.84,3536710780.2
sz000551,创元科技,2013-10-15,8.85,8.86,8.61,8.68,8.84,23863410.0,208160924.8,3363031288.68,3472697915.4
sz000551,创元科技,2013-10-16,8.67,8.76,8.3,8.47,8.68,19690878.0,167691853.1,3281667628.47,3388681030.35
sz000551,创元科技,2013-10-17,8.58,9.08,8.52,8.72,8.47,27767831.0,245470075.3,3378529128.72,3488701131.6
sz000551,创元科技,2013-10-18,8.66,8.88,8.55,8.75,8.72,15253393.0,132809538.2,3390152508.75,3500703543.75
sz000551,创元科技,2013-10-21,8.78,9.63,8.78,9.63,8.75,27405630.0,255451975.7,3731104989.63,3852774300.15
sz000551,创元科技,2013-10-22,10.59,10.59,10.07,10.4,9.63,90238237.0,943010301.0,4029438410.4,4160836212.0
sz000551,创元科技,2013-10-23,10.6,11.44,10.3,10.84,10.4,98972498.0,1085978211.3,4199914650.84,4336871590.2
sz000551,创元科技,2013-10-24,10.3,10.4,9.76,10.2,10.84,48191294.0,487873537.3,3951949210.2,4080820131.0
sz000551,创元科技,2013-10-25,10.41,10.99,9.8,9.95,10.2,60661861.0,633036447.2,3855087709.95,3980800029.75
sz000551,创元科技,2013-10-28,9.8,10.41,9.35,10.3,9.95,41462500.0,409866810.1,3990693810.3,4120828171.5
sz000551,创元科技,2013-10-29,10.07,10.21,9.27,9.62,10.3,46371483.0,445918519.8,3727230529.62,3848773496.1
sz000551,创元科技,2013-10-30,9.4,9.75,9.32,9.55,9.62,27030949.0,257884128.0,3700109309.55,3820767867.75
sz000551,创元科技,2013-10-31,9.41,9.49,8.94,9.02,9.55,26903735.0,247340968.6,3494762929.02,3608725253.1
sz000551,创元科技,2013-11-01,8.95,9.11,8.78,8.84,9.02,17150363.0,153111995.3,3425022648.84,3536710780.2
sz000551,创元科技,2013-11-04,9.06,9.44,9.03,9.13,8.84,26715182.0,245808902.6,3537381989.13,3652734097.65
sz000551,创元科技,2013-11-05,9.08,9.78,8.92,9.68,9.13,31870650.0,299364825.2,3750477289.68,3872778320.4
sz000551,创元科技,2013-11-06,9.6,10.04,9.49,9.49,9.68,42362875.0,415012933.3,3676862549.49,3796763043.45
sz000551,创元科技,2013-11-07,9.4,9.98,9.32,9.89,9.49,28403720.0,275945966.2,3831840949.89,3956795205.45
sz000551,创元科技,2013-11-08,9.77,10.27,9.69,9.92,9.89,32016056.0,320001047.5,3843464329.92,3968797617.6
sz000551,创元科技,2013-11-11,9.81,9.97,9.38,9.47,9.92,18495412.0,177780094.9,3669113629.47,3788761435.35
sz000551,创元科技,2013-11-12,9.39,9.82,9.15,9.82,9.47,21054950.0,199069765.4,3804719729.82,3928789577.1
sz000551,创元科技,2013-11-13,9.65,9.89,9.2,9.39,9.82,20390417.0,196869029.8,3638117949.39,3756755002.95
sz000551,创元科技,2013-11-14,9.38,9.48,9.11,9.33,9.39,18688809.0,173500697.5,3614871189.33,3732750178.65
sz000551,创元科技,2013-11-15,9.34,9.77,9.34,9.6,9.33,21033369.0,201483492.5,3719481609.6,3840771888.0
sz000551,创元科技,2013-11-18,9.6,10.07,9.51,10.01,9.6,28992361.0,285043427.1,3878334470.01,4004804854.05
sz000551,创元科技,2013-11-19,9.95,10.28,9.75,9.94,10.01,26967729.0,269927772.4,3851213249.94,3976799225.7
sz000551,创元科技,2013-11-20,9.9,10.48,9.81,10.36,9.94,27095537.0,273918463.7,4013940570.36,4144832995.8
sz000551,创元科技,2013-11-21,10.2,10.3,10.07,10.22,10.36,21606269.0,219846708.5,3959698130.22,4088821739.1
sz000551,创元科技,2013-11-22,10.25,10.43,9.95,9.96,10.22,19034031.0,193194052.2,3858962169.96,3984800833.8
sz000551,创元科技,2013-11-25,9.84,9.97,9.71,9.77,9.96,14848453.0,146069823.8,3785347429.77,3908785556.85
sz000551,创元科技,2013-11-26,9.77,9.91,9.69,9.85,9.77,9826648.0,96417282.4,3816343109.85,3940791989.25
sz000551,创元科技,2013-11-27,9.8,10.09,9.71,10.05,9.85,15509630.0,153645375.4,3893832310.05,4020808070.25
sz000551,创元科技,2013-11-28,10.05,10.08,9.9,9.94,10.05,13442363.0,133951785.1,3851213249.94,3976799225.7
sz000551,创元科技,2013-11-29,9.94,10.03,9.85,9.96,9.94,11309865.0,112363245.6,3858962169.96,3984800833.8
sz000551,创元科技,2013-12-02,9.63,9.67,8.96,9.0,9.96,22896497.0,211412072.9,3487014009.0,3600723645.0
sz000551,创元科技,2013-12-03,8.96,9.23,8.81,9.17,9.0,9939309.0,90448519.2,3552879829.17,3668737313.85
sz000551,创元科技,2013-12-04,9.22,9.52,9.2,9.43,9.17,12207070.0,114661592.8,3653615789.43,3772758219.15
sz000551,创元科技,2013-12-05,9.51,10.13,9.45,10.05,9.43,25132449.0,247420786.7,3893832310.05,4020808070.25
sz000551,创元科技,2013-12-06,10.1,10.3,9.85,9.97,10.05,25470896.0,256780848.8,3862836629.97,3988801637.85
sz000551,创元科技,2013-12-09,10.22,10.55,10.1,10.2,9.97,29864872.0,307687619.6,3951949210.2,4080820131.0
sz000551,创元科技,2013-12-10,10.05,10.18,9.97,10.04,10.2,15244541.0,153315546.1,3889957850.04,4016807266.2
sz000551,创元科技,2013-12-11,10.06,10.18,9.86,9.92,10.04,12215329.0,122379548.3,3843464329.92,3968797617.6
sz000551,创元科技,2013-12-12,9.95,10.18,9.85,10.04,9.92,10290754.0,103281009.7,3889957850.04,4016807266.2
sz000551,创元科技,2013-12-13,9.91,10.11,9.86,9.92,10.04,7350414.0,73272220.1,3843464329.92,3968797617.6
sz000551,创元科技,2013-12-16,9.9,10.05,9.44,9.65,9.92,12103063.0,117417352.2,3738853909.65,3860775908.25
sz000551,创元科技,2013-12-17,9.57,9.65,9.35,9.4,9.65,6827461.0,64523508.9,3641992409.4,3760755807.0
sz000551,创元科技,2013-12-18,9.4,9.59,9.39,9.45,9.4,5076284.0,48187327.5,3661364709.45,3780759827.25
sz000551,创元科技,2013-12-19,9.49,9.66,9.45,9.47,9.45,6194646.0,59238946.9,3669113629.47,3788761435.35
sz000551,创元科技,2013-12-20,9.5,9.58,9.28,9.37,9.47,5688630.0,53508091.8,3630369029.37,3748753394.85
sz000551,创元科技,2013-12-23,9.44,9.46,9.09,9.25,9.37,4780571.0,44535367.4,3583875509.25,3700743746.25
sz000551,创元科技,2013-12-24,9.34,9.55,9.28,9.45,9.25,5942394.0,56016849.3,3661364709.45,3780759827.25
sz000551,创元科技,2013-12-25,9.45,9.73,9.4,9.73,9.45,7551179.0,72520895.3,3769849589.73,3892782340.65
sz000551,创元科技,2013-12-26,9.75,9.75,9.28,9.28,9.73,8378894.0,79440607.0,3595498889.28,3712746158.4
sz000551,创元科技,2013-12-27,9.24,9.46,9.16,9.32,9.28,5524159.0,51640003.2,3610996729.32,3728749374.6
sz000551,创元科技,2013-12-30,9.34,9.5,9.33,9.37,9.32,4583816.0,43083335.2,3748753394.85,3748753394.85
sz000551,创元科技,2013-12-31,9.4,9.41,9.21,9.38,9.37,4801125.0,44687119.9,3752754198.9,3752754198.9
sz000551,创元科技,2014-01-02,9.39,9.41,9.28,9.37,9.38,4937242.0,46151969.5,3748753394.85,3748753394.85
sz000551,创元科技,2014-01-03,9.36,9.37,9.06,9.08,9.37,7125299.0,65251928.3,3632730077.4,3632730077.4
sz000551,创元科技,2014-01-06,9.06,9.12,8.68,8.74,9.08,7139983.0,63404258.5,3496702739.7,3496702739.7
sz000551,创元科技,2014-01-07,8.68,8.93,8.64,8.81,8.74,4106198.0,36208445.7,3524708368.05,3524708368.05
sz000551,创元科技,2014-01-08,8.89,9.08,8.86,8.9,8.81,4917063.0,44080516.4,3560715604.5,3560715604.5
sz000551,创元科技,2014-01-09,8.9,9.1,8.77,8.84,8.9,4866232.0,43466206.0,3536710780.2,3536710780.2
sz000551,创元科技,2014-01-10,8.82,9.1,8.69,8.85,8.84,4483659.0,39644266.0,3540711584.25,3540711584.25
sz000551,创元科技,2014-01-13,8.82,8.94,8.39,8.46,8.85,5622296.0,48492197.2,3384680226.3,3384680226.3
sz000551,创元科技,2014-01-14,8.4,8.56,8.36,8.56,8.46,4330213.0,36670560.4,3424688266.8,3424688266.8
sz000551,创元科技,2014-01-15,8.56,8.7,8.51,8.69,8.56,4524044.0,38847806.3,3476698719.45,3476698719.45
sz000551,创元科技,2014-01-16,8.69,8.85,8.6,8.73,8.69,4804417.0,41965724.4,3492701935.65,3492701935.65
sz000551,创元科技,2014-01-17,8.73,8.74,8.56,8.64,8.73,4318701.0,37296265.6,3456694699.2,3456694699.2
sz000551,创元科技,2014-01-20,8.85,9.25,8.75,9.13,8.64,17420281.0,158092199.5,3652734097.65,3652734097.65
sz000551,创元科技,2014-01-21,9.0,9.18,8.95,9.11,9.13,9461617.0,85895547.7,3644732489.55,3644732489.55
sz000551,创元科技,2014-01-22,9.1,9.38,9.01,9.28,9.11,11375197.0,105124097.8,3712746158.4,3712746158.4
sz000551,创元科技,2014-01-23,9.21,9.33,9.16,9.26,9.28,7220828.0,66734220.9,3704744550.3,3704744550.3
sz000551,创元科技,2014-01-24,9.3,9.41,9.27,9.3,9.26,8784542.0,82036685.9,3720747766.5,3720747766.5
sz000551,创元科技,2014-01-27,9.18,9.23,9.05,9.11,9.3,6253154.0,57078379.7,3644732489.55,3644732489.55
sz000551,创元科技,2014-01-28,9.17,9.23,9.06,9.14,9.11,4051428.0,37063420.7,3656734901.7,3656734901.7
sz000551,创元科技,2014-01-29,9.18,9.29,9.14,9.25,9.14,5402480.0,49766514.8,3700743746.25,3700743746.25
sz000551,创元科技,2014-01-30,9.21,9.32,9.15,9.23,9.25,4368450.0,40349453.2,3692742138.15,3692742138.15
sz000551,创元科技,2014-02-07,9.13,9.43,9.06,9.42,9.23,8676252.0,80906322.7,3768757415.1,3768757415.1
sz000551,创元科技,2014-02-10,9.47,9.69,9.43,9.61,9.42,11228312.0,107838742.1,3844772692.05,3844772692.05
sz000551,创元科技,2014-02-11,9.6,10.08,9.58,9.9,9.61,22912817.0,227457129.5,3960796009.5,3960796009.5
sz000551,创元科技,2014-02-12,9.98,10.2,9.84,9.98,9.9,18896154.0,189398426.7,3992802441.9,3992802441.9
sz000551,创元科技,2014-02-13,10.36,10.97,10.36,10.46,9.98,41774995.0,445053423.4,4184841036.3,4184841036.3
sz000551,创元科技,2014-02-14,10.33,10.61,10.0,10.5,10.46,22362954.0,231818702.0,4200844252.5,4200844252.5
sz000551,创元科技,2014-02-17,10.37,10.85,10.37,10.66,10.5,21050065.0,224542967.9,4264857117.3,4264857117.3
sz000551,创元科技,2014-02-18,10.51,10.76,10.4,10.51,10.66,16304943.0,171491478.4,4204845056.55,4204845056.55
sz000551,创元科技,2014-02-19,10.44,10.64,10.23,10.37,10.51,15063571.0,156560295.9,4148833799.85,4148833799.85
sz000551,创元科技,2014-02-20,10.39,10.44,10.0,10.32,10.37,17080231.0,174742124.2,4128829779.6,4128829779.6
sz000551,创元科技,2014-02-21,10.4,10.76,10.32,10.65,10.32,29028780.0,307319658.9,4260856313.25,4260856313.25
sz000551,创元科技,2014-02-24,10.89,11.28,10.65,11.0,10.65,36275434.0,398804684.6,4400884455.0,4400884455.0
sz000551,创元科技,2014-02-25,10.91,10.97,10.06,10.37,11.0,23861073.0,252993581.0,4148833799.85,4148833799.85
sz000551,创元科技,2014-02-26,10.3,10.65,9.95,10.61,10.37,18016385.0,184660122.0,4244853097.05,4244853097.05
sz000551,创元科技,2014-02-27,10.51,10.92,10.3,10.3,10.61,20531106.0,217879923.5,4120828171.5,4120828171.5
sz000551,创元科技,2014-02-28,10.04,10.29,9.77,10.17,10.3,14868868.0,149243753.8,4068817718.85,4068817718.85
sz000551,创元科技,2014-03-03,10.25,11.19,10.18,11.19,10.17,39001904.0,424080527.6,4476899731.95,4476899731.95
sz000551,创元科技,2014-03-04,11.06,11.1,10.77,11.04,11.19,33110225.0,362960953.8,4416887671.2,4416887671.2
sz000551,创元科技,2014-03-05,11.11,11.25,10.76,10.9,11.04,17688855.0,193986521.0,4360876414.5,4360876414.5
sz000551,创元科技,2014-03-06,10.95,11.0,10.48,10.65,10.9,17214957.0,184073133.5,4260856313.25,4260856313.25
sz000551,创元科技,2014-03-07,10.51,11.05,10.32,10.97,10.65,23311923.0,249680959.9,4388882042.85,4388882042.85
sz000551,创元科技,2014-03-10,10.88,11.26,10.4,10.55,10.97,27303937.0,298651292.2,4220848272.75,4220848272.75
sz000551,创元科技,2014-03-11,10.25,10.49,10.0,10.01,10.55,17638741.0,180595359.1,4004804854.05,4004804854.05
sz000551,创元科技,2014-03-12,10.01,10.15,9.74,9.93,10.01,11060249.0,109785274.3,3972798421.65,3972798421.65
sz000551,创元科技,2014-03-13,9.98,10.16,9.92,10.11,9.93,8300868.0,83391111.1,4044812894.55,4044812894.55
sz000551,创元科技,2014-03-14,10.04,10.04,9.75,9.82,10.11,8601754.0,85086324.6,3928789577.1,3928789577.1
sz000551,创元科技,2014-03-17,9.97,10.08,9.81,10.07,9.82,7483566.0,74548243.3,4028809678.35,4028809678.35
sz000551,创元科技,2014-03-18,10.09,10.32,10.0,10.2,10.07,10890141.0,110775738.3,4080820131.0,4080820131.0
sz000551,创元科技,2014-03-19,10.1,10.1,9.91,9.97,10.2,8228122.0,82243255.9,3988801637.85,3988801637.85
sz000551,创元科技,2014-03-20,9.97,10.04,9.47,9.47,9.97,9126227.0,89207497.0,3788761435.35,3788761435.35
sz000551,创元科技,2014-03-21,9.45,9.77,9.25,9.65,9.47,8616915.0,81824681.3,3860775908.25,3860775908.25
sz000551,创元科技,2014-03-24,9.7,9.85,9.62,9.67,9.65,6904950.0,67059528.3,3868777516.35,3868777516.35
sz000551,创元科技,2014-03-25,9.67,9.72,9.36,9.46,9.67,9513485.0,90538699.7,3784760631.3,3784760631.3
sz000551,创元科技,2014-03-26,9.47,9.68,9.45,9.68,9.46,8281307.0,79194920.0,3872778320.4,3872778320.4
sz000551,创元科技,2014-03-27,9.64,9.69,9.45,9.48,9.68,8040037.0,76836999.6,3792762239.4,3792762239.4
sz000551,创元科技,2014-03-28,9.38,9.49,9.0,9.01,9.48,9357962.0,86315619.6,3604724449.05,3604724449.05
sz000551,创元科技,2014-03-31,9.09,9.14,8.92,9.09,9.01,4282109.0,38670627.7,3636730881.45,3636730881.45
sz000551,创元科技,2014-04-01,9.16,9.27,9.09,9.23,9.09,5541499.0,50996448.4,3692742138.15,3692742138.15
sz000551,创元科技,2014-04-02,9.24,9.27,9.07,9.1,9.23,4036831.0,36997850.5,3640731685.5,3640731685.5
sz000551,创元科技,2014-04-03,9.15,9.31,9.1,9.18,9.1,4729344.0,43641545.2,3672738117.9,3672738117.9
sz000551,创元科技,2014-04-04,9.21,9.42,9.2,9.39,9.18,5072894.0,47286748.4,3756755002.95,3756755002.95
sz000551,创元科技,2014-04-08,9.34,9.47,9.21,9.4,9.39,5216499.0,48768142.0,3760755807.0,3760755807.0
sz000551,创元科技,2014-04-09,9.39,9.48,9.37,9.42,9.4,4434701.0,41765986.5,3768757415.1,3768757415.1
sz000551,创元科技,2014-04-10,9.45,9.48,9.38,9.4,9.42,5848537.0,55143160.3,3760755807.0,3760755807.0
sz000551,创元科技,2014-04-11,9.38,9.38,9.14,9.16,9.4,6915689.0,63645738.8,3664736509.8,3664736509.8
sz000551,创元科技,2014-04-14,9.18,9.27,9.16,9.25,9.16,3720305.0,34358223.5,3700743746.25,3700743746.25
sz000551,创元科技,2014-04-15,9.25,9.25,9.02,9.06,9.25,6216223.0,56620696.7,3624728469.3,3624728469.3
sz000551,创元科技,2014-04-16,9.07,9.16,9.07,9.15,9.06,3143426.0,28662954.6,3660735705.75,3660735705.75
sz000551,创元科技,2014-04-17,9.17,9.23,9.14,9.19,9.15,3887987.0,35666542.0,3676738921.95,3676738921.95
sz000551,创元科技,2014-04-18,9.19,9.29,9.08,9.28,9.19,6397594.0,58756389.9,3712746158.4,3712746158.4
sz000551,创元科技,2014-04-21,9.24,9.32,9.06,9.12,9.28,5175522.0,47654562.2,3648733293.6,3648733293.6
sz000551,创元科技,2014-04-22,9.06,9.14,8.87,8.99,9.12,4468348.0,40172133.7,3596722840.95,3596722840.95
sz000551,创元科技,2014-04-23,8.98,9.35,8.91,9.34,8.99,7660149.0,70299773.7,3736750982.7,3736750982.7
sz000551,创元科技,2014-04-24,9.3,9.38,9.11,9.3,9.34,7751203.0,71710619.2,3720747766.5,3720747766.5
sz000551,创元科技,2014-04-25,9.39,9.4,9.0,9.0,9.3,6408393.0,59023820.2,3600723645.0,3600723645.0
sz000551,创元科技,2014-04-28,8.91,9.0,8.2,8.27,9.0,6259809.0,53834981.0,3308664949.35,3308664949.35
sz000551,创元科技,2014-04-29,8.27,8.44,8.1,8.34,8.27,4097785.0,33919129.8,3336670577.7,3336670577.7
sz000551,创元科技,2014-04-30,8.33,8.4,8.26,8.36,8.34,2420837.0,20221932.3,3344672185.8,3344672185.8
sz000551,创元科技,2014-05-05,8.36,8.37,8.24,8.36,8.36,2439153.0,20260388.4,3344672185.8,3344672185.8
sz000551,创元科技,2014-05-06,8.38,8.61,8.36,8.48,8.36,4540136.0,38657129.6,3392681834.4,3392681834.4
sz000551,创元科技,2014-05-07,8.45,8.55,8.32,8.32,8.48,2703025.0,22819849.8,3328668969.6,3328668969.6
sz000551,创元科技,2014-05-08,8.31,8.44,8.24,8.28,8.32,3064635.0,25464358.6,3312665753.4,3312665753.4
sz000551,创元科技,2014-05-09,8.28,8.36,8.11,8.23,8.28,2979403.0,24588663.2,3292661733.15,3292661733.15
sz000551,创元科技,2014-05-12,8.31,8.42,8.23,8.42,8.23,4034945.0,33743370.5,3368677010.1,3368677010.1
sz000551,创元科技,2014-05-13,8.41,8.58,8.39,8.43,8.42,4064121.0,34386738.2,3372677814.15,3372677814.15
sz000551,创元科技,2014-05-14,8.42,8.45,8.35,8.41,8.43,2581802.0,21675839.0,3364676206.05,3364676206.05
sz000551,创元科技,2014-05-15,8.41,8.43,8.14,8.14,8.41,3506500.0,28971221.6,3256654496.7,3256654496.7
sz000551,创元科技,2014-05-16,8.14,8.24,7.98,8.08,8.14,3685049.0,29836207.8,3232649672.4,3232649672.4
sz000551,创元科技,2014-05-19,8.1,8.23,8.05,8.14,8.08,2436974.0,19860851.2,3256654496.7,3256654496.7
sz000551,创元科技,2014-05-20,8.24,8.31,8.16,8.23,8.14,3187302.0,26259808.8,3292661733.15,3292661733.15
sz000551,创元科技,2014-05-21,8.24,8.3,8.13,8.29,8.23,2516026.0,20725616.4,3316666557.45,3316666557.45
sz000551,创元科技,2014-05-22,8.29,8.37,8.23,8.24,8.29,2863142.0,23770643.6,3296662537.2,3296662537.2
sz000551,创元科技,2014-05-23,8.24,8.45,8.17,8.36,8.24,3774761.0,31470419.7,3344672185.8,3344672185.8
sz000551,创元科技,2014-05-26,8.38,8.47,8.34,8.45,8.36,4413102.0,37104011.3,3380679422.25,3380679422.25
sz000551,创元科技,2014-05-27,8.45,8.49,8.21,8.27,8.45,4925497.0,40987516.1,3308664949.35,3308664949.35
sz000551,创元科技,2014-05-28,8.3,8.47,8.3,8.44,8.27,6832719.0,57424933.4,3376678618.2,3376678618.2
sz000551,创元科技,2014-05-29,8.45,8.47,8.29,8.33,8.44,4081958.0,34141202.3,3332669773.65,3332669773.65
sz000551,创元科技,2014-05-30,8.34,8.38,8.16,8.17,8.33,4956175.0,40872964.5,3268656908.85,3268656908.85
sz000551,创元科技,2014-06-03,8.24,8.32,8.18,8.27,8.17,4985926.0,41143302.4,3308664949.35,3308664949.35
sz000551,创元科技,2014-06-04,8.31,8.65,8.29,8.53,8.27,19206678.0,163262165.8,3412685854.65,3412685854.65
sz000551,创元科技,2014-06-05,8.46,8.55,8.35,8.54,8.53,9113640.0,77115093.1,3416686658.7,3416686658.7
sz000551,创元科技,2014-06-06,8.52,8.56,8.42,8.45,8.54,5210277.0,44155155.1,3380679422.25,3380679422.25
sz000551,创元科技,2014-06-09,8.45,8.45,8.28,8.29,8.45,4698301.0,39297590.0,3316666557.45,3316666557.45
sz000551,创元科技,2014-06-10,8.29,8.46,8.25,8.41,8.29,4835926.0,40395260.5,3364676206.05,3364676206.05
sz000551,创元科技,2014-06-11,8.41,8.62,8.38,8.56,8.41,9783974.0,83656908.5,3424688266.8,3424688266.8
sz000551,创元科技,2014-06-12,8.5,8.63,8.45,8.54,8.56,6434591.0,55080249.2,3416686658.7,3416686658.7
sz000551,创元科技,2014-06-13,8.53,8.66,8.48,8.6,8.54,6814016.0,58580246.3,3440691483.0,3440691483.0
sz000551,创元科技,2014-06-16,8.62,8.73,8.58,8.67,8.6,5704283.0,49521952.6,3468697111.35,3468697111.35
sz000551,创元科技,2014-06-17,8.65,8.72,8.56,8.65,8.67,6558121.0,56594432.8,3460695503.25,3460695503.25
sz000551,创元科技,2014-06-18,8.59,8.68,8.43,8.48,8.65,5555379.0,47420482.0,3392681834.4,3392681834.4
sz000551,创元科技,2014-06-19,8.45,8.6,8.14,8.23,8.48,6143742.0,51524086.8,3292661733.15,3292661733.15
sz000551,创元科技,2014-06-20,8.23,8.3,8.12,8.24,8.23,4277525.0,35134175.1,3296662537.2,3296662537.2
sz000551,创元科技,2014-06-23,8.24,8.3,8.21,8.25,8.24,3278019.0,27072398.0,3300663341.25,3300663341.25
sz000551,创元科技,2014-06-24,8.25,8.35,8.22,8.28,8.25,4059056.0,33598088.3,3312665753.4,3312665753.4
sz000551,创元科技,2014-06-25,8.27,8.33,8.17,8.24,8.28,5168335.0,42528791.7,3296662537.2,3296662537.2
sz000551,创元科技,2014-06-26,8.26,8.37,8.24,8.3,8.24,4629250.0,38451851.6,3320667361.5,3320667361.5
sz000551,创元科技,2014-06-27,8.28,8.43,8.25,8.36,8.3,5228821.0,43709142.2,3344672185.8,3344672185.8
sz000551,创元科技,2014-06-30,8.37,8.49,8.35,8.49,8.36,7906287.0,66638665.2,3396682638.45,3396682638.45
sz000551,创元科技,2014-07-01,8.48,8.54,8.44,8.49,8.49,4632493.0,39338002.3,3396682638.45,3396682638.45
sz000551,创元科技,2014-07-02,8.5,8.54,8.4,8.5,8.49,5529318.0,46858081.3,3400683442.5,3400683442.5
sz000551,创元科技,2014-07-03,8.5,8.66,8.48,8.62,8.5,8280611.0,71194838.0,3448693091.1,3448693091.1
sz000551,创元科技,2014-07-04,8.62,8.62,8.49,8.53,8.62,5815568.0,49698239.2,3412685854.65,3412685854.65
sz000551,创元科技,2014-07-07,8.55,8.58,8.47,8.53,8.53,4095575.0,34889764.8,3412685854.65,3412685854.65
sz000551,创元科技,2014-07-08,8.51,8.84,8.51,8.77,8.53,11143865.0,97236871.4,3508705151.85,3508705151.85
sz000551,创元科技,2014-07-09,8.7,8.81,8.55,8.56,8.77,9412913.0,81873180.2,3424688266.8,3424688266.8
sz000551,创元科技,2014-07-10,8.56,8.88,8.52,8.77,8.56,10070846.0,88032472.9,3508705151.85,3508705151.85
sz000551,创元科技,2014-07-11,8.76,8.87,8.74,8.8,8.77,6477223.0,57007735.2,3520707564.0,3520707564.0
sz000551,创元科技,2014-07-14,8.81,9.05,8.8,9.03,8.8,9568642.0,85706774.3,3612726057.15,3612726057.15
sz000551,创元科技,2014-07-15,9.02,9.05,8.84,8.9,9.03,7194062.0,64134783.7,3560715604.5,3560715604.5
sz000551,创元科技,2014-07-16,8.9,8.94,8.71,8.76,8.9,5379696.0,47422023.2,3504704347.8,3504704347.8
sz000551,创元科技,2014-07-17,8.76,8.86,8.71,8.85,8.76,4128026.0,36229992.6,3540711584.25,3540711584.25
sz000551,创元科技,2014-07-18,8.82,8.93,8.75,8.76,8.85,4272682.0,37809227.9,3504704347.8,3504704347.8
sz000551,创元科技,2014-07-21,8.8,8.8,8.62,8.63,8.76,4249076.0,36821727.8,3452693895.15,3452693895.15
sz000551,创元科技,2014-07-22,8.62,8.78,8.6,8.73,8.63,4299854.0,37450334.2,3492701935.65,3492701935.65
sz000551,创元科技,2014-07-23,8.76,8.83,8.58,8.6,8.73,5217859.0,45350730.1,3440691483.0,3440691483.0
sz000551,创元科技,2014-07-24,8.6,8.68,8.53,8.65,8.6,4865468.0,41921296.1,3460695503.25,3460695503.25
sz000551,创元科技,2014-07-25,8.63,8.89,8.63,8.82,8.65,5997439.0,52789406.9,3528709172.1,3528709172.1
sz000551,创元科技,2014-07-28,8.88,9.05,8.81,8.99,8.82,11352911.0,101527090.6,3596722840.95,3596722840.95
sz000551,创元科技,2014-07-29,9.01,9.05,8.9,8.98,8.99,9976177.0,89633857.8,3592722036.9,3592722036.9
sz000551,创元科技,2014-07-30,8.97,9.08,8.93,9.0,8.98,6789722.0,61070140.3,3600723645.0,3600723645.0
sz000551,创元科技,2014-07-31,9.0,9.09,8.95,9.09,9.0,7693867.0,69426826.4,3636730881.45,3636730881.45
sz000551,创元科技,2014-08-01,9.09,9.14,8.88,8.88,9.09,8451851.0,76312218.5,3552713996.4,3552713996.4
sz000551,创元科技,2014-08-04,9.0,9.27,8.93,9.2,8.88,11927396.0,108762335.4,3680739726.0,3680739726.0
sz000551,创元科技,2014-08-05,9.21,9.25,9.13,9.24,9.2,6959338.0,63935915.8,3696742942.2,3696742942.2
sz000551,创元科技,2014-08-06,9.19,9.27,9.13,9.19,9.24,6471148.0,59574998.2,3676738921.95,3676738921.95
sz000551,创元科技,2014-08-07,9.17,9.43,9.15,9.27,9.19,12075760.0,112101223.0,3708745354.35,3708745354.35
sz000551,创元科技,2014-08-08,9.22,9.32,9.13,9.22,9.27,5571407.0,51304958.4,3688741334.1,3688741334.1
sz000551,创元科技,2014-08-11,9.25,9.35,9.21,9.31,9.22,7658797.0,71060612.5,3724748570.55,3724748570.55
sz000551,创元科技,2014-08-12,9.3,9.32,9.2,9.25,9.31,6572077.0,60813028.8,3700743746.25,3700743746.25
sz000551,创元科技,2014-08-13,9.23,9.33,9.16,9.23,9.25,5950547.0,54945800.4,3692742138.15,3692742138.15
sz000551,创元科技,2014-08-14,9.26,9.4,9.15,9.26,9.23,10506582.0,97985181.6,3704744550.3,3704744550.3
sz000551,创元科技,2014-08-15,9.25,9.38,9.25,9.31,9.26,6506940.0,60603722.4,3724748570.55,3724748570.55
sz000551,创元科技,2014-08-18,9.3,9.48,9.3,9.47,9.31,10210017.0,96030277.0,3788761435.35,3788761435.35
sz000551,创元科技,2014-08-19,9.45,9.64,9.38,9.63,9.47,14155507.0,134867260.8,3852774300.15,3852774300.15
sz000551,创元科技,2014-08-20,9.77,9.79,9.42,9.46,9.63,10890130.0,103999815.8,3784760631.3,3784760631.3
sz000551,创元科技,2014-08-21,9.42,9.53,9.34,9.41,9.46,6506518.0,61212222.6,3764756611.05,3764756611.05
sz000551,创元科技,2014-08-22,9.41,9.5,9.4,9.48,9.41,5848006.0,55226855.4,3792762239.4,3792762239.4
sz000551,创元科技,2014-08-25,9.46,9.47,9.27,9.34,9.48,7168682.0,67141586.6,3736750982.7,3736750982.7
sz000551,创元科技,2014-08-26,9.33,9.4,9.02,9.08,9.34,6747940.0,61895961.2,3632730077.4,3632730077.4
sz000551,创元科技,2014-08-27,9.11,9.19,9.04,9.11,9.08,4337400.0,39573973.1,3644732489.55,3644732489.55
sz000551,创元科技,2014-08-28,9.13,9.21,9.06,9.1,9.11,3603344.0,32905128.4,3640731685.5,3640731685.5
sz000551,创元科技,2014-08-29,9.11,9.2,9.03,9.2,9.1,3336710.0,30414684.3,3680739726.0,3680739726.0
sz000551,创元科技,2014-09-01,9.2,9.3,9.18,9.29,9.2,5505518.0,50971989.4,3716746962.45,3716746962.45
sz000551,创元科技,2014-09-02,9.31,9.4,9.27,9.4,9.29,6510045.0,60857407.0,3760755807.0,3760755807.0
sz000551,创元科技,2014-09-03,9.44,9.49,9.34,9.41,9.4,8964832.0,84485700.3,3764756611.05,3764756611.05
sz000551,创元科技,2014-09-04,9.42,9.62,9.36,9.55,9.41,11661187.0,111288055.3,3820767867.75,3820767867.75
sz000551,创元科技,2014-09-05,9.53,9.73,9.51,9.67,9.55,13213404.0,127360319.5,3868777516.35,3868777516.35
sz000551,创元科技,2014-09-09,9.71,9.76,9.55,9.64,9.67,10700860.0,103123540.8,3856775104.2,3856775104.2
sz000551,创元科技,2014-09-10,9.61,9.69,9.53,9.66,9.64,9215089.0,88590515.8,3864776712.3,3864776712.3
sz000551,创元科技,2014-09-11,9.69,9.83,9.56,9.59,9.66,11926418.0,115813138.1,3836771083.95,3836771083.95
sz000551,创元科技,2014-09-12,9.58,9.75,9.56,9.74,9.59,7282187.0,70434304.7,3896783144.7,3896783144.7
sz000551,创元科技,2014-09-15,9.75,9.92,9.73,9.89,9.74,11869626.0,116709375.8,3956795205.45,3956795205.45
sz000551,创元科技,2014-09-16,9.88,9.88,9.31,9.47,9.89,11758804.0,114097608.4,3788761435.35,3788761435.35
sz000551,创元科技,2014-09-17,9.51,9.59,9.41,9.51,9.47,6024010.0,57302036.6,3804764651.55,3804764651.55
sz000551,创元科技,2014-09-18,9.5,9.61,9.47,9.61,9.51,5502890.0,52612758.1,3844772692.05,3844772692.05
sz000551,创元科技,2014-09-19,9.66,9.85,9.64,9.8,9.61,10545634.0,102964599.5,3920787969.0,3920787969.0
sz000551,创元科技,2014-09-22,9.81,9.82,9.57,9.63,9.8,7144936.0,69330215.9,3852774300.15,3852774300.15
sz000551,创元科技,2014-09-23,9.63,9.8,9.63,9.79,9.63,6590354.0,64147991.4,3916787164.95,3916787164.95
sz000551,创元科技,2014-09-24,9.78,10.08,9.75,9.97,9.79,11918655.0,118826290.2,3988801637.85,3988801637.85
sz000551,创元科技,2014-09-25,9.99,10.05,9.85,9.9,9.97,11173909.0,111204426.2,3960796009.5,3960796009.5
sz000551,创元科技,2014-09-26,9.86,10.04,9.85,9.99,9.9,7821788.0,77872652.2,3996803245.95,3996803245.95
sz000551,创元科技,2014-09-29,10.0,10.1,9.96,10.07,9.99,8672190.0,86935499.0,4028809678.35,4028809678.35
sz000551,创元科技,2014-09-30,10.06,10.11,10.0,10.06,10.07,9054509.0,90991867.4,4024808874.3,4024808874.3
sz000551,创元科技,2014-10-08,10.09,10.31,10.01,10.3,10.06,13100601.0,133208808.0,4120828171.5,4120828171.5
sz000551,创元科技,2014-10-09,10.36,10.67,10.17,10.39,10.3,21460638.0,223575897.3,4156835407.95,4156835407.95
sz000551,创元科技,2014-10-10,10.4,10.73,10.36,10.5,10.39,20117827.0,211766898.7,4200844252.5,4200844252.5
sz000551,创元科技,2014-10-13,10.46,10.46,10.2,10.45,10.5,11595095.0,119689742.6,4180840232.25,4180840232.25
sz000551,创元科技,2014-10-14,10.39,10.5,10.2,10.34,10.45,10199704.0,105646278.1,4136831387.7,4136831387.7
sz000551,创元科技,2014-10-15,10.35,10.41,10.12,10.35,10.34,9990422.0,102540797.4,4140832191.75,4140832191.75
sz000551,创元科技,2014-10-16,10.28,10.77,10.22,10.52,10.35,19340432.0,203610875.2,4208845860.6,4208845860.6
sz000551,创元科技,2014-10-17,10.49,10.85,10.14,10.81,10.52,27639305.0,293614160.4,4324869178.05,4324869178.05
sz000551,创元科技,2014-10-20,11.03,11.89,10.85,11.45,10.81,52704287.0,608246674.9,4580920637.25,4580920637.25
sz000551,创元科技,2014-10-21,11.08,11.16,10.75,10.8,11.45,31983465.0,350263600.7,4320868374.0,4320868374.0
sz000551,创元科技,2014-10-22,10.78,10.88,10.37,10.4,10.8,19450400.0,207173758.3,4160836212.0,4160836212.0
sz000551,创元科技,2014-10-23,10.39,10.77,10.32,10.6,10.4,17182149.0,180818401.9,4240852293.0,4240852293.0
sz000551,创元科技,2014-10-24,10.53,10.63,10.15,10.2,10.6,13024681.0,135847024.3,4080820131.0,4080820131.0
sz000551,创元科技,2014-10-27,10.24,10.53,10.16,10.41,10.2,10076064.0,104779373.9,4164837016.05,4164837016.05
sz000551,创元科技,2014-10-28,10.42,10.71,10.41,10.69,10.41,16491661.0,174464654.8,4276859529.45,4276859529.45
sz000551,创元科技,2014-10-29,10.74,10.94,10.58,10.93,10.69,19399736.0,208783248.6,4372878826.65,4372878826.65
sz000551,创元科技,2014-10-30,10.9,10.95,10.65,10.7,10.93,15265562.0,164648841.1,4280860333.5,4280860333.5
sz000551,创元科技,2014-10-31,10.72,10.89,10.66,10.85,10.7,13694200.0,147725885.2,4340872394.25,4340872394.25
sz000551,创元科技,2014-11-03,10.84,11.08,10.73,10.86,10.85,14968201.0,163325409.4,4344873198.3,4344873198.3
sz000551,创元科技,2014-11-04,10.87,10.89,10.58,10.6,10.86,13228714.0,141022002.9,4240852293.0,4240852293.0
sz000551,创元科技,2014-11-05,10.61,10.76,10.42,10.7,10.6,10060569.0,107155500.9,4280860333.5,4280860333.5
sz000551,创元科技,2014-11-06,10.7,10.91,10.58,10.91,10.7,12176957.0,131080733.2,4364877218.55,4364877218.55
sz000551,创元科技,2014-11-07,10.88,10.98,10.5,10.63,10.91,14362733.0,154808207.6,4252854705.15,4252854705.15
sz000551,创元科技,2014-11-10,10.65,10.7,10.48,10.53,10.63,12628126.0,133222980.9,4212846664.65,4212846664.65
sz000551,创元科技,2014-11-11,10.58,10.62,9.87,10.03,10.53,15742826.0,160352926.5,4012806462.15,4012806462.15
sz000551,创元科技,2014-11-12,10.02,10.15,9.96,10.13,10.03,7605507.0,76534247.8,4052814502.65,4052814502.65
sz000551,创元科技,2014-11-13,10.13,10.2,9.71,9.86,10.13,10592511.0,104762670.9,3944792793.3,3944792793.3
sz000551,创元科技,2014-11-14,9.75,9.94,9.64,9.73,9.86,7190762.0,70317960.7,3892782340.65,3892782340.65
sz000551,创元科技,2014-11-17,9.68,9.92,9.68,9.88,9.73,5033721.0,49573160.5,3952794401.4,3952794401.4
sz000551,创元科技,2014-11-18,9.87,10.05,9.8,9.93,9.88,5773436.0,57465749.8,3972798421.65,3972798421.65
sz000551,创元科技,2014-11-19,9.97,10.09,9.9,10.05,9.93,6360975.0,63652694.9,4020808070.25,4020808070.25
sz000551,创元科技,2014-11-20,10.0,10.07,9.9,9.91,10.05,5875645.0,58398676.1,3964796813.55,3964796813.55
sz000551,创元科技,2014-11-21,9.91,10.07,9.89,10.04,9.91,6779380.0,67799045.9,4016807266.2,4016807266.2
sz000551,创元科技,2014-11-24,10.16,10.48,10.08,10.48,10.04,18951673.0,195576992.8,4192842644.4,4192842644.4
sz000551,创元科技,2014-11-25,10.4,10.54,10.33,10.53,10.48,15031581.0,157011656.7,4212846664.65,4212846664.65
sz000551,创元科技,2014-11-26,10.53,10.66,10.42,10.61,10.53,11860267.0,124676835.5,4244853097.05,4244853097.05
sz000551,创元科技,2014-11-27,10.71,10.78,10.44,10.53,10.61,13982449.0,148027745.1,4212846664.65,4212846664.65
sz000551,创元科技,2014-11-28,10.53,10.58,10.3,10.34,10.53,11247432.0,116608695.3,4136831387.7,4136831387.7
sz000551,创元科技,2014-12-01,10.35,10.48,10.29,10.4,10.34,8499800.0,88018787.6,4160836212.0,4160836212.0
sz000551,创元科技,2014-12-02,10.4,10.73,10.4,10.58,10.4,17872984.0,189799184.5,4232850684.9,4232850684.9
sz000551,创元科技,2014-12-03,10.59,10.59,10.36,10.59,10.58,15317791.0,160223733.6,4236851488.95,4236851488.95
sz000551,创元科技,2014-12-04,10.59,10.78,10.52,10.69,10.59,18873409.0,201467145.0,4276859529.45,4276859529.45
sz000551,创元科技,2014-12-05,10.66,10.7,10.07,10.21,10.69,17275006.0,178828572.2,4084820935.05,4084820935.05
sz000551,创元科技,2014-12-08,10.17,10.21,10.0,10.12,10.21,13192404.0,133174619.7,4048813698.6,4048813698.6
sz000551,创元科技,2014-12-09,10.06,10.17,9.66,9.68,10.12,14161764.0,141061996.9,3872778320.4,3872778320.4
sz000551,创元科技,2014-12-10,9.68,10.45,9.68,10.38,9.68,19451669.0,197933781.9,4152834603.9,4152834603.9
sz000551,创元科技,2014-12-11,10.55,10.65,10.34,10.38,10.38,20329753.0,213103904.6,4152834603.9,4152834603.9
sz000551,创元科技,2014-12-12,10.49,10.76,10.28,10.72,10.38,22286030.0,235672561.6,4288861941.6,4288861941.6
sz000551,创元科技,2014-12-15,10.69,10.76,10.55,10.72,10.72,15177708.0,162041208.5,4288861941.6,4288861941.6
sz000551,创元科技,2014-12-16,10.72,10.81,10.5,10.64,10.72,15007148.0,159693896.1,4256855509.2,4256855509.2
sz000551,创元科技,2014-12-17,10.62,10.62,10.2,10.33,10.64,11645911.0,121225758.6,4132830583.65,4132830583.65
sz000551,创元科技,2014-12-18,10.33,10.95,10.21,10.58,10.33,22183974.0,237540179.3,4232850684.9,4232850684.9
sz000551,创元科技,2014-12-19,10.42,10.55,10.03,10.31,10.58,13118739.0,134795750.5,4124828975.55,4124828975.55
sz000551,创元科技,2014-12-22,10.2,10.36,9.7,9.81,10.31,13756022.0,137014955.8,3924788773.05,3924788773.05
sz000551,创元科技,2014-12-23,9.89,10.09,9.78,9.8,9.81,6847543.0,68051591.0,3920787969.0,3920787969.0
sz000551,创元科技,2014-12-24,9.86,10.07,9.83,10.02,9.8,6901887.0,69014743.0,4008805658.1,4008805658.1
sz000551,创元科技,2014-12-25,10.07,10.14,9.99,10.09,10.02,5792199.0,58214064.7,4036811286.45,4036811286.45
sz000551,创元科技,2014-12-26,10.09,10.15,9.98,10.0,10.09,7927003.0,79449381.7,4000804050.0,4000804050.0
sz000551,创元科技,2014-12-29,10.05,10.12,9.91,9.98,10.0,6884562.0,68856614.7,3992802441.9,3992802441.9
sz000551,创元科技,2014-12-30,9.95,10.01,9.49,9.51,9.98,11064971.0,107665532.5,3804764651.55,3804764651.55
sz000551,创元科技,2014-12-31,9.55,10.15,9.54,10.0,9.51,10414201.0,102496739.2,4000804050.0,4000804050.0
sz000551,创元科技,2015-01-05,10.04,10.06,9.88,9.98,10.0,12942638.0,129475827.9,3992802441.9,3992802441.9
sz000551,创元科技,2015-01-06,9.9,10.23,9.82,10.2,9.98,9886788.0,99228839.0,4080820131.0,4080820131.0
sz000551,创元科技,2015-01-07,10.12,10.13,9.89,9.97,10.2,8225907.0,82326021.6,3988801637.85,3988801637.85
sz000551,创元科技,2015-01-08,9.98,10.11,9.91,9.92,9.97,7656933.0,76670885.1,3968797617.6,3968797617.6
sz000551,创元科技,2015-01-09,9.9,9.98,9.69,9.7,9.92,7199551.0,70990487.2,3880779928.5,3880779928.5
sz000551,创元科技,2015-01-12,9.7,9.99,9.68,9.73,9.7,5242585.0,51357066.9,3892782340.65,3892782340.65
sz000551,创元科技,2015-01-13,9.77,9.79,9.66,9.75,9.73,4708777.0,45774932.0,3900783948.75,3900783948.75
sz000551,创元科技,2015-01-14,9.75,9.78,9.56,9.63,9.75,4341863.0,42016369.6,3852774300.15,3852774300.15
sz000551,创元科技,2015-01-15,9.66,9.88,9.66,9.76,9.63,4789862.0,46812872.4,3904784752.8,3904784752.8
sz000551,创元科技,2015-01-16,9.76,9.91,9.7,9.87,9.76,4585725.0,45077344.1,3948793597.35,3948793597.35
sz000551,创元科技,2015-01-19,9.67,9.88,9.21,9.49,9.87,7805657.0,75123348.7,3796763043.45,3796763043.45
sz000551,创元科技,2015-01-20,9.55,9.95,9.55,9.87,9.49,7439224.0,72428016.2,3948793597.35,3948793597.35
sz000551,创元科技,2015-01-21,9.92,10.04,9.85,10.02,9.87,12366391.0,123021379.0,4008805658.1,4008805658.1
sz000551,创元科技,2015-01-22,9.99,10.15,9.91,10.07,10.02,9958840.0,99789568.1,4028809678.35,4028809678.35
sz000551,创元科技,2015-01-23,10.12,10.12,9.9,9.93,10.07,6970821.0,69699830.1,3972798421.65,3972798421.65
sz000551,创元科技,2015-01-26,9.93,10.14,9.93,10.11,9.93,8121409.0,81791482.5,4044812894.55,4044812894.55
sz000551,创元科技,2015-01-27,10.15,10.19,9.91,10.07,10.11,8554670.0,86226909.3,4028809678.35,4028809678.35
sz000551,创元科技,2015-01-28,10.04,10.15,9.99,10.03,10.07,6002384.0,60472190.3,4012806462.15,4012806462.15
sz000551,创元科技,2015-01-29,9.96,10.09,9.93,9.97,10.03,5176164.0,51761647.3,3988801637.85,3988801637.85
sz000551,创元科技,2015-01-30,9.99,10.14,9.96,10.01,9.97,7575204.0,76223667.7,4004804854.05,4004804854.05
sz000551,创元科技,2015-02-02,9.97,9.97,9.67,9.72,10.01,7042805.0,69013680.8,3888781536.6,3888781536.6
sz000551,创元科技,2015-02-03,9.77,9.89,9.72,9.88,9.72,5007906.0,49202362.7,3952794401.4,3952794401.4
sz000551,创元科技,2015-02-04,9.89,10.16,9.83,10.02,9.88,10070810.0,100965057.3,4008805658.1,4008805658.1
sz000551,创元科技,2015-02-05,10.08,10.13,9.91,10.0,10.02,7774475.0,78095302.0,4000804050.0,4000804050.0
sz000551,创元科技,2015-02-06,9.96,10.06,9.53,9.65,10.0,6730348.0,66041895.7,3860775908.25,3860775908.25
sz000551,创元科技,2015-02-09,9.61,9.76,9.61,9.62,9.65,3359000.0,32508777.5,3848773496.1,3848773496.1
sz000551,创元科技,2015-02-10,9.65,9.74,9.59,9.71,9.62,2456888.0,23763706.6,3884780732.55,3884780732.55
sz000551,创元科技,2015-02-11,9.7,9.85,9.68,9.77,9.71,3834285.0,37513572.2,3908785556.85,3908785556.85
sz000551,创元科技,2015-02-12,9.78,9.98,9.78,9.87,9.77,3685197.0,36409852.5,3948793597.35,3948793597.35
sz000551,创元科技,2015-02-13,9.92,10.12,9.86,10.06,9.87,8717141.0,87570764.9,4024808874.3,4024808874.3
sz000551,创元科技,2015-02-16,10.05,10.22,10.05,10.17,10.06,10238177.0,103931834.9,4068817718.85,4068817718.85
sz000551,创元科技,2015-02-17,10.22,10.3,10.1,10.24,10.17,9723842.0,99027259.1,4096823347.2,4096823347.2
sz000551,创元科技,2015-02-25,10.25,10.6,10.2,10.46,10.24,19013716.0,198067880.4,4184841036.3,4184841036.3
sz000551,创元科技,2015-02-26,10.41,10.59,10.34,10.48,10.46,12526994.0,130855488.3,4192842644.4,4192842644.4
sz000551,创元科技,2015-02-27,10.47,10.66,10.43,10.54,10.48,14441903.0,152154699.0,4216847468.7,4216847468.7
sz000551,创元科技,2015-03-02,11.59,11.59,11.59,11.59,10.54,19209043.0,222632808.4,4636931893.95,4636931893.95
sz000551,创元科技,2015-03-03,11.8,12.47,11.59,11.93,11.59,78377747.0,947256696.3,4772959231.65,4772959231.65
sz000551,创元科技,2015-03-04,11.6,11.86,11.48,11.82,11.93,31864266.0,371292861.1,4728950387.1,4728950387.1
sz000551,创元科技,2015-03-05,11.75,12.15,11.62,11.87,11.82,26951379.0,321292266.5,4748954407.35,4748954407.35
sz000551,创元科技,2015-03-06,11.98,12.1,11.42,11.51,11.87,21049508.0,246590594.6,4604925461.55,4604925461.55
sz000551,创元科技,2015-03-09,11.32,11.63,11.31,11.52,11.51,12489107.0,143622864.9,4608926265.6,4608926265.6
sz000551,创元科技,2015-03-10,11.54,11.78,11.48,11.71,11.52,14833097.0,172711059.4,4684941542.55,4684941542.55
sz000551,创元科技,2015-03-11,11.69,11.75,11.5,11.54,11.71,11721895.0,135825251.6,4616927873.7,4616927873.7
sz000551,创元科技,2015-03-12,11.51,11.63,11.05,11.27,11.54,16533417.0,187024669.3,4508906164.35,4508906164.35
sz000551,创元科技,2015-03-13,11.36,11.52,11.26,11.48,11.27,13070918.0,148837178.5,4592923049.4,4592923049.4
sz000551,创元科技,2015-03-16,11.54,11.82,11.54,11.8,11.48,17197947.0,201464943.2,4720948779.0,4720948779.0
sz000551,创元科技,2015-03-17,11.8,11.99,11.7,11.86,11.8,18231558.0,215527346.0,4744953603.3,4744953603.3
sz000551,创元科技,2015-03-18,11.88,12.25,11.73,12.14,11.86,22511013.0,269473434.0,4856976116.7,4856976116.7
sz000551,创元科技,2015-03-19,12.1,12.11,11.81,11.95,12.14,19901151.0,237352286.9,4780960839.75,4780960839.75
sz000551,创元科技,2015-03-20,11.95,12.08,11.83,11.98,11.95,15999998.0,191403664.7,4792963251.9,4792963251.9
sz000551,创元科技,2015-03-23,12.06,12.24,11.94,12.15,11.98,23364434.0,282640902.9,4860976920.75,4860976920.75
sz000551,创元科技,2015-03-24,12.16,12.46,11.8,12.3,12.15,30803902.0,375636551.8,4920988981.5,4920988981.5
sz000551,创元科技,2015-03-25,12.3,12.88,12.07,12.67,12.3,30615893.0,385943938.7,5069018731.35,5069018731.35
sz000551,创元科技,2015-03-26,12.66,12.97,12.31,12.74,12.67,22682066.0,285978241.2,5097024359.7,5097024359.7
sz000551,创元科技,2015-03-27,12.96,13.06,12.5,12.7,12.74,17175980.0,218055504.0,5081021143.5,5081021143.5
sz000551,创元科技,2015-03-30,12.63,12.77,12.5,12.68,12.7,17275726.0,217902352.6,5073019535.4,5073019535.4
sz000551,创元科技,2015-03-31,12.72,12.75,12.36,12.41,12.68,19000636.0,237567107.6,4964997826.05,4964997826.05
sz000551,创元科技,2015-04-01,12.42,12.6,12.42,12.55,12.41,15385529.0,192231000.8,5021009082.75,5021009082.75
sz000551,创元科技,2015-04-02,12.68,13.5,12.61,13.26,12.55,36568548.0,478685070.4,5305066170.3,5305066170.3
sz000551,创元科技,2015-04-03,13.1,13.36,12.98,13.24,13.26,20975912.0,276407614.8,5297064562.2,5297064562.2
sz000551,创元科技,2015-04-07,13.24,13.56,13.2,13.27,13.24,19618239.0,261862805.5,5309066974.35,5309066974.35
sz000551,创元科技,2015-04-08,13.31,13.47,12.7,12.81,13.27,22625520.0,293286397.7,5125029988.05,5125029988.05
sz000551,创元科技,2015-04-09,13.04,13.19,12.46,12.97,12.81,24005458.0,308866726.4,5189042852.85,5189042852.85
sz000551,创元科技,2015-04-10,12.86,13.35,12.78,13.29,12.97,20434160.0,267942563.8,5317068582.45,5317068582.45
sz000551,创元科技,2015-04-13,13.3,13.98,13.3,13.91,13.29,28418670.0,388934881.6,5565118433.55,5565118433.55
sz000551,创元科技,2015-04-14,13.93,14.36,13.58,13.63,13.91,26395311.0,367465850.9,5453095920.15,5453095920.15
sz000551,创元科技,2015-04-15,13.47,13.8,13.21,13.42,13.63,17937714.0,242680752.0,5369079035.1,5369079035.1
sz000551,创元科技,2015-04-16,13.5,14.09,13.45,13.95,13.42,20809417.0,288392650.2,5581121649.75,5581121649.75
sz000551,创元科技,2015-04-17,14.06,14.42,13.75,13.76,13.95,22694597.0,317914192.7,5505106372.8,5505106372.8
sz000551,创元科技,2015-04-20,13.61,13.7,13.01,13.09,13.76,22035902.0,293123084.8,5237052501.45,5237052501.45
sz000551,创元科技,2015-04-21,13.07,13.47,13.01,13.46,13.09,13570382.0,180390452.6,5385082251.3,5385082251.3
sz000551,创元科技,2015-04-22,13.5,13.81,13.4,13.77,13.46,18061059.0,246572268.1,5509107176.85,5509107176.85
sz000551,创元科技,2015-04-23,13.77,13.83,13.39,13.62,13.77,20981777.0,285600527.9,5449095116.1,5449095116.1
sz000551,创元科技,2015-04-24,13.48,14.2,13.3,14.08,13.62,26070073.0,359954129.8,5633132102.4,5633132102.4
sz000551,创元科技,2015-04-27,14.05,14.29,13.76,13.91,14.08,20386317.0,285092715.4,5565118433.55,5565118433.55
sz000551,创元科技,2015-04-28,13.91,14.01,13.28,13.42,13.91,14624106.0,198445920.1,5369079035.1,5369079035.1
sz000551,创元科技,2015-04-29,13.39,13.64,13.3,13.61,13.42,11395043.0,153736071.0,5445094312.05,5445094312.05
sz000551,创元科技,2015-04-30,13.62,13.78,13.28,13.3,13.61,14377555.0,194596887.5,5321069386.5,5321069386.5
sz000551,创元科技,2015-05-04,13.45,13.65,13.31,13.51,13.3,11745085.0,158140720.4,5405086271.55,5405086271.55
sz000551,创元科技,2015-05-05,13.55,13.59,12.78,12.84,13.51,12916798.0,169958468.8,5137032400.2,5137032400.2
sz000551,创元科技,2015-05-06,13.03,13.2,12.5,12.7,12.84,10763478.0,139442454.1,5081021143.5,5081021143.5
sz000551,创元科技,2015-05-07,12.72,12.78,12.22,12.22,12.7,8481642.0,105543937.5,4888982549.1,4888982549.1
sz000551,创元科技,2015-05-08,12.41,12.69,12.3,12.67,12.22,8587158.0,107500337.6,5069018731.35,5069018731.35
sz000551,创元科技,2015-05-11,12.85,13.28,12.72,13.2,12.67,10515329.0,137534850.2,5281061346.0,5281061346.0
sz000551,创元科技,2015-05-12,13.13,13.5,13.08,13.31,13.2,13679218.0,181618671.0,5325070190.55,5325070190.55
sz000551,创元科技,2015-05-13,13.23,13.64,13.1,13.49,13.31,15244088.0,205434051.3,5397084663.45,5397084663.45
sz000551,创元科技,2015-05-14,13.48,13.87,13.42,13.82,13.49,16259200.0,223157331.1,5529111197.1,5529111197.1
sz000551,创元科技,2015-05-15,13.88,15.2,13.62,15.15,13.82,40647192.0,588384050.9,6061218135.75,6061218135.75
sz000551,创元科技,2015-05-18,14.6,15.24,14.53,14.78,15.15,27037573.0,402336043.6,5913188385.9,5913188385.9
sz000551,创元科技,2015-05-19,14.96,15.46,14.81,14.92,14.78,20937861.0,314905437.9,5969199642.6,5969199642.6
sz000551,创元科技,2015-05-20,15.03,15.6,14.89,15.19,14.92,24057999.0,367397955.1,6077221351.95,6077221351.95
sz000551,创元科技,2015-05-21,15.35,16.26,15.05,16.06,15.19,25776588.0,401146034.9,6425291304.3,6425291304.3
sz000551,创元科技,2015-05-22,16.1,16.6,15.72,16.09,16.06,28011691.0,451026008.3,6437293716.45,6437293716.45
sz000551,创元科技,2015-05-25,16.1,16.77,15.73,16.52,16.09,24874953.0,406495961.8,6609328290.6,6609328290.6
sz000551,创元科技,2015-05-26,16.6,17.22,16.52,16.73,16.52,18014322.0,303166614.8,6693345175.65,6693345175.65
sz000551,创元科技,2015-05-27,16.89,16.89,16.04,16.51,16.73,19580610.0,320580948.9,6605327486.55,6605327486.55
sz000551,创元科技,2015-05-28,16.51,16.95,14.86,14.91,16.51,23956816.0,384714949.9,5965198838.55,5965198838.55
sz000551,创元科技,2015-05-29,14.65,15.51,14.15,15.16,14.91,20550277.0,308167640.7,6065218939.8,6065218939.8
sz000551,创元科技,2015-06-01,15.28,16.16,15.01,16.15,15.16,17647212.0,279252699.0,6461298540.75,6461298540.75
sz000551,创元科技,2015-06-02,16.55,17.77,16.03,17.77,16.15,28876717.0,493271388.0,7109428796.85,7109428796.85
sz000551,创元科技,2015-06-03,18.0,18.85,17.49,18.0,17.77,31254038.0,569280321.3,7201447290.0,7201447290.0
sz000551,创元科技,2015-06-04,18.57,19.5,16.9,18.91,18.0,31167935.0,574748033.6,7565520458.55,7565520458.55
sz000551,创元科技,2015-06-05,19.2,19.68,18.17,18.73,18.91,29767046.0,558255755.5,7493505985.65,7493505985.65
sz000551,创元科技,2015-06-08,18.73,18.75,17.68,18.01,18.73,23298507.0,420113874.6,7205448094.05,7205448094.05
sz000551,创元科技,2015-06-09,17.85,18.55,17.71,18.02,18.01,15209139.0,275744567.5,7209448898.1,7209448898.1
sz000551,创元科技,2015-06-10,18.02,18.75,17.73,18.45,18.02,18360557.0,337569432.4,7381483472.25,7381483472.25
sz000551,创元科技,2015-06-11,18.45,18.82,18.25,18.63,18.35,16428778.0,304294595.6,7453497945.15,7453497945.15
sz000551,创元科技,2015-06-12,18.6,20.25,18.3,19.53,18.63,25646960.0,491037172.0,7813570309.65,7813570309.65
sz000551,创元科技,2015-06-15,19.55,20.14,18.75,18.79,19.53,22395846.0,435058783.8,7517510809.95,7517510809.95
sz000551,创元科技,2015-06-16,18.61,18.61,17.55,17.82,18.79,16216493.0,290241565.1,7129432817.1,7129432817.1
sz000551,创元科技,2015-06-17,17.7,18.22,17.19,18.07,17.82,12386687.0,220012767.2,7229452918.35,7229452918.35
sz000551,创元科技,2015-06-18,18.08,18.58,17.7,17.81,18.07,13305875.0,241690816.6,7125432013.05,7125432013.05
sz000551,创元科技,2015-06-19,17.15,17.73,16.03,16.14,17.81,12614163.0,213545586.6,6457297736.7,6457297736.7
sz000551,创元科技,2015-06-23,16.01,16.65,15.0,16.61,16.14,12189702.0,194810862.4,6645335527.05,6645335527.05
sz000551,创元科技,2015-06-24,16.81,17.25,16.51,17.09,16.61,11741420.0,198748722.0,6837374121.45,6837374121.45
sz000551,创元科技,2015-06-25,17.02,17.77,16.51,16.73,17.09,15814146.0,271659534.2,6693345175.65,6693345175.65
sz000551,创元科技,2015-06-26,16.08,16.45,15.06,15.06,16.73,12682179.0,198259663.1,6025210899.3,6025210899.3
sz000551,创元科技,2015-06-29,15.65,15.68,13.55,13.55,15.06,17982295.0,254945383.3,5421089487.75,5421089487.75
sz000551,创元科技,2015-06-30,13.11,14.5,12.2,14.37,13.55,18621124.0,245790221.0,5749155419.85,5749155419.85
sz000551,创元科技,2015-07-01,14.1,14.59,12.93,12.93,14.37,13976667.0,194805030.3,5173039636.65,5173039636.65
sz000551,创元科技,2015-07-02,12.9,13.27,11.64,11.64,12.93,15654454.0,191268162.8,4656935914.2,4656935914.2
sz000551,创元科技,2015-07-03,11.0,11.65,10.48,10.48,11.64,15751218.0,168353494.5,4192842644.4,4192842644.4
sz000551,创元科技,2015-07-06,11.53,11.53,9.43,9.43,10.48,20646574.0,207735625.6,3772758219.15,3772758219.15
sz000551,创元科技,2015-07-07,9.2,9.2,8.49,8.49,9.43,9504851.0,81598268.9,3396682638.45,3396682638.45
sz000551,创元科技,2015-07-08,7.64,7.78,7.64,7.64,8.49,20891200.0,159689302.7,3056614294.2,3056614294.2
sz000551,创元科技,2015-07-14,8.4,8.4,8.4,8.4,7.64,318090.0,2671956.0,3360675402.0,3360675402.0
sz000551,创元科技,2015-07-15,9.24,9.24,9.24,9.24,8.4,8125779.0,75082198.0,3696742942.2,3696742942.2
sz000551,创元科技,2015-07-16,8.49,9.85,8.32,9.51,9.24,40657737.0,368623931.2,3804764651.55,3804764651.55
sz000551,创元科技,2015-07-17,9.49,10.46,9.46,10.44,9.51,31267938.0,314678664.0,4176839428.2,4176839428.2
sz000551,创元科技,2015-07-20,10.46,10.78,10.15,10.59,10.44,36816942.0,387197599.7,4236851488.95,4236851488.95
sz000551,创元科技,2015-07-21,10.4,11.17,10.2,10.88,10.59,29306032.0,314756448.0,4352874806.4,4352874806.4
sz000551,创元科技,2015-07-22,10.86,11.28,10.6,11.06,10.88,25167397.0,275984556.9,4424889279.3,4424889279.3
sz000551,创元科技,2015-07-23,11.02,11.59,10.8,11.5,11.06,28992807.0,325310331.0,4600924657.5,4600924657.5
sz000551,创元科技,2015-07-24,11.58,12.06,11.07,11.27,11.5,31662643.0,367828987.4,4508906164.35,4508906164.35
sz000551,创元科技,2015-07-27,11.0,11.59,10.14,10.14,11.27,23922276.0,260728403.1,4056815306.7,4056815306.7
sz000551,创元科技,2015-07-28,9.32,10.18,9.16,9.55,10.14,23981346.0,229915542.7,3820767867.75,3820767867.75
sz000551,创元科技,2015-07-29,9.87,10.51,9.43,10.51,9.55,22973393.0,227787482.7,4204845056.55,4204845056.55
sz000551,创元科技,2015-07-30,10.57,11.05,10.31,10.38,10.51,27145282.0,290980287.0,4152834603.9,4152834603.9
sz000551,创元科技,2015-07-31,10.02,10.42,9.8,10.1,10.38,16965578.0,171583581.8,4040812090.5,4040812090.5
sz000551,创元科技,2015-08-03,9.99,10.12,9.15,9.46,10.1,15306399.0,147630380.4,3784760631.3,3784760631.3
sz000551,创元科技,2015-08-04,9.63,10.35,9.55,10.34,9.46,17619906.0,174974578.7,4136831387.7,4136831387.7
sz000551,创元科技,2015-08-05,10.35,10.76,10.15,10.43,10.34,21510915.0,225221126.4,4172838624.15,4172838624.15
sz000551,创元科技,2015-08-06,10.15,10.73,10.01,10.65,10.43,18573216.0,195006835.7,4260856313.25,4260856313.25
sz000551,创元科技,2015-08-07,10.75,11.17,10.7,11.09,10.65,20763735.0,227582294.1,4436891691.45,4436891691.45
sz000551,创元科技,2015-08-10,11.17,11.76,11.0,11.72,11.09,24376762.0,277943750.7,4688942346.6,4688942346.6
sz000551,创元科技,2015-08-11,11.62,11.85,11.41,11.58,11.72,21824081.0,253648554.3,4632931089.9,4632931089.9
sz000551,创元科技,2015-08-12,11.36,11.93,11.32,11.72,11.58,24093482.0,281826305.8,4688942346.6,4688942346.6
sz000551,创元科技,2015-08-13,11.79,12.04,11.37,11.99,11.72,28188835.0,332018070.2,4796964055.95,4796964055.95
sz000551,创元科技,2015-08-14,11.99,12.22,11.77,11.87,11.99,26954670.0,322700777.7,4748954407.35,4748954407.35
sz000551,创元科技,2015-08-17,11.72,12.41,11.72,12.4,11.87,24839402.0,300319152.7,4960997022.0,4960997022.0
sz000551,创元科技,2015-08-18,12.4,12.65,11.16,11.16,12.4,27771753.0,330787881.0,4464897319.8,4464897319.8
sz000551,创元科技,2015-08-19,10.73,11.48,10.15,11.3,11.16,22441206.0,243000108.7,4520908576.5,4520908576.5
sz000551,创元科技,2015-08-20,11.13,11.39,10.65,10.65,11.3,14660482.0,162170885.4,4260856313.25,4260856313.25
sz000551,创元科技,2015-08-21,10.3,10.54,9.76,9.77,10.65,15457971.0,157282971.3,3908785556.85,3908785556.85
sz000551,创元科技,2015-08-24,9.2,9.36,8.79,8.79,9.77,12306200.0,109458784.4,3516706759.95,3516706759.95
sz000551,创元科技,2015-08-25,7.98,8.28,7.91,7.91,8.79,15700727.0,125629397.6,3164636003.55,3164636003.55
sz000551,创元科技,2015-08-26,7.93,8.43,7.42,8.16,7.91,26531009.0,213033670.7,3264656104.8,3264656104.8
sz000551,创元科技,2015-08-27,8.3,8.68,8.0,8.68,8.16,17639151.0,147755696.8,3472697915.4,3472697915.4
sz000551,创元科技,2015-08-28,8.8,9.38,8.67,9.38,8.68,16915828.0,151083200.9,3752754198.9,3752754198.9
sz000551,创元科技,2015-08-31,9.15,9.28,8.61,8.68,9.38,15633340.0,139439412.0,3472697915.4,3472697915.4
sz000551,创元科技,2015-09-01,8.7,8.7,7.81,7.83,8.68,12988249.0,105423222.1,3132629571.15,3132629571.15
sz000551,创元科技,2015-09-02,7.35,8.28,7.3,7.56,7.83,13518459.0,104573738.7,3024607861.8,3024607861.8
sz000551,创元科技,2015-09-07,7.8,8.12,7.75,7.83,7.56,10400530.0,82266385.6,3132629571.15,3132629571.15
sz000551,创元科技,2015-09-08,7.78,8.5,7.66,8.44,7.83,10330867.0,83138303.1,3376678618.2,3376678618.2
sz000551,创元科技,2015-09-09,8.44,9.05,8.4,9.01,8.44,17878467.0,156581953.7,3604724449.05,3604724449.05
sz000551,创元科技,2015-09-10,8.8,9.02,8.68,8.71,9.01,11190114.0,98924850.1,3484700327.55,3484700327.55
sz000551,创元科技,2015-09-11,8.7,9.07,8.69,9.04,8.71,10694917.0,94668696.7,3616726861.2,3616726861.2
sz000551,创元科技,2015-09-14,9.09,9.17,8.14,8.14,9.04,11898783.0,102174232.0,3256654496.7,3256654496.7
sz000551,创元科技,2015-09-15,7.85,8.03,7.34,7.43,8.14,10844469.0,83449266.0,2972597409.15,2972597409.15
sz000551,创元科技,2015-09-16,7.47,8.17,7.45,8.17,7.43,10968405.0,85422756.0,3268656908.85,3268656908.85
sz000551,创元科技,2015-09-17,8.5,8.55,8.13,8.13,8.17,15604948.0,130124636.5,3252653692.65,3252653692.65
sz000551,创元科技,2015-09-18,8.18,8.45,8.1,8.38,8.13,9239369.0,76295632.8,3352673793.9,3352673793.9
sz000551,创元科技,2015-09-21,8.32,8.84,8.14,8.77,8.38,14854675.0,126109308.3,3508705151.85,3508705151.85
sz000551,创元科技,2015-09-22,8.79,8.92,8.61,8.71,8.77,11769820.0,103169410.5,3484700327.55,3484700327.55
sz000551,创元科技,2015-09-23,8.52,8.68,8.3,8.46,8.71,11182893.0,95260794.0,3384680226.3,3384680226.3
sz000551,创元科技,2015-09-24,8.54,8.74,8.48,8.71,8.46,10943393.0,94286199.7,3484700327.55,3484700327.55
sz000551,创元科技,2015-09-25,8.68,8.93,8.21,8.67,8.71,17955116.0,155267252.4,3468697111.35,3468697111.35
sz000551,创元科技,2015-09-28,8.68,8.82,8.38,8.81,8.67,12995255.0,112472036.4,3524708368.05,3524708368.05
sz000551,创元科技,2015-09-29,8.6,8.68,8.35,8.4,8.81,8920063.0,75989179.0,3360675402.0,3360675402.0
sz000551,创元科技,2015-09-30,8.48,8.56,8.35,8.39,8.4,6122306.0,51756584.4,3356674597.95,3356674597.95
sz000551,创元科技,2015-10-08,8.76,8.92,8.63,8.82,8.39,13058081.0,114833671.9,3528709172.1,3528709172.1
sz000551,创元科技,2015-10-09,8.82,9.1,8.79,9.06,8.82,13017705.0,117021999.4,3624728469.3,3624728469.3
sz000551,创元科技,2015-10-12,9.15,9.62,9.12,9.48,9.06,19071028.0,179204472.8,3792762239.4,3792762239.4
sz000551,创元科技,2015-10-13,9.38,9.76,9.36,9.65,9.48,16704416.0,159390419.5,3860775908.25,3860775908.25
sz000551,创元科技,2015-10-14,9.6,9.84,9.53,9.6,9.65,16436254.0,158957580.0,3840771888.0,3840771888.0
sz000551,创元科技,2015-10-15,9.56,10.09,9.5,10.01,9.6,15976823.0,157497452.4,4004804854.05,4004804854.05
sz000551,创元科技,2015-10-16,10.01,10.25,9.87,10.14,10.01,19229322.0,193354732.1,4056815306.7,4056815306.7
sz000551,创元科技,2015-10-19,10.15,10.28,9.71,9.9,10.14,19812200.0,197994560.2,3960796009.5,3960796009.5
sz000551,创元科技,2015-10-20,9.92,10.28,9.85,10.17,9.9,15889341.0,159953128.0,4068817718.85,4068817718.85
sz000551,创元科技,2015-10-21,10.25,10.46,9.23,9.51,10.17,24586059.0,245450841.1,3804764651.55,3804764651.55
sz000551,创元科技,2015-10-22,9.61,10.46,9.53,10.4,9.51,25614421.0,256638176.3,4160836212.0,4160836212.0
sz000551,创元科技,2015-10-23,10.4,11.44,10.23,11.44,10.4,50675602.0,556161207.2,4576919833.2,4576919833.2
sz000551,创元科技,2015-10-26,11.64,11.88,10.84,11.28,11.44,40309406.0,455797927.0,4512906968.4,4512906968.4
sz000551,创元科技,2015-10-27,10.96,11.18,10.38,11.07,11.28,23976418.0,259387106.1,4428890083.35,4428890083.35
sz000551,创元科技,2015-10-28,10.88,11.3,10.51,10.64,11.07,17832489.0,194318355.5,4256855509.2,4256855509.2
sz000551,创元科技,2015-10-29,10.71,11.06,10.56,10.85,10.64,13690937.0,147984297.5,4340872394.25,4340872394.25
sz000551,创元科技,2015-10-30,10.78,10.97,10.45,10.67,10.85,11950507.0,128567522.7,4268857921.35,4268857921.35
sz000551,创元科技,2015-11-02,10.53,10.79,10.2,10.2,10.67,12878482.0,135067868.1,4080820131.0,4080820131.0
sz000551,创元科技,2015-11-03,10.26,10.75,10.23,10.43,10.2,15473551.0,162050272.2,4172838624.15,4172838624.15
sz000551,创元科技,2015-11-04,10.69,11.07,10.6,11.06,10.43,23159351.0,251793794.5,4424889279.3,4424889279.3
sz000551,创元科技,2015-11-05,10.93,11.32,10.77,11.08,11.06,25825289.0,285230828.7,4432890887.4,4432890887.4
sz000551,创元科技,2015-11-06,11.0,11.29,11.0,11.27,11.08,21265800.0,238227872.1,4508906164.35,4508906164.35
sz000551,创元科技,2015-11-09,11.16,11.9,11.16,11.54,11.27,28928885.0,334836784.7,4616927873.7,4616927873.7
sz000551,创元科技,2015-11-10,11.55,12.39,11.42,12.22,11.54,35132807.0,415855217.0,4888982549.1,4888982549.1
sz000551,创元科技,2015-11-11,12.3,12.41,11.9,12.12,12.22,24614179.0,298281754.1,4848974508.6,4848974508.6
sz000551,创元科技,2015-11-12,12.13,12.88,11.93,12.58,12.12,28561264.0,352597911.6,5033011494.9,5033011494.9
sz000551,创元科技,2015-11-13,12.3,12.54,11.97,12.18,12.58,21350106.0,261308662.7,4872979332.9,4872979332.9
sz000551,创元科技,2015-11-16,11.94,12.8,11.8,12.8,12.18,18225440.0,222926924.5,5121029184.0,5121029184.0
sz000551,创元科技,2015-11-17,13.0,13.48,12.7,12.8,12.8,28608572.0,370865787.6,5121029184.0,5121029184.0
sz000551,创元科技,2015-11-18,12.79,12.87,12.06,12.16,12.8,16512486.0,206016601.7,4864977724.8,4864977724.8
sz000551,创元科技,2015-11-19,12.16,12.52,12.08,12.47,12.16,11235764.0,138098736.6,4989002650.35,4989002650.35
sz000551,创元科技,2015-11-20,12.55,12.92,12.43,12.84,12.47,16560844.0,210187141.3,5137032400.2,5137032400.2
sz000551,创元科技,2015-11-23,12.95,13.75,12.75,13.04,12.84,22918866.0,302996817.8,5217048481.2,5217048481.2
sz000551,创元科技,2015-11-24,13.06,13.47,12.81,13.2,13.04,16448582.0,216688241.8,5281061346.0,5281061346.0
sz000551,创元科技,2015-11-25,13.36,13.71,13.23,13.45,13.2,18691270.0,251412696.5,5381081447.25,5381081447.25
sz000551,创元科技,2015-11-26,13.5,13.68,12.94,13.01,13.45,16216718.0,214140583.4,5205046069.05,5205046069.05
sz000551,创元科技,2015-11-27,12.82,13.08,11.71,11.9,13.01,19501322.0,241786816.7,4760956819.5,4760956819.5
sz000551,创元科技,2015-11-30,11.85,12.32,11.23,12.12,11.9,16061094.0,190836319.9,4848974508.6,4848974508.6
sz000551,创元科技,2015-12-01,12.08,12.67,12.03,12.4,12.12,18384034.0,226801152.1,4960997022.0,4960997022.0
sz000551,创元科技,2015-12-02,12.68,12.89,11.43,12.13,12.4,14004331.0,172474750.2,4852975312.65,4852975312.65
sz000551,创元科技,2015-12-03,12.06,12.42,12.01,12.4,12.13,9087180.0,111225769.9,4960997022.0,4960997022.0
sz000551,创元科技,2015-12-04,12.25,12.48,12.0,12.15,12.4,10312626.0,126347672.0,4860976920.75,4860976920.75
sz000551,创元科技,2015-12-07,12.26,12.45,12.18,12.39,12.15,8010009.0,98591568.3,4956996217.95,4956996217.95
sz000551,创元科技,2015-12-08,12.5,12.85,12.35,12.37,12.39,18298371.0,230806365.5,4948994609.85,4948994609.85
sz000551,创元科技,2015-12-09,12.16,12.22,11.81,12.02,12.37,12226245.0,146844267.0,4808966468.1,4808966468.1
sz000551,创元科技,2015-12-10,12.0,12.14,11.83,11.85,12.02,8584526.0,102776535.9,4740952799.25,4740952799.25
sz000551,创元科技,2015-12-11,11.93,11.93,11.5,11.62,11.85,7162575.0,83481634.8,4648934306.1,4648934306.1
sz000551,创元科技,2015-12-14,11.84,12.34,11.62,12.31,11.62,10248920.0,122944107.0,4924989785.55,4924989785.55
sz000551,创元科技,2015-12-15,12.56,12.95,12.42,12.58,12.31,17444215.0,222041697.2,5033011494.9,5033011494.9
sz000551,创元科技,2015-12-16,12.59,13.21,12.59,12.8,12.58,16464483.0,212644624.7,5121029184.0,5121029184.0
sz000551,创元科技,2015-12-17,12.86,13.11,12.81,12.94,12.8,13402464.0,173532035.9,5177040440.7,5177040440.7
sz000551,创元科技,2015-12-18,12.98,13.38,12.9,13.35,12.94,18027589.0,237532773.5,5341073406.75,5341073406.75
sz000551,创元科技,2015-12-21,13.35,13.45,13.0,13.17,13.35,12519604.0,164204636.9,5269058933.85,5269058933.85
sz000551,创元科技,2015-12-22,13.06,13.2,12.72,13.04,13.17,11199159.0,145353597.1,5217048481.2,5217048481.2
sz000551,创元科技,2015-12-23,13.08,13.27,12.79,12.83,13.04,13129947.0,171108692.9,5133031596.15,5133031596.15
sz000551,创元科技,2015-12-24,12.82,13.75,12.68,13.61,12.83,22349911.0,295312615.1,5445094312.05,5445094312.05
sz000551,创元科技,2015-12-25,13.5,13.88,13.35,13.56,13.61,19418698.0,264674732.7,5425090291.8,5425090291.8
sz000551,创元科技,2015-12-28,13.6,13.85,12.81,12.9,13.56,18015217.0,241134448.4,5161037224.5,5161037224.5
sz000551,创元科技,2015-12-29,12.89,13.07,12.69,13.01,12.9,9853768.0,126848161.3,5205046069.05,5205046069.05
sz000551,创元科技,2015-12-30,13.0,13.58,12.92,13.58,13.01,14011234.0,186449755.9,5433091899.9,5433091899.9
sz000551,创元科技,2015-12-31,13.58,13.84,13.21,13.22,13.58,15606195.0,212228762.8,5289062954.1,5289062954.1
sz000551,创元科技,2016-01-04,13.08,13.16,11.9,11.9,13.22,10477599.0,130894262.4,4760956819.5,4760956819.5
sz000551,创元科技,2016-01-05,10.85,11.8,10.71,11.21,11.9,16790455.0,187817237.7,4484901340.05,4484901340.05
sz000551,创元科技,2016-01-06,11.28,11.63,11.22,11.5,11.21,10178666.0,115982787.9,4600924657.5,4600924657.5
sz000551,创元科技,2016-01-07,11.3,11.3,10.35,10.35,11.5,3357045.0,35518098.4,4140832191.75,4140832191.75
sz000551,创元科技,2016-01-08,10.79,10.79,9.55,10.37,10.35,10777208.0,112007281.8,4148833799.85,4148833799.85
sz000551,创元科技,2016-01-11,10.15,10.22,9.33,9.33,10.37,12860258.0,123839265.6,3732750178.65,3732750178.65
sz000551,创元科技,2016-01-12,9.03,9.46,8.99,9.4,9.33,10723101.0,99163704.3,3760755807.0,3760755807.0
sz000551,创元科技,2016-01-13,9.48,9.55,8.61,8.71,9.4,7864779.0,72427019.9,3484700327.55,3484700327.55
sz000551,创元科技,2016-01-14,8.34,9.09,8.17,9.04,8.71,10830610.0,93730808.2,3616726861.2,3616726861.2
sz000551,创元科技,2016-01-15,8.88,9.06,8.18,8.3,9.04,10466067.0,90138354.9,3320667361.5,3320667361.5
sz000551,创元科技,2016-01-18,8.11,8.71,8.05,8.54,8.3,10635576.0,90197596.4,3416686658.7,3416686658.7
sz000551,创元科技,2016-01-19,8.5,8.98,8.44,8.93,8.54,11854472.0,103647714.0,3572718016.65,3572718016.65
sz000551,创元科技,2016-01-20,8.91,9.06,8.72,8.87,8.93,9960954.0,88336443.0,3548713192.35,3548713192.35
sz000551,创元科技,2016-01-21,8.74,9.03,8.46,8.47,8.87,10263567.0,90046619.4,3388681030.35,3388681030.35
sz000551,创元科技,2016-01-22,8.63,8.68,8.2,8.59,8.47,8060294.0,68489426.3,3436690678.95,3436690678.95
sz000551,创元科技,2016-01-25,8.67,8.86,8.58,8.75,8.59,8266224.0,72183954.6,3500703543.75,3500703543.75
sz000551,创元科技,2016-01-26,8.64,8.68,7.88,7.88,8.75,10150715.0,83597391.0,3152633591.4,3152633591.4
sz000551,创元科技,2016-01-27,7.91,7.98,7.28,7.78,7.88,10838771.0,82714052.6,3112625550.9,3112625550.9
sz000551,创元科技,2016-01-28,7.56,7.78,7.31,7.35,7.78,7044106.0,53357810.9,2940590976.75,2940590976.75
sz000551,创元科技,2016-01-29,7.32,7.88,7.3,7.71,7.35,8727306.0,66285544.1,3084619922.55,3084619922.55
sz000551,创元科技,2016-02-01,7.7,7.82,7.46,7.68,7.71,6945241.0,53351809.3,3072617510.4,3072617510.4
sz000551,创元科技,2016-02-02,7.72,8.11,7.68,8.05,7.68,8909741.0,71155480.2,3220647260.25,3220647260.25
sz000551,创元科技,2016-02-03,8.0,8.27,7.82,8.19,8.05,7158554.0,57569579.7,3276658516.95,3276658516.95
sz000551,创元科技,2016-02-04,8.22,8.43,8.17,8.31,8.19,7984503.0,66149541.2,3324668165.55,3324668165.55
sz000551,创元科技,2016-02-05,8.29,8.36,8.11,8.13,8.31,5923492.0,48678527.0,3252653692.65,3252653692.65
sz000551,创元科技,2016-02-15,7.86,8.29,7.7,8.16,8.13,8745177.0,69382259.4,3264656104.8,3264656104.8
sz000551,创元科技,2016-02-16,8.17,8.58,8.17,8.56,8.16,11183966.0,94404849.0,3424688266.8,3424688266.8
sz000551,创元科技,2016-02-17,8.51,8.8,8.4,8.74,8.56,12330549.0,105783575.8,3496702739.7,3496702739.7
sz000551,创元科技,2016-02-18,8.8,8.8,8.61,8.63,8.74,9593863.0,83447710.7,3452693895.15,3452693895.15
sz000551,创元科技,2016-02-19,8.62,8.73,8.5,8.64,8.63,6712961.0,57823320.0,3456694699.2,3456694699.2
sz000551,创元科技,2016-02-22,8.75,8.86,8.68,8.84,8.64,9696759.0,85239128.8,3536710780.2,3536710780.2
sz000551,创元科技,2016-02-23,8.83,9.03,8.71,8.93,8.84,11839565.0,105226287.0,3572718016.65,3572718016.65
sz000551,创元科技,2016-02-24,8.89,8.97,8.56,8.93,8.93,10218991.0,89849726.3,3572718016.65,3572718016.65
sz000551,创元科技,2016-02-25,8.91,8.91,8.04,8.04,8.93,14657340.0,123554784.3,3216646456.2,3216646456.2
sz000551,创元科技,2016-02-26,8.09,8.19,7.86,8.04,8.04,9003480.0,72561992.1,3216646456.2,3216646456.2
sz000551,创元科技,2016-02-29,8.05,8.07,7.35,7.54,8.04,10214699.0,77530177.7,3016606253.7,3016606253.7
sz000551,创元科技,2016-03-01,7.61,7.85,7.42,7.8,7.54,7363444.0,56306783.1,3120627159.0,3120627159.0
sz000551,创元科技,2016-03-02,7.8,8.33,7.7,8.3,7.8,10940021.0,88497126.1,3320667361.5,3320667361.5
sz000551,创元科技,2016-03-03,8.3,8.56,8.25,8.4,8.3,10820419.0,91176234.5,3360675402.0,3360675402.0
sz000551,创元科技,2016-03-04,8.39,8.58,7.99,8.08,8.4,12628896.0,104451104.4,3232649672.4,3232649672.4
sz000551,创元科技,2016-03-07,8.16,8.44,8.16,8.35,8.08,8197709.0,68118776.7,3340671381.75,3340671381.75
sz000551,创元科技,2016-03-08,8.35,8.38,7.9,8.33,8.35,9345593.0,75821910.8,3332669773.65,3332669773.65
sz000551,创元科技,2016-03-09,8.08,8.34,8.03,8.13,8.33,6354013.0,51858641.6,3252653692.65,3252653692.65
sz000551,创元科技,2016-03-10,8.16,8.23,7.9,7.94,8.13,6206147.0,50190517.3,3176638415.7,3176638415.7
sz000551,创元科技,2016-03-11,7.84,7.99,7.75,7.86,7.94,4688121.0,36812521.0,3144631983.3,3144631983.3
sz000551,创元科技,2016-03-14,7.98,8.28,7.97,8.18,7.86,8870014.0,72460505.7,3272657712.9,3272657712.9
sz000551,创元科技,2016-03-15,8.23,8.33,8.13,8.21,8.18,7690971.0,63340347.8,3284660125.05,3284660125.05
sz000551,创元科技,2016-03-16,8.3,8.35,8.02,8.07,8.21,6930075.0,56771434.5,3228648868.35,3228648868.35
sz000551,创元科技,2016-03-17,8.11,8.45,8.11,8.39,8.07,10158455.0,84431142.3,3356674597.95,3356674597.95
sz000551,创元科技,2016-03-18,8.4,8.74,8.39,8.72,8.39,12780070.0,109980171.4,3488701131.6,3488701131.6
sz000551,创元科技,2016-03-21,8.89,8.99,8.73,8.93,8.72,13691380.0,121058997.3,3572718016.65,3572718016.65
sz000551,创元科技,2016-03-22,8.85,9.03,8.78,8.92,8.93,12794420.0,113604388.6,3568717212.6,3568717212.6
sz000551,创元科技,2016-03-23,8.88,8.97,8.8,8.97,8.92,10327298.0,91736753.4,3588721232.85,3588721232.85
sz000551,创元科技,2016-03-24,8.91,9.15,8.84,8.87,8.97,13451831.0,120776375.8,3548713192.35,3548713192.35
sz000551,创元科技,2016-03-25,8.88,8.95,8.76,8.95,8.87,7392285.0,65541712.8,3580719624.75,3580719624.75
sz000551,创元科技,2016-03-28,8.96,9.19,8.84,8.93,8.95,12311786.0,111395978.9,3572718016.65,3572718016.65
sz000551,创元科技,2016-03-29,8.87,8.87,8.44,8.53,8.93,14448374.0,124225032.9,3412685854.65,3412685854.65
sz000551,创元科技,2016-03-30,8.62,8.86,8.58,8.85,8.53,10151311.0,88458939.1,3540711584.25,3540711584.25
sz000551,创元科技,2016-03-31,8.87,9.1,8.85,9.07,8.85,14807195.0,133173183.5,3628729273.35,3628729273.35
sz000551,创元科技,2016-04-01,9.02,9.07,8.75,9.02,9.07,9500048.0,84521768.0,3608725253.1,3608725253.1
sz000551,创元科技,2016-04-05,9.04,9.46,9.02,9.4,9.02,15759757.0,146878230.2,3760755807.0,3760755807.0
sz000551,创元科技,2016-04-06,9.32,9.62,9.25,9.6,9.4,13741024.0,129108611.2,3840771888.0,3840771888.0
sz000551,创元科技,2016-04-07,9.55,9.74,9.31,9.37,9.6,14417195.0,137329318.3,3748753394.85,3748753394.85
sz000551,创元科技,2016-04-08,9.3,9.34,9.02,9.15,9.37,9197027.0,84235385.2,3660735705.75,3660735705.75
sz000551,创元科技,2016-04-11,9.22,9.55,9.22,9.53,9.15,11301125.0,106628976.8,3812766259.65,3812766259.65
sz000551,创元科技,2016-04-12,9.41,9.56,9.26,9.4,9.53,9385004.0,87907491.9,3760755807.0,3760755807.0
sz000551,创元科技,2016-04-13,9.46,9.73,9.41,9.57,9.4,14200705.0,136433012.9,3828769475.85,3828769475.85
sz000551,创元科技,2016-04-14,9.6,9.89,9.59,9.89,9.57,10969751.0,106738978.3,3956795205.45,3956795205.45
sz000551,创元科技,2016-04-15,9.85,10.13,9.75,9.92,9.89,13402852.0,133206813.5,3968797617.6,3968797617.6
sz000551,创元科技,2016-04-18,9.89,9.89,9.6,9.69,9.92,8995037.0,87145041.7,3876779124.45,3876779124.45
sz000551,创元科技,2016-04-19,9.78,9.88,9.54,9.63,9.69,9202392.0,88972708.3,3852774300.15,3852774300.15
sz000551,创元科技,2016-04-20,9.66,9.7,8.77,9.3,9.63,17508014.0,160569468.8,3720747766.5,3720747766.5
sz000551,创元科技,2016-04-21,9.17,9.35,9.02,9.08,9.3,9395688.0,86359346.5,3632730077.4,3632730077.4
sz000551,创元科技,2016-04-22,8.95,9.13,8.92,9.1,9.08,5466198.0,49361826.3,3640731685.5,3640731685.5
sz000551,创元科技,2016-04-25,9.09,9.11,8.79,8.95,9.1,5885801.0,52724441.8,3580719624.75,3580719624.75
sz000551,创元科技,2016-04-26,8.94,9.25,8.9,9.22,8.95,6571316.0,59642945.3,3688741334.1,3688741334.1
sz000551,创元科技,2016-04-27,9.23,9.31,9.1,9.12,9.22,7627095.0,70348490.0,3648733293.6,3648733293.6
sz000551,创元科技,2016-04-28,9.08,9.16,8.9,9.13,9.12,7689173.0,69402174.0,3652734097.65,3652734097.65
sz000551,创元科技,2016-04-29,9.06,9.17,9.02,9.08,9.13,4158737.0,37895533.8,3632730077.4,3632730077.4
sz000551,创元科技,2016-05-03,9.09,9.55,9.02,9.51,9.08,10561957.0,98671034.5,3804764651.55,3804764651.55
sz000551,创元科技,2016-05-04,9.48,9.62,9.39,9.47,9.51,8267494.0,78538385.9,3788761435.35,3788761435.35
sz000551,创元科技,2016-05-05,9.47,9.75,9.36,9.67,9.47,11283836.0,108301825.9,3868777516.35,3868777516.35
sz000551,创元科技,2016-05-06,9.69,9.85,9.25,9.73,9.67,18465511.0,177167649.4,3892782340.65,3892782340.65
sz000551,创元科技,2016-05-09,9.62,9.75,9.14,9.63,9.73,12821416.0,121397467.0,3852774300.15,3852774300.15
sz000551,创元科技,2016-05-10,9.45,9.63,9.2,9.2,9.63,8827688.0,83391196.6,3680739726.0,3680739726.0
sz000551,创元科技,2016-05-11,9.25,9.26,8.89,8.96,9.2,8944409.0,81041752.6,3584720428.8,3584720428.8
sz000551,创元科技,2016-05-12,8.75,8.8,8.45,8.72,8.96,7435658.0,63908340.5,3488701131.6,3488701131.6
sz000551,创元科技,2016-05-13,8.66,8.83,8.5,8.55,8.72,4528669.0,39354548.0,3420687462.75,3420687462.75
sz000551,创元科技,2016-05-16,8.57,8.77,8.48,8.75,8.55,4915375.0,42392182.8,3500703543.75,3500703543.75
sz000551,创元科技,2016-05-17,8.75,8.83,8.62,8.73,8.75,4817938.0,42071277.2,3492701935.65,3492701935.65
sz000551,创元科技,2016-05-18,8.63,8.68,8.15,8.38,8.73,6761468.0,56814592.1,3352673793.9,3352673793.9
sz000551,创元科技,2016-05-19,8.35,8.53,8.25,8.37,8.38,4441402.0,37461034.9,3348672989.85,3348672989.85
sz000551,创元科技,2016-05-20,8.26,8.48,8.23,8.47,8.37,3744383.0,31404639.4,3388681030.35,3388681030.35
sz000551,创元科技,2016-05-23,8.55,8.69,8.48,8.57,8.47,4839750.0,41572765.3,3428689070.85,3428689070.85
sz000551,创元科技,2016-05-24,8.56,8.63,8.46,8.48,8.57,4114144.0,35055090.3,3392681834.4,3392681834.4
sz000551,创元科技,2016-05-25,8.58,8.61,8.4,8.47,8.48,4624165.0,39403211.0,3388681030.35,3388681030.35
sz000551,创元科技,2016-05-26,8.51,8.6,8.32,8.56,8.47,5469017.0,46420042.5,3424688266.8,3424688266.8
sz000551,创元科技,2016-05-27,8.58,8.65,8.52,8.58,8.56,5419817.0,46555357.0,3432689874.9,3432689874.9
sz000551,创元科技,2016-05-30,8.63,8.78,8.6,8.71,8.58,7973847.0,69519510.2,3484700327.55,3484700327.55
sz000551,创元科技,2016-05-31,8.72,9.08,8.64,9.07,8.71,10822202.0,96843487.9,3628729273.35,3628729273.35
sz000551,创元科技,2016-06-01,9.05,9.19,9.01,9.06,9.07,11006001.0,100229185.4,3624728469.3,3624728469.3
sz000551,创元科技,2016-06-02,9.1,9.16,9.02,9.16,9.06,7450705.0,67737874.4,3664736509.8,3664736509.8
sz000551,创元科技,2016-06-03,9.18,9.22,9.08,9.16,9.16,7757224.0,70979827.9,3664736509.8,3664736509.8
sz000551,创元科技,2016-06-06,9.18,9.32,9.11,9.18,9.16,5614094.0,51618719.7,3672738117.9,3672738117.9
sz000551,创元科技,2016-07-07,10.1,10.1,10.1,10.1,9.18,1496080.0,15110408.0,4040812090.5,4040812090.5
sz000551,创元科技,2016-07-08,10.46,10.87,10.31,10.52,10.1,46538434.0,492832813.6,4208845860.6,4208845860.6
sz000551,创元科技,2016-07-11,10.48,10.5,10.13,10.33,10.52,28346367.0,291167256.5,4132830583.65,4132830583.65
sz000551,创元科技,2016-07-12,10.28,10.35,9.89,10.15,10.33,19179396.0,193618993.6,4060816110.75,4060816110.75
sz000551,创元科技,2016-07-13,10.23,10.32,10.11,10.22,10.15,15220558.0,155635455.1,4088821739.1,4088821739.1
sz000551,创元科技,2016-07-14,10.21,10.3,10.09,10.19,10.22,9795899.0,99778378.8,4076819326.95,4076819326.95
sz000551,创元科技,2016-07-15,10.17,10.28,10.17,10.2,10.19,8413502.0,85955579.6,4080820131.0,4080820131.0
sz000551,创元科技,2016-07-18,10.21,10.54,10.21,10.42,10.2,15490295.0,160817858.3,4168837820.1,4168837820.1
sz000551,创元科技,2016-07-19,10.35,10.45,10.18,10.26,10.42,10811400.0,110823996.6,4104824955.3,4104824955.3
sz000551,创元科技,2016-07-20,10.28,10.41,10.19,10.2,10.26,8279484.0,85069988.6,4080820131.0,4080820131.0
sz000551,创元科技,2016-07-21,10.25,10.35,10.19,10.21,10.2,7810974.0,80124470.4,4084820935.05,4084820935.05
sz000551,创元科技,2016-07-22,10.2,10.23,9.89,9.9,10.21,12730554.0,127349179.8,3960796009.5,3960796009.5
sz000551,创元科技,2016-07-25,9.9,10.04,9.89,10.01,9.9,5790243.0,57759563.0,4004804854.05,4004804854.05
sz000551,创元科技,2016-07-26,10.02,10.15,9.96,10.15,10.01,7237553.0,72896433.8,4060816110.75,4060816110.75
sz000551,创元科技,2016-07-27,10.13,10.34,9.41,9.7,10.15,14368352.0,143044928.3,3880779928.5,3880779928.5
sz000551,创元科技,2016-07-28,9.69,9.87,9.56,9.8,9.7,7155232.0,69610005.1,3920787969.0,3920787969.0
sz000551,创元科技,2016-07-29,9.75,9.82,9.54,9.62,9.8,5305278.0,51196661.3,3848773496.1,3848773496.1
sz000551,创元科技,2016-08-01,9.57,9.6,9.3,9.45,9.62,4986109.0,46942088.8,3780759827.25,3780759827.25
sz000551,创元科技,2016-08-02,9.45,9.54,9.41,9.53,9.45,2871072.0,27207450.9,3812766259.65,3812766259.65
sz000551,创元科技,2016-08-03,9.53,9.77,9.43,9.76,9.53,7640560.0,73372059.1,3904784752.8,3904784752.8
sz000551,创元科技,2016-08-04,9.71,9.78,9.6,9.74,9.76,5780978.0,56107997.5,3896783144.7,3896783144.7
sz000551,创元科技,2016-08-05,9.76,9.76,9.58,9.58,9.74,3560356.0,34399353.0,3832770279.9,3832770279.9
sz000551,创元科技,2016-08-08,9.52,9.85,9.44,9.8,9.58,7168108.0,69258243.9,3920787969.0,3920787969.0
sz000551,创元科技,2016-08-09,9.75,9.84,9.72,9.8,9.8,5203623.0,50941039.8,3920787969.0,3920787969.0
sz000551,创元科技,2016-08-10,9.8,9.84,9.67,9.68,9.8,5578184.0,54447756.8,3872778320.4,3872778320.4
sz000551,创元科技,2016-08-11,9.64,9.74,9.56,9.56,9.68,4338164.0,41930582.8,3824768671.8,3824768671.8
sz000551,创元科技,2016-08-12,9.55,9.76,9.55,9.76,9.56,4760820.0,46063696.2,3904784752.8,3904784752.8
sz000551,创元科技,2016-08-15,9.9,9.98,9.77,9.93,9.76,7903723.0,78256016.3,3972798421.65,3972798421.65
sz000551,创元科技,2016-08-16,9.93,10.05,9.88,10.0,9.93,7456279.0,74340402.2,4000804050.0,4000804050.0
sz000551,创元科技,2016-08-17,10.01,10.15,9.94,9.98,10.0,8939734.0,89692028.6,3992802441.9,3992802441.9
sz000551,创元科技,2016-08-18,9.95,10.05,9.93,9.96,9.98,6178727.0,61697281.5,3984800833.8,3984800833.8
sz000551,创元科技,2016-08-19,9.97,10.09,9.96,10.06,9.96,5538095.0,55602065.6,4024808874.3,4024808874.3
sz000551,创元科技,2016-08-22,10.07,10.13,9.91,9.92,10.06,5672922.0,56769811.2,3968797617.6,3968797617.6
sz000551,创元科技,2016-08-23,9.92,10.06,9.89,9.95,9.92,5225128.0,52094684.2,3980800029.75,3980800029.75
sz000551,创元科技,2016-08-24,9.99,10.08,9.98,10.02,9.95,5173327.0,51880870.0,4008805658.1,4008805658.1
sz000551,创元科技,2016-08-25,9.99,10.0,9.73,9.9,10.02,5753000.0,56521780.0,3960796009.5,3960796009.5
sz000551,创元科技,2016-08-26,9.91,10.08,9.91,10.04,9.9,6410719.0,64192194.4,4016807266.2,4016807266.2
sz000551,创元科技,2016-08-29,10.02,10.3,10.02,10.25,10.04,11993727.0,122360865.2,4100824151.25,4100824151.25
sz000551,创元科技,2016-08-30,10.29,10.35,10.09,10.14,10.25,8459400.0,86155356.2,4056815306.7,4056815306.7
sz000551,创元科技,2016-08-31,10.15,10.18,10.02,10.11,10.14,5142067.0,51840660.4,4044812894.55,4044812894.55
sz000551,创元科技,2016-09-01,10.13,10.21,10.09,10.11,10.11,7838480.0,79518680.5,4044812894.55,4044812894.55
sz000551,创元科技,2016-09-02,10.13,10.13,9.99,10.02,10.11,6299975.0,63331112.0,4008805658.1,4008805658.1
sz000551,创元科技,2016-09-05,10.08,10.25,10.05,10.17,10.02,7872105.0,80092920.3,4068817718.85,4068817718.85
sz000551,创元科技,2016-09-06,10.17,10.55,10.09,10.5,10.17,17809422.0,184578237.7,4200844252.5,4200844252.5
sz000551,创元科技,2016-09-07,10.84,10.9,10.57,10.58,10.5,26246662.0,281272986.4,4232850684.9,4232850684.9
sz000551,创元科技,2016-09-08,10.52,10.63,10.36,10.63,10.58,15717818.0,164313287.5,4252854705.15,4252854705.15
sz000551,创元科技,2016-09-09,10.59,10.77,10.51,10.59,10.63,12771885.0,135824367.5,4236851488.95,4236851488.95
sz000551,创元科技,2016-09-12,10.46,10.46,10.01,10.05,10.59,13522462.0,138261102.3,4020808070.25,4020808070.25
sz000551,创元科技,2016-09-13,10.16,10.2,10.02,10.1,10.05,6466426.0,65312616.4,4040812090.5,4040812090.5
sz000551,创元科技,2016-09-14,10.01,10.06,9.92,10.0,10.1,6159473.0,61622284.5,4000804050.0,4000804050.0
sz000551,创元科技,2016-09-19,10.05,10.08,9.96,9.98,10.0,10472211.0,104808282.2,3992802441.9,3992802441.9
sz000551,创元科技,2016-09-20,10.03,10.03,9.85,9.91,9.98,9885057.0,98232579.8,3964796813.55,3964796813.55
sz000551,创元科技,2016-09-21,9.91,10.02,9.9,9.98,9.91,6121400.0,61045446.0,3992802441.9,3992802441.9
sz000551,创元科技,2016-09-22,10.0,10.12,10.0,10.03,9.98,7861878.0,79089597.6,4012806462.15,4012806462.15
sz000551,创元科技,2016-09-23,10.1,10.1,9.92,9.92,10.03,6634206.0,66253129.9,3968797617.6,3968797617.6
sz000551,创元科技,2016-09-26,9.92,10.03,9.69,9.71,9.92,8421744.0,83450896.2,3884780732.55,3884780732.55
sz000551,创元科技,2016-09-27,9.71,9.78,9.61,9.78,9.71,5507800.0,53441415.8,3912786360.9,3912786360.9
sz000551,创元科技,2016-09-28,9.8,9.82,9.71,9.79,9.78,5287862.0,51689281.0,3916787164.95,3916787164.95
sz000551,创元科技,2016-09-29,9.79,9.9,9.78,9.88,9.79,5365017.0,52881908.4,3952794401.4,3952794401.4
sz000551,创元科技,2016-09-30,9.85,9.98,9.82,9.92,9.88,5462271.0,54189494.0,3968797617.6,3968797617.6
sz000551,创元科技,2016-10-10,9.99,10.18,9.96,10.17,9.92,8484763.0,85505354.1,4068817718.85,4068817718.85
sz000551,创元科技,2016-10-11,10.15,10.29,10.15,10.24,10.17,7587290.0,77560496.1,4096823347.2,4096823347.2
sz000551,创元科技,2016-10-12,10.2,10.27,10.14,10.2,10.24,5392426.0,54932450.0,4080820131.0,4080820131.0
sz000551,创元科技,2016-10-13,10.27,10.35,10.22,10.28,10.2,7822754.0,80434917.4,4112826563.4,4112826563.4
sz000551,创元科技,2016-10-14,10.25,10.34,10.2,10.29,10.28,6551336.0,67198130.8,4116827367.45,4116827367.45
sz000551,创元科技,2016-10-17,10.28,10.34,10.18,10.21,10.29,7170622.0,73647554.3,4084820935.05,4084820935.05
sz000551,创元科技,2016-10-18,10.2,10.45,10.17,10.42,10.21,9373209.0,97144503.9,4168837820.1,4168837820.1
sz000551,创元科技,2016-10-19,10.49,10.54,10.36,10.42,10.42,7724169.0,80633840.6,4168837820.1,4168837820.1
sz000551,创元科技,2016-10-20,10.43,10.65,10.43,10.46,10.42,10911779.0,114990762.3,4184841036.3,4184841036.3
sz000551,创元科技,2016-10-21,10.44,10.52,10.25,10.36,10.46,7940273.0,82238900.4,4144832995.8,4144832995.8
sz000551,创元科技,2016-10-24,10.33,10.65,10.31,10.63,10.36,10473782.0,110266868.6,4252854705.15,4252854705.15
sz000551,创元科技,2016-10-25,10.62,10.83,10.57,10.71,10.63,11625068.0,124494807.7,4284861137.55,4284861137.55
sz000551,创元科技,2016-10-26,10.76,10.78,10.53,10.68,10.71,8358459.0,88931661.0,4272858725.4,4272858725.4
sz000551,创元科技,2016-10-27,10.66,10.73,10.54,10.6,10.68,6456558.0,68522834.9,4240852293.0,4240852293.0
sz000551,创元科技,2016-10-28,10.64,10.67,10.33,10.38,10.6,9077185.0,94834850.6,4152834603.9,4152834603.9
sz000551,创元科技,2016-10-31,10.38,10.4,10.23,10.4,10.38,7165947.0,73982312.0,4160836212.0,4160836212.0
sz000551,创元科技,2016-11-01,10.41,10.49,10.36,10.46,10.4,7390161.0,76957726.0,4184841036.3,4184841036.3
sz000551,创元科技,2016-11-02,10.45,10.6,10.4,10.45,10.46,7730210.0,81224255.0,4180840232.25,4180840232.25
sz000551,创元科技,2016-11-03,10.41,11.33,10.41,11.01,10.45,34265198.0,376778091.0,4404885259.05,4404885259.05
sz000551,创元科技,2016-11-04,11.0,11.05,10.77,10.96,11.01,18692384.0,203538180.0,4384881238.8,4384881238.8
sz000551,创元科技,2016-11-07,10.97,11.15,10.9,11.03,10.96,15016294.0,165487252.0,4412886867.15,4412886867.15
sz000551,创元科技,2016-11-08,11.01,11.23,10.99,11.02,11.03,14186392.0,157195805.0,4408886063.1,4408886063.1
sz000551,创元科技,2016-11-09,11.05,11.08,10.74,10.87,11.02,12164662.0,132599054.0,4348874002.35,4348874002.35
sz000551,创元科技,2016-11-10,10.97,11.26,10.95,11.15,10.87,20338315.0,226350299.0,4460896515.75,4460896515.75
sz000551,创元科技,2016-11-11,11.14,11.27,11.0,11.2,11.15,13148037.0,146394582.0,4480900536.0,4480900536.0
sz000551,创元科技,2016-11-14,11.23,11.41,11.12,11.25,11.2,14091856.0,158338888.0,4500904556.25,4500904556.25
sz000551,创元科技,2016-11-15,11.26,11.29,11.05,11.15,11.25,8882070.0,98826253.0,4460896515.75,4460896515.75
sz000551,创元科技,2016-11-16,11.15,11.32,11.07,11.12,11.15,10284016.0,115252526.0,4448894103.6,4448894103.6
sz000551,创元科技,2016-11-17,11.17,11.17,10.9,10.96,11.12,9519914.0,104415543.0,4384881238.8,4384881238.8
sz000551,创元科技,2016-11-18,10.97,11.09,10.93,11.0,10.96,6724224.0,74155682.0,4400884455.0,4400884455.0
sz000551,创元科技,2016-11-21,10.96,11.08,10.95,11.03,11.0,6219099.0,68591102.0,4412886867.15,4412886867.15
sz000551,创元科技,2016-11-22,11.04,11.17,11.03,11.16,11.03,7307234.0,81111337.0,4464897319.8,4464897319.8
sz000551,创元科技,2016-11-23,11.14,11.17,11.03,11.04,11.16,8244175.0,91368508.0,4416887671.2,4416887671.2
sz000551,创元科技,2016-11-24,11.06,11.11,10.84,10.88,11.04,8644662.0,95137880.0,4352874806.4,4352874806.4
sz000551,创元科技,2016-11-25,10.89,11.05,10.64,11.02,10.88,9413516.0,102399640.0,4408886063.1,4408886063.1
sz000551,创元科技,2016-11-28,11.04,11.27,10.97,11.16,11.02,11282960.0,126065930.0,4464897319.8,4464897319.8
sz000551,创元科技,2016-11-29,11.16,11.17,10.72,10.79,11.16,9163051.0,100754234.0,4316867569.95,4316867569.95
sz000551,创元科技,2016-11-30,10.8,10.85,10.65,10.68,10.79,6311840.0,67673502.0,4272858725.4,4272858725.4
sz000551,创元科技,2016-12-01,10.7,10.8,10.6,10.66,10.68,4774399.0,51040408.0,4264857117.3,4264857117.3
sz000551,创元科技,2016-12-02,10.66,10.69,10.32,10.32,10.66,7225997.0,75796829.0,4128829779.6,4128829779.6
sz000551,创元科技,2016-12-05,10.21,10.5,10.21,10.37,10.32,4493565.0,46534962.0,4148833799.85,4148833799.85
sz000551,创元科技,2016-12-06,10.36,10.46,10.34,10.37,10.37,2797905.0,29094390.0,4148833799.85,4148833799.85
sz000551,创元科技,2016-12-07,10.35,10.64,10.35,10.6,10.37,5288989.0,55707043.0,4240852293.0,4240852293.0
sz000551,创元科技,2016-12-08,10.62,10.64,10.45,10.49,10.6,4085572.0,43014420.0,4196843448.45,4196843448.45
sz000551,创元科技,2016-12-09,10.49,10.55,10.45,10.47,10.49,3150406.0,33084809.0,4188841840.35,4188841840.35
sz000551,创元科技,2016-12-12,10.46,10.53,9.7,9.72,10.47,7032736.0,70998766.0,3888781536.6,3888781536.6
sz000551,创元科技,2016-12-13,9.69,9.88,9.69,9.81,9.72,3548021.0,34790950.0,3924788773.05,3924788773.05
sz000551,创元科技,2016-12-14,9.77,9.9,9.72,9.81,9.81,3312906.0,32550772.0,3924788773.05,3924788773.05
sz000551,创元科技,2016-12-15,9.78,10.09,9.77,10.0,9.81,4352273.0,43372916.0,4000804050.0,4000804050.0
sz000551,创元科技,2016-12-16,10.0,10.22,10.0,10.15,10.0,3436579.0,34883015.0,4060816110.75,4060816110.75
sz000551,创元科技,2016-12-19,10.19,10.57,10.06,10.39,10.15,6798965.0,69964930.0,4156835407.95,4156835407.95
sz000551,创元科技,2016-12-20,10.32,10.49,10.2,10.38,10.39,4942877.0,51106014.0,4152834603.9,4152834603.9
sz000551,创元科技,2016-12-21,10.4,10.52,10.33,10.42,10.38,5176847.0,53996034.0,4168837820.1,4168837820.1
sz000551,创元科技,2016-12-22,10.43,10.5,10.34,10.4,10.42,3302542.0,34318083.0,4160836212.0,4160836212.0
sz000551,创元科技,2016-12-23,10.36,10.55,10.25,10.25,10.4,4220397.0,43934424.0,4100824151.25,4100824151.25
sz000551,创元科技,2016-12-26,10.25,10.4,10.01,10.4,10.25,4331532.0,44299164.0,4160836212.0,4160836212.0
sz000551,创元科技,2016-12-27,10.4,10.51,10.31,10.39,10.4,3631976.0,37807663.0,4156835407.95,4156835407.95
sz000551,创元科技,2016-12-28,10.4,10.47,10.28,10.45,10.39,5457119.0,56673110.0,4180840232.25,4180840232.25
sz000551,创元科技,2016-12-29,10.43,10.66,10.37,10.65,10.45,8666402.0,91349130.0,4260856313.25,4260856313.25
sz000551,创元科技,2016-12-30,10.58,10.6,10.47,10.55,10.65,6367266.0,67097333.0,4220848272.75,4220848272.75
sz000551,创元科技,2017-01-03,10.6,10.81,10.56,10.71,10.55,7609241.0,81515538.0,4284861137.55,4284861137.55
sz000551,创元科技,2017-01-04,10.7,10.86,10.63,10.78,10.71,6093806.0,65601139.0,4312866765.9,4312866765.9
sz000551,创元科技,2017-01-05,10.76,11.21,10.7,10.89,10.78,10513122.0,115431166.0,4356875610.45,4356875610.45
sz000551,创元科技,2017-01-06,11.0,11.38,10.85,11.15,10.89,17884869.0,198995208.0,4460896515.75,4460896515.75
sz000551,创元科技,2017-01-09,11.47,11.69,11.03,11.2,11.15,18296928.0,206147425.0,4480900536.0,4480900536.0
sz000551,创元科技,2017-01-10,11.12,11.23,10.88,10.93,11.2,10177763.0,111932888.0,4372878826.65,4372878826.65
sz000551,创元科技,2017-01-11,10.87,11.02,10.84,10.87,10.93,6478172.0,70782046.0,4348874002.35,4348874002.35
sz000551,创元科技,2017-01-12,10.85,10.94,10.58,10.6,10.87,7430239.0,79935243.0,4240852293.0,4240852293.0
sz000551,创元科技,2017-01-13,10.58,10.64,10.29,10.29,10.6,7979743.0,83327712.0,4116827367.45,4116827367.45
sz000551,创元科技,2017-01-16,10.29,10.44,9.51,10.0,10.29,10546279.0,106697204.0,4000804050.0,4000804050.0
sz000551,创元科技,2017-01-17,9.9,10.13,9.72,10.1,10.0,5934904.0,59228894.0,4040812090.5,4040812090.5
sz000551,创元科技,2017-01-18,10.01,10.08,9.9,10.03,10.1,5189086.0,51838356.0,4012806462.15,4012806462.15
sz000551,创元科技,2017-01-19,10.0,10.11,9.91,9.97,10.03,4192227.0,41988582.0,3988801637.85,3988801637.85
sz000551,创元科技,2017-01-20,9.97,10.25,9.86,10.17,9.97,5667686.0,57476524.0,4068817718.85,4068817718.85
sz000551,创元科技,2017-01-23,10.17,10.36,10.16,10.28,10.17,5677365.0,58365766.0,4112826563.4,4112826563.4
sz000551,创元科技,2017-01-24,10.3,10.3,10.14,10.22,10.28,3483989.0,35590620.0,4088821739.1,4088821739.1
sz000551,创元科技,2017-01-25,10.22,10.28,10.17,10.22,10.22,3666371.0,37481183.0,4088821739.1,4088821739.1
sz000551,创元科技,2017-01-26,10.24,10.31,10.21,10.25,10.22,2889254.0,29640331.0,4100824151.25,4100824151.25
sz000551,创元科技,2017-02-03,10.27,10.27,10.09,10.11,10.25,3695588.0,37520129.0,4044812894.55,4044812894.55
sz000551,创元科技,2017-02-06,10.23,10.27,10.15,10.27,10.11,7023328.0,71760127.0,4108825759.35,4108825759.35
sz000551,创元科技,2017-02-07,10.28,10.31,10.2,10.31,10.27,6651446.0,68152341.0,4124828975.55,4124828975.55
sz000551,创元科技,2017-02-08,10.28,10.37,10.11,10.36,10.31,7899526.0,81047207.0,4144832995.8,4144832995.8
sz000551,创元科技,2017-02-09,10.38,10.6,10.35,10.6,10.36,10121851.0,106439212.0,4240852293.0,4240852293.0
sz000551,创元科技,2017-02-10,10.56,10.67,10.5,10.55,10.6,8124621.0,85824115.0,4220848272.75,4220848272.75
sz000551,创元科技,2017-02-13,10.58,10.72,10.5,10.72,10.55,8108849.0,86344829.0,4288861941.6,4288861941.6
sz000551,创元科技,2017-02-14,10.73,10.76,10.59,10.69,10.72,5640679.0,60156860.0,4276859529.45,4276859529.45
sz000551,创元科技,2017-02-15,10.63,10.71,10.47,10.53,10.69,6580910.0,69835877.0,4212846664.65,4212846664.65
sz000551,创元科技,2017-02-16,10.53,10.85,10.53,10.82,10.53,10277729.0,110479895.0,4328869982.1,4328869982.1
sz000551,创元科技,2017-02-17,10.8,10.87,10.6,10.71,10.82,8088650.0,86718889.0,4284861137.55,4284861137.55
sz000551,创元科技,2017-02-20,10.63,10.9,10.63,10.9,10.71,8485234.0,91485959.0,4360876414.5,4360876414.5
sz000551,创元科技,2017-02-21,10.9,10.92,10.82,10.87,10.9,5507197.0,59799461.0,4348874002.35,4348874002.35
sz000551,创元科技,2017-02-22,10.88,10.97,10.82,10.92,10.87,6698073.0,73020414.0,4368878022.6,4368878022.6
sz000551,创元科技,2017-02-23,10.88,10.92,10.7,10.84,10.92,5971682.0,64503749.0,4336871590.2,4336871590.2
sz000551,创元科技,2017-02-24,10.8,10.92,10.77,10.91,10.84,5331939.0,57933133.0,4364877218.55,4364877218.55
sz000551,创元科技,2017-02-27,10.91,10.98,10.73,10.75,10.91,5017814.0,54499486.0,4300864353.75,4300864353.75
sz000551,创元科技,2017-02-28,10.78,10.86,10.7,10.84,10.75,4183144.0,45211016.0,4336871590.2,4336871590.2
sz000551,创元科技,2017-03-01,10.81,11.05,10.78,10.93,10.84,8468480.0,92803726.0,4372878826.65,4372878826.65
sz000551,创元科技,2017-03-02,10.98,11.15,10.85,10.92,10.93,8065024.0,88741744.0,4368878022.6,4368878022.6
sz000551,创元科技,2017-03-03,10.94,10.94,10.75,10.85,10.92,5744859.0,62383144.0,4340872394.25,4340872394.25
sz000551,创元科技,2017-03-06,10.83,11.09,10.83,11.06,10.85,6906744.0,75783097.0,4424889279.3,4424889279.3
sz000551,创元科技,2017-03-07,11.07,11.17,10.97,11.08,11.06,7303207.0,80851071.0,4432890887.4,4432890887.4
sz000551,创元科技,2017-03-08,11.08,11.1,10.9,10.98,11.08,5800216.0,63630455.0,4392882846.9,4392882846.9
sz000551,创元科技,2017-03-09,10.95,10.95,10.7,10.73,10.98,6172764.0,66653392.0,4292862745.65,4292862745.65
sz000551,创元科技,2017-03-10,10.75,11.18,10.73,11.08,10.73,12662542.0,139649550.0,4432890887.4,4432890887.4
sz000551,创元科技,2017-03-13,11.06,11.12,10.9,11.08,11.08,7971055.0,87884895.0,4432890887.4,4432890887.4
sz000551,创元科技,2017-03-14,11.05,11.1,10.93,10.94,11.08,6470350.0,71217800.0,4376879630.7,4376879630.7
sz000551,创元科技,2017-03-15,10.93,10.99,10.78,10.87,10.94,5544948.0,60061141.0,4348874002.35,4348874002.35
sz000551,创元科技,2017-03-16,10.86,11.14,10.86,11.13,10.87,10686006.0,118206202.0,4452894907.65,4452894907.65
sz000551,创元科技,2017-03-17,11.11,11.27,10.81,10.87,11.13,13391024.0,148392625.0,4348874002.35,4348874002.35
sz000551,创元科技,2017-03-20,10.91,11.28,10.84,11.27,10.87,12506299.0,138418315.0,4508906164.35,4508906164.35
sz000551,创元科技,2017-03-21,11.24,11.31,11.15,11.26,11.27,9523768.0,106849778.0,4504905360.3,4504905360.3
sz000551,创元科技,2017-03-22,11.22,11.39,10.97,11.3,11.26,14884819.0,166887735.0,4520908576.5,4520908576.5
sz000551,创元科技,2017-03-23,11.25,11.46,10.97,11.45,11.3,15681414.0,176296915.0,4580920637.25,4580920637.25
sz000551,创元科技,2017-03-24,11.36,11.53,11.21,11.32,11.45,10429355.0,118361586.0,4528910184.6,4528910184.6
sz000551,创元科技,2017-03-27,11.3,11.55,11.23,11.5,11.32,11692770.0,133526491.0,4600924657.5,4600924657.5
sz000551,创元科技,2017-03-28,11.37,11.4,11.1,11.13,11.5,10864214.0,122036798.0,4452894907.65,4452894907.65
sz000551,创元科技,2017-03-29,11.13,11.26,11.05,11.05,11.13,8043487.0,89703347.0,4420888475.25,4420888475.25
sz000551,创元科技,2017-03-30,11.0,11.04,10.42,10.42,11.05,14207001.0,151865489.0,4168837820.1,4168837820.1
sz000551,创元科技,2017-03-31,10.47,10.52,10.3,10.42,10.42,7026700.0,73300662.0,4168837820.1,4168837820.1
sz000551,创元科技,2017-04-05,10.48,10.68,10.41,10.66,10.42,5044020.0,53412607.0,4264857117.3,4264857117.3
sz000551,创元科技,2017-04-06,10.67,10.72,10.62,10.64,10.66,4237991.0,45192203.0,4256855509.2,4256855509.2
sz000551,创元科技,2017-04-07,10.66,10.77,10.57,10.68,10.64,5645327.0,60215034.0,4272858725.4,4272858725.4
sz000551,创元科技,2017-04-10,10.64,10.72,10.47,10.55,10.68,5907310.0,62703175.0,4220848272.75,4220848272.75
sz000551,创元科技,2017-04-11,10.54,10.65,10.48,10.65,10.55,4897867.0,51758577.0,4260856313.25,4260856313.25
sz000551,创元科技,2017-04-12,10.66,10.77,10.55,10.59,10.65,4773722.0,50937068.0,4236851488.95,4236851488.95
sz000551,创元科技,2017-04-13,10.58,10.82,10.55,10.78,10.59,6970765.0,74864285.0,4312866765.9,4312866765.9
sz000551,创元科技,2017-04-14,10.7,10.75,10.32,10.37,10.78,7527370.0,79182487.0,4148833799.85,4148833799.85
sz000551,创元科技,2017-04-17,10.4,10.48,10.23,10.3,10.37,3905013.0,40450064.0,4120828171.5,4120828171.5
sz000551,创元科技,2017-04-18,10.32,10.38,10.06,10.11,10.3,3543956.0,36280078.0,4044812894.55,4044812894.55
sz000551,创元科技,2017-04-19,10.05,10.11,9.88,10.08,10.11,4573792.0,45698224.0,4032810482.4,4032810482.4
sz000551,创元科技,2017-04-20,10.09,10.14,9.76,9.87,10.08,5235251.0,52018738.0,3948793597.35,3948793597.35
sz000551,创元科技,2017-04-21,9.87,9.97,9.6,9.64,9.87,5125232.0,50027695.0,3856775104.2,3856775104.2
sz000551,创元科技,2017-04-24,9.6,9.65,9.33,9.33,9.64,3866583.0,36475249.0,3732750178.65,3732750178.65
sz000551,创元科技,2017-04-25,9.42,9.5,9.32,9.43,9.33,2799726.0,26338379.0,3772758219.15,3772758219.15
sz000551,创元科技,2017-04-26,9.44,9.48,9.33,9.43,9.43,3220622.0,30318839.0,3772758219.15,3772758219.15
sz000551,创元科技,2017-04-27,9.41,9.65,9.22,9.59,9.43,5716797.0,54117955.0,3836771083.95,3836771083.95
sz000551,创元科技,2017-04-28,9.55,9.64,9.51,9.59,9.59,3164887.0,30334296.0,3836771083.95,3836771083.95
sz000551,创元科技,2017-05-02,9.59,9.63,9.54,9.6,9.59,2443517.0,23431251.0,3840771888.0,3840771888.0
sz000551,创元科技,2017-05-03,9.58,9.58,9.46,9.55,9.6,3089853.0,29421324.0,3820767867.75,3820767867.75
sz000551,创元科技,2017-05-04,9.52,9.66,9.42,9.55,9.55,3421945.0,32759172.0,3820767867.75,3820767867.75
sz000551,创元科技,2017-05-05,9.55,9.64,9.46,9.46,9.55,3528876.0,33674349.0,3784760631.3,3784760631.3
sz000551,创元科技,2017-05-08,9.41,9.54,9.2,9.22,9.46,3447171.0,32416773.0,3688741334.1,3688741334.1
sz000551,创元科技,2017-05-09,9.16,9.29,9.02,9.28,9.22,3528036.0,32344680.0,3712746158.4,3712746158.4
sz000551,创元科技,2017-05-10,9.28,9.32,8.9,8.91,9.28,4460257.0,40748687.0,3564716408.55,3564716408.55
sz000551,创元科技,2017-05-11,8.8,8.89,8.51,8.73,8.91,5420957.0,47162083.0,3492701935.65,3492701935.65
sz000551,创元科技,2017-05-12,8.69,8.78,8.62,8.64,8.73,3176804.0,27642560.0,3456694699.2,3456694699.2
sz000551,创元科技,2017-05-15,8.67,8.82,8.67,8.72,8.64,2407014.0,21027967.0,3488701131.6,3488701131.6
sz000551,创元科技,2017-05-16,8.7,9.01,8.65,8.99,8.72,3554497.0,31398777.0,3596722840.95,3596722840.95
sz000551,创元科技,2017-05-17,8.98,9.08,8.93,8.98,8.99,2794555.0,25163258.0,3592722036.9,3592722036.9
sz000551,创元科技,2017-05-18,8.9,9.05,8.8,9.0,8.98,2801507.0,25090232.0,3600723645.0,3600723645.0
sz000551,创元科技,2017-05-19,9.0,9.01,8.89,8.94,9.0,2359034.0,21136071.0,3576718820.7,3576718820.7
sz000551,创元科技,2017-05-22,8.91,8.97,8.66,8.66,8.94,2818887.0,24859001.0,3464696307.3,3464696307.3
sz000551,创元科技,2017-05-23,8.68,8.73,8.26,8.39,8.66,3800024.0,32439882.0,3356674597.95,3356674597.95
sz000551,创元科技,2017-05-24,8.35,8.54,8.2,8.51,8.39,2512672.0,21074084.0,3404684246.55,3404684246.55
sz000551,创元科技,2017-05-25,8.47,8.66,8.32,8.63,8.51,2975389.0,25275461.0,3452693895.15,3452693895.15
sz000551,创元科技,2017-05-26,8.66,8.73,8.61,8.62,8.63,2647789.0,22940983.0,3448693091.1,3448693091.1
sz000551,创元科技,2017-05-31,8.7,9.22,8.69,9.15,8.62,8995537.0,80193249.0,3660735705.75,3660735705.75
sz000551,创元科技,2017-06-01,9.0,9.12,8.72,8.74,9.15,10089336.0,90129884.0,3496702739.7,3496702739.7
sz000551,创元科技,2017-06-02,8.5,8.87,8.25,8.75,8.74,6865483.0,58433713.0,3500703543.75,3500703543.75
sz000551,创元科技,2017-06-05,8.79,9.63,8.67,9.63,8.75,7026999.0,64554981.0,3852774300.15,3852774300.15
sz000551,创元科技,2017-06-06,10.05,10.59,9.94,10.22,9.63,51740558.0,538590708.0,4088821739.1,4088821739.1
sz000551,创元科技,2017-06-07,10.21,11.17,10.1,10.68,10.22,61720064.0,656927213.0,4272858725.4,4272858725.4
sz000551,创元科技,2017-06-08,10.6,11.75,10.53,11.35,10.68,80580543.0,911407045.0,4540912596.75,4540912596.75
sz000551,创元科技,2017-06-09,11.0,11.14,10.75,11.0,11.35,49605375.0,541945524.0,4400884455.0,4400884455.0
sz000551,创元科技,2017-06-12,10.85,10.92,10.43,10.6,11.0,36728049.0,390800176.0,4240852293.0,4240852293.0
sz000551,创元科技,2017-06-13,10.64,10.77,10.46,10.63,10.6,29672346.0,314804908.0,4252854705.15,4252854705.15
sz000551,创元科技,2017-06-14,10.55,10.68,10.38,10.62,10.63,26105850.0,274884720.0,4248853901.1,4248853901.1
sz000551,创元科技,2017-06-15,10.54,10.61,10.2,10.29,10.62,26496757.0,276548867.0,4116827367.45,4116827367.45
sz000551,创元科技,2017-06-16,10.3,10.48,10.23,10.36,10.29,17986980.0,186059795.0,4144832995.8,4144832995.8
sz000551,创元科技,2017-06-19,10.31,10.33,10.01,10.28,10.36,19945790.0,202592617.0,4112826563.4,4112826563.4
sz000551,创元科技,2017-06-20,10.25,10.39,10.14,10.23,10.28,17536608.0,179956909.0,4092822543.15,4092822543.15
sz000551,创元科技,2017-06-21,10.23,10.38,10.12,10.35,10.23,16593295.0,170298415.0,4140832191.75,4140832191.75
sz000551,创元科技,2017-06-22,10.31,10.32,9.73,9.74,10.35,21394188.0,215309793.0,3896783144.7,3896783144.7
sz000551,创元科技,2017-06-23,9.74,9.83,9.38,9.59,9.74,16158360.0,155376018.0,3836771083.95,3836771083.95
sz000551,创元科技,2017-06-26,9.6,9.78,9.53,9.74,9.59,9720800.0,93904079.0,3896783144.7,3896783144.7
sz000551,创元科技,2017-06-27,9.7,9.78,9.58,9.66,9.74,8955077.0,86616272.0,3864776712.3,3864776712.3
sz000551,创元科技,2017-06-28,9.64,9.64,9.38,9.57,9.66,8697431.0,82677090.0,3828769475.85,3828769475.85
sz000551,创元科技,2017-06-29,9.58,9.64,9.52,9.53,9.57,6737923.0,64557718.0,3812766259.65,3812766259.65
sz000551,创元科技,2017-06-30,9.52,9.56,9.26,9.28,9.53,10207082.0,95503872.0,3712746158.4,3712746158.4
sz000551,创元科技,2017-07-03,9.28,9.42,9.28,9.41,9.28,5756707.0,53914876.0,3764756611.05,3764756611.05
sz000551,创元科技,2017-07-04,9.43,9.48,9.3,9.4,9.41,6477777.0,60782262.0,3760755807.0,3760755807.0
sz000551,创元科技,2017-07-05,9.38,9.5,9.34,9.5,9.4,6515561.0,61451795.0,3800763847.5,3800763847.5
sz000551,创元科技,2017-07-06,9.5,9.52,9.29,9.42,9.5,6822281.0,64253680.0,3768757415.1,3768757415.1
sz000551,创元科技,2017-07-07,9.4,9.44,9.34,9.41,9.42,5558065.0,52167597.0,3764756611.05,3764756611.05
sz000551,创元科技,2017-07-10,9.41,9.45,9.35,9.43,9.41,5734339.0,53895175.0,3772758219.15,3772758219.15
sz000551,创元科技,2017-07-11,9.43,9.43,9.07,9.07,9.43,9702018.0,89525390.0,3628729273.35,3628729273.35
sz000551,创元科技,2017-07-12,9.07,9.18,8.88,9.15,9.07,8692522.0,78426183.0,3660735705.75,3660735705.75
sz000551,创元科技,2017-07-13,9.13,9.14,8.99,9.05,9.15,5008668.0,45323110.0,3620727665.25,3620727665.25
sz000551,创元科技,2017-07-14,9.05,9.15,9.01,9.07,9.05,4156748.0,37729099.0,3628729273.35,3628729273.35
sz000551,创元科技,2017-07-17,9.08,9.08,8.26,8.29,9.07,11051155.0,94817316.0,3316666557.45,3316666557.45
sz000551,创元科技,2017-07-18,8.29,8.5,8.25,8.44,8.29,6034600.0,50523183.0,3376678618.2,3376678618.2
sz000551,创元科技,2017-07-19,8.4,8.63,8.4,8.61,8.44,5917852.0,50487869.0,3444692287.05,3444692287.05
sz000551,创元科技,2017-07-20,8.6,8.77,8.56,8.66,8.61,6471802.0,56163749.0,3464696307.3,3464696307.3
sz000551,创元科技,2017-07-21,8.68,8.73,8.61,8.68,8.66,4245060.0,36828656.0,3472697915.4,3472697915.4
sz000551,创元科技,2017-07-24,8.73,9.06,8.72,9.0,8.68,14028031.0,125556644.0,3600723645.0,3600723645.0
sz000551,创元科技,2017-07-25,9.07,9.07,8.9,8.97,9.0,8255919.0,74177928.0,3588721232.85,3588721232.85
sz000551,创元科技,2017-07-26,8.94,9.0,8.82,8.88,8.97,4998300.0,44406974.0,3552713996.4,3552713996.4
sz000551,创元科技,2017-07-27,8.88,9.03,8.85,9.01,8.88,5615217.0,50288459.0,3604724449.05,3604724449.05
sz000551,创元科技,2017-07-28,9.01,9.04,8.92,8.98,9.01,4162751.0,37359627.0,3592722036.9,3592722036.9
sz000551,创元科技,2017-07-31,8.98,9.03,8.9,9.0,8.98,4427828.0,39782601.0,3600723645.0,3600723645.0
sz000551,创元科技,2017-08-01,9.0,9.18,8.97,9.07,9.0,6729366.0,61104304.0,3628729273.35,3628729273.35
sz000551,创元科技,2017-08-02,9.07,9.13,8.88,8.91,9.07,5673696.0,50908901.0,3564716408.55,3564716408.55
sz000551,创元科技,2017-08-03,8.93,9.09,8.86,9.0,8.91,4589382.0,41410790.0,3600723645.0,3600723645.0
sz000551,创元科技,2017-08-04,9.06,9.06,8.94,9.02,9.0,4830283.0,43424314.0,3608725253.1,3608725253.1
sz000551,创元科技,2017-08-07,8.99,9.07,8.93,9.05,9.02,4198212.0,37878814.0,3620727665.25,3620727665.25
sz000551,创元科技,2017-08-08,9.08,9.14,8.99,9.02,9.05,4290035.0,38793312.0,3608725253.1,3608725253.1
sz000551,创元科技,2017-08-09,8.99,9.3,8.99,9.19,9.02,8550853.0,78383528.0,3676738921.95,3676738921.95
sz000551,创元科技,2017-08-10,9.17,9.25,9.01,9.1,9.19,6072094.0,55401326.0,3640731685.5,3640731685.5
sz000551,创元科技,2017-08-11,9.08,9.08,8.72,8.83,9.1,5555400.0,49614208.0,3532709976.15,3532709976.15
sz000551,创元科技,2017-08-14,8.84,9.08,8.84,9.06,8.83,3813133.0,34294164.0,3624728469.3,3624728469.3
sz000551,创元科技,2017-08-15,9.08,9.34,9.06,9.27,9.06,10278018.0,95045004.0,3708745354.35,3708745354.35
sz000551,创元科技,2017-08-16,9.23,9.29,9.13,9.24,9.27,6089100.0,56082615.0,3696742942.2,3696742942.2
sz000551,创元科技,2017-08-17,9.2,9.35,9.2,9.31,9.24,6178094.0,57373362.0,3724748570.55,3724748570.55
sz000551,创元科技,2017-08-18,9.26,9.53,9.21,9.43,9.31,12979722.0,122355857.0,3772758219.15,3772758219.15
sz000551,创元科技,2017-08-21,9.48,9.49,9.3,9.39,9.43,6166004.0,57763040.0,3756755002.95,3756755002.95
sz000551,创元科技,2017-08-22,9.38,9.43,9.22,9.26,9.39,4689366.0,43600407.0,3704744550.3,3704744550.3
sz000551,创元科技,2017-08-23,9.25,9.98,9.25,9.72,9.26,21822983.0,210524242.0,3888781536.6,3888781536.6
sz000551,创元科技,2017-08-24,9.65,9.66,9.35,9.42,9.72,10685083.0,101866430.0,3768757415.1,3768757415.1
sz000551,创元科技,2017-08-25,9.41,9.55,9.39,9.48,9.42,6455444.0,61164066.0,3792762239.4,3792762239.4
sz000551,创元科技,2017-08-28,9.49,9.58,9.42,9.56,9.48,8669263.0,82578673.0,3824768671.8,3824768671.8
sz000551,创元科技,2017-08-29,9.57,9.57,9.45,9.47,9.56,4783363.0,45491425.0,3788761435.35,3788761435.35
sz000551,创元科技,2017-08-30,9.56,9.56,9.45,9.47,9.47,4188300.0,39742154.0,3788761435.35,3788761435.35
sz000551,创元科技,2017-08-31,9.46,9.48,9.38,9.39,9.47,5849220.0,55083748.0,3756755002.95,3756755002.95
sz000551,创元科技,2017-09-01,9.44,9.54,9.39,9.5,9.39,6769511.0,64228264.0,3800763847.5,3800763847.5
sz000551,创元科技,2017-09-04,9.48,9.63,9.48,9.58,9.5,7038432.0,67236058.0,3832770279.9,3832770279.9
sz000551,创元科技,2017-09-05,9.59,9.6,9.51,9.6,9.58,4482182.0,42854094.0,3840771888.0,3840771888.0
sz000551,创元科技,2017-09-06,9.59,9.59,9.5,9.55,9.6,4813990.0,45992436.0,3820767867.75,3820767867.75
sz000551,创元科技,2017-09-07,9.55,9.65,9.38,9.39,9.55,6950814.0,66161938.0,3756755002.95,3756755002.95
sz000551,创元科技,2017-09-08,9.41,9.43,9.33,9.4,9.39,4703277.0,44147145.0,3760755807.0,3760755807.0
sz000551,创元科技,2017-09-11,9.4,9.59,9.37,9.58,9.4,5081713.0,48265027.0,3832770279.9,3832770279.9
sz000551,创元科技,2017-09-12,9.58,9.63,9.48,9.49,9.58,4711403.0,45014886.0,3796763043.45,3796763043.45
sz000551,创元科技,2017-09-13,9.5,9.58,9.48,9.55,9.49,3620406.0,34552334.0,3820767867.75,3820767867.75
sz000551,创元科技,2017-09-14,9.55,9.72,9.52,9.68,9.55,10398290.0,100128143.0,3872778320.4,3872778320.4
sz000551,创元科技,2017-09-15,9.65,9.65,9.42,9.42,9.68,7075327.0,67324254.0,3768757415.1,3768757415.1
sz000551,创元科技,2017-09-18,9.45,9.49,9.42,9.47,9.42,3148575.0,29752035.0,3788761435.35,3788761435.35
sz000551,创元科技,2017-09-19,9.47,9.79,9.44,9.56,9.47,8987071.0,86413315.0,3824768671.8,3824768671.8
sz000551,创元科技,2017-09-20,9.52,9.67,9.51,9.66,9.56,6774930.0,65121364.0,3864776712.3,3864776712.3
sz000551,创元科技,2017-09-21,9.68,9.68,9.48,9.5,9.66,4862188.0,46535952.0,3800763847.5,3800763847.5
sz000551,创元科技,2017-09-22,9.48,9.5,9.28,9.31,9.5,6398156.0,59829827.0,3724748570.55,3724748570.55
sz000551,创元科技,2017-09-25,9.35,9.37,9.23,9.26,9.31,3352550.0,31180556.0,3704744550.3,3704744550.3
sz000551,创元科技,2017-09-26,9.3,9.3,9.06,9.14,9.26,3777408.0,34620009.0,3656734901.7,3656734901.7
sz000551,创元科技,2017-09-27,9.17,9.22,9.16,9.18,9.14,2579026.0,23700454.0,3672738117.9,3672738117.9
sz000551,创元科技,2017-09-28,9.21,9.21,9.09,9.11,9.18,4092110.0,37414987.0,3644732489.55,3644732489.55
sz000551,创元科技,2017-09-29,9.12,9.36,9.12,9.32,9.11,5163700.0,47876763.0,3728749374.6,3728749374.6
sz000551,创元科技,2017-10-09,9.4,9.53,9.36,9.44,9.32,4146171.0,39183835.0,3776759023.2,3776759023.2
sz000551,创元科技,2017-10-10,9.42,9.57,9.41,9.56,9.44,3727364.0,35502117.0,3824768671.8,3824768671.8
sz000551,创元科技,2017-10-11,9.55,9.66,9.48,9.58,9.56,4624265.0,44346820.0,3832770279.9,3832770279.9
sz000551,创元科技,2017-10-12,9.56,9.61,9.43,9.5,9.58,3578897.0,34039379.0,3800763847.5,3800763847.5
sz000551,创元科技,2017-10-13,9.53,9.9,9.47,9.79,9.5,12644927.0,123113328.0,3916787164.95,3916787164.95
sz000551,创元科技,2017-10-16,9.75,9.79,9.46,9.47,9.79,8115566.0,78106612.0,3788761435.35,3788761435.35
sz000551,创元科技,2017-10-17,9.43,9.58,9.42,9.51,9.47,3199800.0,30419812.0,3804764651.55,3804764651.55
sz000551,创元科技,2017-10-18,9.52,9.66,9.31,9.38,9.51,4298036.0,40971141.0,3752754198.9,3752754198.9
sz000551,创元科技,2017-10-19,9.34,9.42,9.09,9.1,9.38,5118860.0,47312364.0,3640731685.5,3640731685.5
sz000551,创元科技,2017-10-20,9.08,9.22,9.08,9.18,9.1,2841869.0,25979565.0,3672738117.9,3672738117.9
sz000551,创元科技,2017-10-23,9.16,9.38,9.16,9.27,9.18,2730072.0,25324441.0,3708745354.35,3708745354.35
sz000551,创元科技,2017-10-24,9.27,9.27,9.13,9.2,9.27,2798175.0,25679103.0,3680739726.0,3680739726.0
sz000551,创元科技,2017-10-25,9.24,9.42,9.2,9.31,9.2,4245381.0,39648076.0,3724748570.55,3724748570.55
sz000551,创元科技,2017-10-26,9.28,9.37,9.23,9.36,9.31,3976132.0,36967401.0,3744752590.8,3744752590.8
sz000551,创元科技,2017-10-27,9.32,9.51,9.32,9.44,9.36,4710788.0,44417536.0,3776759023.2,3776759023.2
sz000551,创元科技,2017-10-30,9.46,9.46,9.0,9.04,9.44,6133680.0,56030947.0,3616726861.2,3616726861.2
sz000551,创元科技,2017-10-31,9.05,9.11,8.95,9.06,9.04,3601002.0,32554130.0,3624728469.3,3624728469.3
sz000551,创元科技,2017-11-01,9.08,9.1,9.0,9.03,9.06,3390000.0,30684567.0,3612726057.15,3612726057.15
sz000551,创元科技,2017-11-02,9.02,9.02,8.71,8.73,9.03,6102174.0,53907847.0,3492701935.65,3492701935.65
sz000551,创元科技,2017-11-03,8.74,8.81,8.55,8.6,8.73,4618360.0,39996172.0,3440691483.0,3440691483.0
sz000551,创元科技,2017-11-06,8.66,8.72,8.57,8.7,8.6,2047185.0,17697615.0,3480699523.5,3480699523.5
sz000551,创元科技,2017-11-07,8.66,8.76,8.63,8.76,8.7,2493077.0,21688444.0,3504704347.8,3504704347.8
sz000551,创元科技,2017-11-08,8.76,8.9,8.72,8.81,8.76,3156200.0,27831124.0,3524708368.05,3524708368.05
sz000551,创元科技,2017-11-09,8.8,8.84,8.77,8.82,8.81,2163890.0,19047928.0,3528709172.1,3528709172.1
sz000551,创元科技,2017-11-10,8.79,8.92,8.79,8.85,8.82,3376871.0,29861095.0,3540711584.25,3540711584.25
sz000551,创元科技,2017-11-13,8.85,8.86,8.74,8.77,8.85,3322400.0,29220353.0,3508705151.85,3508705151.85
sz000551,创元科技,2017-11-14,8.77,8.83,8.61,8.65,8.77,3706676.0,32311848.0,3460695503.25,3460695503.25
sz000551,创元科技,2017-11-15,8.62,8.77,8.61,8.65,8.65,2135477.0,18527484.0,3460695503.25,3460695503.25
sz000551,创元科技,2017-11-16,8.69,8.79,8.55,8.55,8.65,2644001.0,22997254.0,3420687462.75,3420687462.75
sz000551,创元科技,2017-11-17,8.61,8.8,8.46,8.47,8.55,4494212.0,38808441.0,3388681030.35,3388681030.35
sz000551,创元科技,2017-11-20,8.41,8.52,8.27,8.52,8.47,2550751.0,21366841.0,3408685050.6,3408685050.6
sz000551,创元科技,2017-11-21,8.49,8.58,8.46,8.55,8.52,3146300.0,26888366.0,3420687462.75,3420687462.75
sz000551,创元科技,2017-11-22,8.56,8.62,8.4,8.47,8.55,2574258.0,21897336.0,3388681030.35,3388681030.35
sz000551,创元科技,2017-11-23,8.47,8.54,8.33,8.34,8.47,2285196.0,19256745.0,3336670577.7,3336670577.7
sz000551,创元科技,2017-11-24,8.3,8.42,8.29,8.32,8.34,1524100.0,12709645.0,3328668969.6,3328668969.6
sz000551,创元科技,2017-11-27,8.34,8.38,8.31,8.33,8.32,1039900.0,8685552.0,3332669773.65,3332669773.65
sz000551,创元科技,2017-11-28,8.33,8.45,8.33,8.44,8.33,1607851.0,13480276.0,3376678618.2,3376678618.2
sz000551,创元科技,2017-11-29,8.43,8.49,8.28,8.4,8.44,2086620.0,17483204.0,3360675402.0,3360675402.0
sz000551,创元科技,2017-11-30,8.41,8.44,8.32,8.34,8.4,1930313.0,16198032.0,3336670577.7,3336670577.7
sz000551,创元科技,2017-12-01,8.36,8.42,8.31,8.4,8.34,1329942.0,11143797.0,3360675402.0,3360675402.0
sz000551,创元科技,2017-12-04,8.41,8.45,8.32,8.32,8.4,2016161.0,16924550.0,3328668969.6,3328668969.6
sz000551,创元科技,2017-12-05,8.35,8.35,7.86,7.92,8.32,4053371.0,32731925.0,3168636807.6,3168636807.6
sz000551,创元科技,2017-12-06,7.93,8.03,7.86,8.03,7.92,1704015.0,13522920.0,3212645652.15,3212645652.15
sz000551,创元科技,2017-12-07,8.0,8.03,7.92,7.92,8.03,1732552.0,13825128.0,3168636807.6,3168636807.6
sz000551,创元科技,2017-12-08,7.95,8.06,7.93,8.02,7.92,1696571.0,13610125.0,3208644848.1,3208644848.1
sz000551,创元科技,2017-12-11,8.05,8.08,7.98,8.07,8.02,2111316.0,16946594.0,3228648868.35,3228648868.35
sz000551,创元科技,2017-12-12,8.06,8.07,7.92,7.92,8.07,1834300.0,14637386.0,3168636807.6,3168636807.6
sz000551,创元科技,2017-12-13,7.96,7.99,7.92,7.98,7.92,1415100.0,11269916.0,3192641631.9,3192641631.9
sz000551,创元科技,2017-12-14,7.97,8.03,7.95,8.03,7.98,1644001.0,13128798.0,3212645652.15,3212645652.15
sz000551,创元科技,2017-12-15,8.03,8.05,7.96,8.01,8.03,1509888.0,12076149.0,3204644044.05,3204644044.05
sz000551,创元科技,2017-12-18,8.0,8.05,7.98,8.0,8.01,1641623.0,13139009.0,3200643240.0,3200643240.0
sz000551,创元科技,2017-12-19,7.98,8.07,7.98,8.05,8.0,1319737.0,10615904.0,3220647260.25,3220647260.25
sz000551,创元科技,2017-12-20,8.06,8.06,7.97,8.02,8.05,1486237.0,11900029.0,3208644848.1,3208644848.1
sz000551,创元科技,2017-12-21,8.01,8.17,7.98,8.11,8.02,3477727.0,28078689.0,3244652084.55,3244652084.55
sz000551,创元科技,2017-12-22,8.08,8.15,8.05,8.11,8.11,1769164.0,14321134.0,3244652084.55,3244652084.55
sz000551,创元科技,2017-12-25,8.07,8.1,7.93,7.94,8.11,1598813.0,12778779.0,3176638415.7,3176638415.7
sz000551,创元科技,2017-12-26,7.95,8.05,7.91,8.04,7.94,2013024.0,16074989.0,3216646456.2,3216646456.2
sz000551,创元科技,2017-12-27,8.05,8.12,7.99,8.07,8.04,1970838.0,15876075.0,3228648868.35,3228648868.35
sz000551,创元科技,2017-12-28,8.03,8.18,8.03,8.12,8.07,2453639.0,19947926.0,3248652888.6,3248652888.6
sz000551,创元科技,2017-12-29,8.12,8.26,8.1,8.25,8.12,2467980.0,20250692.0,3300663341.25,3300663341.25
sz000551,创元科技,2018-01-02,8.3,8.31,8.2,8.28,8.25,2189196.0,18084709.0,3312665753.4,3312665753.4
sz000551,创元科技,2018-01-03,8.25,8.35,8.21,8.33,8.28,2760606.0,22936803.0,3332669773.65,3332669773.65
sz000551,创元科技,2018-01-04,8.33,8.54,8.27,8.36,8.33,3810688.0,32046592.0,3344672185.8,3344672185.8
sz000551,创元科技,2018-01-05,8.35,8.37,8.29,8.32,8.36,1997113.0,16628047.0,3328668969.6,3328668969.6
sz000551,创元科技,2018-01-08,8.36,8.36,8.24,8.3,8.32,1567392.0,12988344.0,3320667361.5,3320667361.5
sz000551,创元科技,2018-01-09,8.3,8.41,8.25,8.3,8.3,1716408.0,14313539.0,3320667361.5,3320667361.5
sz000551,创元科技,2018-01-10,8.3,8.3,8.02,8.14,8.3,4069697.0,33149674.0,3256654496.7,3256654496.7
sz000551,创元科技,2018-01-11,8.12,8.23,8.07,8.19,8.14,1802987.0,14707981.0,3276658516.95,3276658516.95
sz000551,创元科技,2018-01-12,8.19,8.25,8.16,8.16,8.19,1811197.0,14845351.0,3264656104.8,3264656104.8
sz000551,创元科技,2018-01-15,8.16,8.17,8.0,8.02,8.16,2227254.0,17964457.0,3208644848.1,3208644848.1
sz000551,创元科技,2018-01-16,8.0,8.1,8.0,8.07,8.02,1454788.0,11730945.0,3228648868.35,3228648868.35
sz000551,创元科技,2018-01-17,8.09,8.11,7.98,8.07,8.07,1971709.0,15878158.0,3228648868.35,3228648868.35
sz000551,创元科技,2018-01-18,8.08,8.12,8.06,8.08,8.07,1878200.0,15166447.0,3232649672.4,3232649672.4
sz000551,创元科技,2018-01-19,8.09,8.15,8.06,8.11,8.08,1766687.0,14314673.0,3244652084.55,3244652084.55
sz000551,创元科技,2018-01-22,8.11,8.2,8.05,8.19,8.11,2360053.0,19170031.0,3276658516.95,3276658516.95
sz000551,创元科技,2018-01-23,8.19,8.21,8.15,8.2,8.19,1598351.0,13081291.0,3280659321.0,3280659321.0
sz000551,创元科技,2018-01-24,8.23,8.24,8.13,8.22,8.2,2395284.0,19589110.0,3288660929.1,3288660929.1
sz000551,创元科技,2018-01-25,8.22,8.24,8.16,8.2,8.22,2490002.0,20419788.0,3280659321.0,3280659321.0
sz000551,创元科技,2018-01-26,8.18,8.21,8.0,8.11,8.2,2898119.0,23577431.0,3244652084.55,3244652084.55
sz000551,创元科技,2018-01-29,8.1,8.1,7.98,8.01,8.11,3032913.0,24344136.0,3204644044.05,3204644044.05
sz000551,创元科技,2018-01-30,7.99,8.05,7.96,8.0,8.01,1449700.0,11615074.0,3200643240.0,3200643240.0
sz000551,创元科技,2018-01-31,8.0,8.0,7.36,7.64,8.0,3574101.0,27771651.0,3056614294.2,3056614294.2
sz000551,创元科技,2018-02-01,7.65,7.71,7.18,7.21,7.64,3071833.0,22789078.0,2884579720.05,2884579720.05
sz000551,创元科技,2018-02-02,7.22,7.25,7.02,7.16,7.21,2101905.0,15025572.0,2864575699.8,2864575699.8
sz000551,创元科技,2018-02-05,7.14,7.15,6.93,7.09,7.16,1559540.0,11059504.0,2836570071.45,2836570071.45
sz000551,创元科技,2018-02-06,6.98,6.98,6.38,6.39,7.09,4900675.0,32629587.0,2556513787.95,2556513787.95
sz000551,创元科技,2018-02-07,6.52,6.62,6.21,6.46,6.39,2843179.0,18339395.0,2584519416.3,2584519416.3
sz000551,创元科技,2018-02-08,6.42,6.63,6.42,6.59,6.46,1895040.0,12462008.0,2636529868.95,2636529868.95
sz000551,创元科技,2018-02-09,6.47,6.5,6.2,6.39,6.59,2752310.0,17561554.0,2556513787.95,2556513787.95
sz000551,创元科技,2018-02-12,6.47,6.62,6.4,6.56,6.39,2367395.0,15451807.0,2624527456.8,2624527456.8
sz000551,创元科技,2018-02-13,6.57,6.64,6.55,6.6,6.56,2051626.0,13538190.0,2640530673.0,2640530673.0
sz000551,创元科技,2018-02-14,6.59,6.63,6.54,6.59,6.6,1252285.0,8242318.0,2636529868.95,2636529868.95
sz000551,创元科技,2018-02-22,6.62,6.71,6.61,6.67,6.59,1853113.0,12364430.0,2668536301.35,2668536301.35
sz000551,创元科技,2018-02-23,6.68,6.76,6.66,6.74,6.67,2077754.0,13960082.0,2696541929.7,2696541929.7
sz000551,创元科技,2018-02-26,6.79,6.9,6.72,6.86,6.74,2684227.0,18280709.0,2744551578.3,2744551578.3
sz000551,创元科技,2018-02-27,6.85,7.05,6.85,6.87,6.86,3923671.0,27179424.0,2748552382.35,2748552382.35
sz000551,创元科技,2018-02-28,6.85,7.02,6.78,6.97,6.87,2678824.0,18572614.0,2788560422.85,2788560422.85
sz000551,创元科技,2018-03-01,6.94,7.07,6.9,7.05,6.97,2578250.0,18087735.0,2820566855.25,2820566855.25
sz000551,创元科技,2018-03-02,7.03,7.12,6.97,7.02,7.05,3188800.0,22454600.0,2808564443.1,2808564443.1
sz000551,创元科技,2018-03-05,7.01,7.12,7.0,7.11,7.02,1757402.0,12399030.0,2844571679.55,2844571679.55
sz000551,创元科技,2018-03-06,7.18,7.2,7.07,7.15,7.11,2856040.0,20392191.0,2860574895.75,2860574895.75
sz000551,创元科技,2018-03-07,7.15,7.16,7.01,7.06,7.15,2442955.0,17291552.0,2824567659.3,2824567659.3
sz000551,创元科技,2018-03-08,7.06,7.15,7.05,7.15,7.06,1902710.0,13522368.0,2860574895.75,2860574895.75
sz000551,创元科技,2018-03-09,7.13,7.31,7.13,7.31,7.15,3439079.0,24917416.0,2924587760.55,2924587760.55
sz000551,创元科技,2018-03-12,7.3,7.44,7.3,7.35,7.31,2418603.0,17834145.0,2940590976.75,2940590976.75
sz000551,创元科技,2018-03-13,7.37,7.42,7.3,7.34,7.35,2141300.0,15752650.0,2936590172.7,2936590172.7
sz000551,创元科技,2018-03-14,7.31,7.37,7.15,7.2,7.34,3195232.0,23154170.0,2880578916.0,2880578916.0
sz000551,创元科技,2018-03-15,7.13,7.24,7.09,7.19,7.2,2241300.0,16031308.0,2876578111.95,2876578111.95
sz000551,创元科技,2018-03-16,7.16,7.36,7.16,7.25,7.19,2144349.0,15599900.0,2900582936.25,2900582936.25
sz000551,创元科技,2018-03-19,7.25,7.37,7.25,7.26,7.25,2008400.0,14689521.0,2904583740.3,2904583740.3
sz000551,创元科技,2018-03-20,7.25,7.34,7.19,7.33,7.26,2430136.0,17714408.0,2932589368.65,2932589368.65
sz000551,创元科技,2018-03-21,7.32,7.44,7.23,7.29,7.33,2466503.0,18180332.0,2916586152.45,2916586152.45
sz000551,创元科技,2018-03-22,7.25,7.52,7.25,7.46,7.29,4142244.0,30742010.0,2984599821.3,2984599821.3
sz000551,创元科技,2018-03-23,7.27,7.29,6.81,7.05,7.46,5411078.0,38585557.0,2820566855.25,2820566855.25
sz000551,创元科技,2018-03-26,6.95,7.1,6.66,7.07,7.05,2811003.0,19388007.0,2828568463.35,2828568463.35
sz000551,创元科技,2018-03-27,7.14,7.37,7.12,7.27,7.07,3642000.0,26451176.0,2908584544.35,2908584544.35
sz000551,创元科技,2018-03-28,7.21,7.41,7.18,7.36,7.27,4498836.0,33026546.0,2944591780.8,2944591780.8
sz000551,创元科技,2018-03-29,7.36,7.47,7.28,7.34,7.36,3282347.0,24134311.0,2936590172.7,2936590172.7
sz000551,创元科技,2018-03-30,7.37,7.37,7.25,7.37,7.34,4196821.0,30737200.0,2948592584.85,2948592584.85
sz000551,创元科技,2018-04-02,7.45,7.48,7.3,7.31,7.37,3622861.0,26754980.0,2924587760.55,2924587760.55
sz000551,创元科技,2018-04-03,7.21,7.23,7.06,7.18,7.31,3235117.0,23148441.0,2872577307.9,2872577307.9
sz000551,创元科技,2018-04-04,7.16,7.26,7.1,7.13,7.18,1957708.0,14054790.0,2852573287.65,2852573287.65
sz000551,创元科技,2018-04-09,7.13,7.15,7.06,7.08,7.13,1665802.0,11829749.0,2832569267.4,2832569267.4
sz000551,创元科技,2018-04-10,7.06,7.18,7.03,7.16,7.08,2308727.0,16406842.0,2864575699.8,2864575699.8
sz000551,创元科技,2018-04-11,7.16,7.21,7.13,7.16,7.16,1705498.0,12241808.0,2864575699.8,2864575699.8
sz000551,创元科技,2018-04-12,7.16,7.22,7.1,7.16,7.16,1617068.0,11579373.0,2864575699.8,2864575699.8
sz000551,创元科技,2018-04-13,7.16,7.2,7.11,7.11,7.16,1338050.0,9581524.0,2844571679.55,2844571679.55
sz000551,创元科技,2018-04-16,7.1,7.12,6.83,6.88,7.11,2928698.0,20428083.0,2752553186.4,2752553186.4
sz000551,创元科技,2018-04-17,6.89,6.98,6.68,6.74,6.88,2012457.0,13792837.0,2696541929.7,2696541929.7
sz000551,创元科技,2018-04-18,6.82,6.87,6.65,6.87,6.74,1924291.0,13027994.0,2748552382.35,2748552382.35
sz000551,创元科技,2018-04-19,6.88,6.9,6.81,6.83,6.87,1643452.0,11268976.0,2732549166.15,2732549166.15
sz000551,创元科技,2018-04-20,6.82,6.85,6.63,6.64,6.83,2063951.0,13896843.0,2656533889.2,2656533889.2
sz000551,创元科技,2018-04-23,6.65,6.75,6.52,6.59,6.64,1012036.0,6708834.0,2636529868.95,2636529868.95
sz000551,创元科技,2018-04-24,6.6,6.76,6.6,6.75,6.59,2250741.0,15106179.0,2700542733.75,2700542733.75
sz000551,创元科技,2018-04-25,6.74,6.81,6.7,6.8,6.75,1671767.0,11324055.0,2720546754.0,2720546754.0
sz000551,创元科技,2018-04-26,6.81,6.82,6.71,6.75,6.8,2100939.0,14193510.0,2700542733.75,2700542733.75
sz000551,创元科技,2018-04-27,6.75,6.79,6.72,6.78,6.75,1922255.0,12995945.0,2712545145.9,2712545145.9
sz000551,创元科技,2018-05-02,6.8,6.86,6.67,6.76,6.78,2117531.0,14368115.0,2704543537.8,2704543537.8
sz000551,创元科技,2018-05-03,6.74,7.34,6.69,7.3,6.76,8739231.0,61767056.0,2920586956.5,2920586956.5
sz000551,创元科技,2018-05-04,7.23,7.56,7.08,7.39,7.3,13747285.0,101594285.0,2956594192.95,2956594192.95
sz000551,创元科技,2018-05-07,7.28,7.39,7.2,7.35,7.39,8153751.0,59515806.0,2940590976.75,2940590976.75
sz000551,创元科技,2018-05-08,7.32,7.42,7.27,7.34,7.35,4988757.0,36584769.0,2936590172.7,2936590172.7
sz000551,创元科技,2018-05-09,7.32,7.36,7.15,7.22,7.34,4862831.0,35145759.0,2888580524.1,2888580524.1
sz000551,创元科技,2018-05-10,7.21,7.25,7.17,7.22,7.22,2996916.0,21612597.0,2888580524.1,2888580524.1
sz000551,创元科技,2018-05-11,7.21,7.25,7.13,7.16,7.22,2356601.0,16928367.0,2864575699.8,2864575699.8
sz000551,创元科技,2018-05-14,7.18,7.23,6.99,7.02,7.16,2969200.0,21040110.0,2808564443.1,2808564443.1
sz000551,创元科技,2018-05-15,7.02,7.14,7.0,7.14,7.02,2295646.0,16198568.0,2856574091.7,2856574091.7
sz000551,创元科技,2018-05-16,7.13,7.18,7.05,7.13,7.14,1973675.0,14081419.0,2852573287.65,2852573287.65
sz000551,创元科技,2018-05-17,7.09,7.18,7.09,7.16,7.13,1682562.0,12038757.0,2864575699.8,2864575699.8
sz000551,创元科技,2018-05-18,7.13,7.37,7.1,7.36,7.16,5448340.0,39590171.0,2944591780.8,2944591780.8
sz000551,创元科技,2018-05-21,7.43,7.46,7.28,7.36,7.36,4259478.0,31322303.0,2944591780.8,2944591780.8
sz000551,创元科技,2018-05-22,7.37,7.37,7.26,7.33,7.36,1814173.0,13255997.0,2932589368.65,2932589368.65
sz000551,创元科技,2018-05-23,7.3,7.33,7.13,7.14,7.33,2932201.0,21137139.0,2856574091.7,2856574091.7
sz000551,创元科技,2018-05-24,7.15,7.19,7.1,7.1,7.14,1735732.0,12395087.0,2840570875.5,2840570875.5
sz000551,创元科技,2018-05-25,7.13,7.13,7.0,7.02,7.1,1934830.0,13658441.0,2808564443.1,2808564443.1
sz000551,创元科技,2018-05-28,7.03,7.1,6.96,7.01,7.02,1800600.0,12657468.0,2804563639.05,2804563639.05
sz000551,创元科技,2018-05-29,7.0,7.08,6.99,6.99,7.01,1631156.0,11454658.0,2796562030.95,2796562030.95
sz000551,创元科技,2018-05-30,6.91,6.96,6.68,6.69,6.99,1785301.0,12149068.0,2676537909.45,2676537909.45
sz000551,创元科技,2018-05-31,6.77,6.85,6.71,6.8,6.69,1855201.0,12557001.0,2720546754.0,2720546754.0
sz000551,创元科技,2018-06-01,6.79,6.8,6.64,6.68,6.8,1653650.0,11095939.0,2672537105.4,2672537105.4
sz000551,创元科技,2018-06-04,6.74,6.74,6.61,6.64,6.68,1640200.0,10912036.0,2656533889.2,2656533889.2
sz000551,创元科技,2018-06-05,6.64,6.77,6.62,6.77,6.64,1426242.0,9580656.0,2708544341.85,2708544341.85
sz000551,创元科技,2018-06-06,6.76,6.8,6.74,6.78,6.77,986579.0,6684604.0,2712545145.9,2712545145.9
sz000551,创元科技,2018-06-07,6.77,6.81,6.7,6.7,6.78,1052000.0,7090995.0,2680538713.5,2680538713.5
sz000551,创元科技,2018-06-08,6.74,6.74,6.55,6.59,6.7,1523489.0,10067825.0,2636529868.95,2636529868.95
sz000551,创元科技,2018-06-11,6.6,6.62,6.52,6.58,6.59,658700.0,4334691.0,2632529064.9,2632529064.9
sz000551,创元科技,2018-06-12,6.59,6.68,6.58,6.66,6.58,1149752.0,7633240.0,2664535497.3,2664535497.3
sz000551,创元科技,2018-06-13,6.66,6.68,6.5,6.54,6.66,1080234.0,7143759.0,2616525848.7,2616525848.7
sz000551,创元科技,2018-06-14,6.5,6.6,6.48,6.52,6.54,1113856.0,7270002.0,2608524240.6,2608524240.6
sz000551,创元科技,2018-06-15,6.43,6.46,6.14,6.16,6.42,1918101.0,11997622.0,2464495294.8,2464495294.8
sz000551,创元科技,2018-06-19,6.09,6.1,5.54,5.54,6.16,3672999.0,21092909.0,2216445443.7,2216445443.7
sz000551,创元科技,2018-06-20,5.5,5.7,5.5,5.63,5.54,1755006.0,9867906.0,2252452680.15,2252452680.15
sz000551,创元科技,2018-06-21,5.63,5.7,5.39,5.4,5.63,2007380.0,11146205.0,2160434187.0,2160434187.0
sz000551,创元科技,2018-06-22,5.44,5.57,5.35,5.53,5.4,1425640.0,7842431.0,2212444639.65,2212444639.65
sz000551,创元科技,2018-06-25,5.55,5.65,5.54,5.58,5.53,1528809.0,8534494.0,2232448659.9,2232448659.9
sz000551,创元科技,2018-06-26,5.5,5.68,5.5,5.65,5.58,1421355.0,7986259.0,2260454288.25,2260454288.25
sz000551,创元科技,2018-06-27,5.62,5.72,5.61,5.64,5.65,1053366.0,5967002.0,2256453484.2,2256453484.2
sz000551,创元科技,2018-06-28,5.63,5.69,5.57,5.6,5.64,1038095.0,5850502.0,2240450268.0,2240450268.0
sz000551,创元科技,2018-06-29,5.66,5.82,5.55,5.79,5.6,1699856.0,9735208.0,2316465544.95,2316465544.95
sz000551,创元科技,2018-07-02,5.82,5.85,5.6,5.63,5.79,1706876.0,9786901.0,2252452680.15,2252452680.15
sz000551,创元科技,2018-07-03,5.68,6.16,5.68,5.99,5.63,4871032.0,29112894.0,2396481625.95,2396481625.95
sz000551,创元科技,2018-07-04,5.97,6.02,5.79,5.81,5.99,2568285.0,15049285.0,2324467153.05,2324467153.05
sz000551,创元科技,2018-07-05,5.76,5.83,5.63,5.67,5.81,2252537.0,12870031.0,2268455896.35,2268455896.35
sz000551,创元科技,2018-07-06,5.67,5.83,5.52,5.73,5.67,1855554.0,10595790.0,2292460720.65,2292460720.65
sz000551,创元科技,2018-07-09,5.75,5.87,5.7,5.83,5.73,1849515.0,10736313.0,2332468761.15,2332468761.15
sz000551,创元科技,2018-07-10,5.85,5.93,5.78,5.89,5.83,1932398.0,11349189.0,2356473585.45,2356473585.45
sz000551,创元科技,2018-07-11,5.85,5.85,5.55,5.65,5.89,2449970.0,13867194.0,2260454288.25,2260454288.25
sz000551,创元科技,2018-07-12,5.66,5.85,5.61,5.81,5.65,1985881.0,11471118.0,2324467153.05,2324467153.05
sz000551,创元科技,2018-07-13,5.81,5.88,5.77,5.85,5.81,1607394.0,9375180.0,2340470369.25,2340470369.25
sz000551,创元科技,2018-07-16,5.83,5.87,5.78,5.84,5.85,1040100.0,6059669.0,2336469565.2,2336469565.2
sz000551,创元科技,2018-07-17,5.84,6.03,5.78,6.0,5.84,3383582.0,20012726.0,2400482430.0,2400482430.0
sz000551,创元科技,2018-07-18,6.08,6.24,6.05,6.05,6.0,3357276.0,20562622.0,2420486450.25,2420486450.25
sz000551,创元科技,2018-07-19,6.09,6.14,6.0,6.11,6.05,2248226.0,13651213.0,2444491274.55,2444491274.55
sz000551,创元科技,2018-07-20,6.11,6.11,6.0,6.06,6.11,2114063.0,12813296.0,2424487254.3,2424487254.3
sz000551,创元科技,2018-07-23,6.04,6.12,6.0,6.11,6.06,1367443.0,8288954.0,2444491274.55,2444491274.55
sz000551,创元科技,2018-07-24,6.11,6.3,6.1,6.22,6.11,2766867.0,17141199.0,2488500119.1,2488500119.1
sz000551,创元科技,2018-07-25,6.2,6.25,6.12,6.15,6.22,1639600.0,10118066.0,2460494490.75,2460494490.75
sz000551,创元科技,2018-07-26,6.15,6.24,6.12,6.17,6.15,1386630.0,8558136.0,2468496098.85,2468496098.85
sz000551,创元科技,2018-07-27,6.16,6.23,6.14,6.18,6.17,1116291.0,6894254.0,2472496902.9,2472496902.9
sz000551,创元科技,2018-07-30,6.19,6.19,6.04,6.09,6.18,1412660.0,8646867.0,2436489666.45,2436489666.45
sz000551,创元科技,2018-07-31,6.09,6.15,6.05,6.15,6.09,1025407.0,6255956.0,2460494490.75,2460494490.75
sz000551,创元科技,2018-08-01,6.15,6.32,6.12,6.12,6.15,1980663.0,12333081.0,2448492078.6,2448492078.6
sz000551,创元科技,2018-08-02,6.11,6.11,5.69,5.81,6.12,2396079.0,13992116.0,2324467153.05,2324467153.05
sz000551,创元科技,2018-08-03,5.8,5.92,5.76,5.84,5.81,838700.0,4905330.0,2336469565.2,2336469565.2
sz000551,创元科技,2018-08-06,5.85,5.88,5.68,5.73,5.84,948695.0,5511955.0,2292460720.65,2292460720.65
sz000551,创元科技,2018-08-07,5.75,5.92,5.72,5.9,5.73,1087097.0,6340504.0,2360474389.5,2360474389.5
sz000551,创元科技,2018-08-08,5.89,6.0,5.88,5.94,5.9,1545462.0,9188844.0,2376477605.7,2376477605.7
sz000551,创元科技,2018-08-09,5.89,6.1,5.89,6.06,5.94,1678389.0,10120237.0,2424487254.3,2424487254.3
sz000551,创元科技,2018-08-10,6.02,6.07,6.0,6.04,6.06,920137.0,5553457.0,2416485646.2,2416485646.2
sz000551,创元科技,2018-08-13,5.94,6.03,5.88,6.02,6.04,1122528.0,6674489.0,2408484038.1,2408484038.1
sz000551,创元科技,2018-08-14,6.05,6.07,5.99,6.04,6.02,1357813.0,8199088.0,2416485646.2,2416485646.2
sz000551,创元科技,2018-08-15,6.03,6.05,5.86,5.87,6.04,1129641.0,6709827.0,2348471977.35,2348471977.35
sz000551,创元科技,2018-08-16,5.85,5.94,5.77,5.84,5.87,1238433.0,7270365.0,2336469565.2,2336469565.2
sz000551,创元科技,2018-08-17,5.9,5.94,5.72,5.76,5.84,1239632.0,7254149.0,2304463132.8,2304463132.8
sz000551,创元科技,2018-08-20,5.63,5.81,5.27,5.66,5.76,2607737.0,14706918.0,2264455092.3,2264455092.3
sz000551,创元科技,2018-08-21,5.66,5.77,5.6,5.74,5.66,1476618.0,8412552.0,2296461524.7,2296461524.7
sz000551,创元科技,2018-08-22,5.74,5.74,5.63,5.65,5.74,905622.0,5137557.0,2260454288.25,2260454288.25
sz000551,创元科技,2018-08-23,5.66,5.69,5.63,5.67,5.65,1128700.0,6396285.0,2268455896.35,2268455896.35
sz000551,创元科技,2018-08-24,5.65,5.69,5.64,5.66,5.67,625000.0,3542893.0,2264455092.3,2264455092.3
sz000551,创元科技,2018-08-27,5.66,5.77,5.66,5.75,5.66,1084046.0,6212912.0,2300462328.75,2300462328.75
sz000551,创元科技,2018-08-28,5.78,5.86,5.73,5.79,5.75,1245200.0,7204808.0,2316465544.95,2316465544.95
sz000551,创元科技,2018-08-29,5.78,5.82,5.73,5.77,5.79,905200.0,5227114.0,2308463936.85,2308463936.85
sz000551,创元科技,2018-08-30,5.8,5.81,5.66,5.66,5.77,1219928.0,6961398.0,2264455092.3,2264455092.3
sz000551,创元科技,2018-08-31,5.63,5.7,5.59,5.59,5.66,857134.0,4837911.0,2236449463.95,2236449463.95
sz000551,创元科技,2018-09-03,5.6,5.66,5.52,5.6,5.59,831028.0,4640385.0,2240450268.0,2240450268.0
sz000551,创元科技,2018-09-04,5.6,5.7,5.53,5.67,5.6,1006400.0,5688198.0,2268455896.35,2268455896.35
sz000551,创元科技,2018-09-05,5.69,5.69,5.56,5.56,5.67,1092251.0,6155639.0,2224447051.8,2224447051.8
sz000551,创元科技,2018-09-06,5.54,5.7,5.54,5.59,5.56,853523.0,4805540.0,2236449463.95,2236449463.95
sz000551,创元科技,2018-09-07,5.61,5.66,5.57,5.64,5.59,879833.0,4951279.0,2256453484.2,2256453484.2
sz000551,创元科技,2018-09-10,5.67,5.67,5.46,5.47,5.64,1431300.0,7919479.0,2188439815.35,2188439815.35
sz000551,创元科技,2018-09-11,5.46,5.56,5.46,5.51,5.47,928110.0,5113660.0,2204443031.55,2204443031.55
sz000551,创元科技,2018-09-12,5.51,5.6,5.51,5.53,5.51,824900.0,4572735.0,2212444639.65,2212444639.65
sz000551,创元科技,2018-09-13,5.56,5.64,5.55,5.64,5.53,1237346.0,6920062.0,2256453484.2,2256453484.2
sz000551,创元科技,2018-09-14,5.68,5.68,5.54,5.57,5.64,1147900.0,6462090.0,2228447855.85,2228447855.85
sz000551,创元科技,2018-09-17,5.57,5.65,5.53,5.62,5.57,1348279.0,7558420.0,2248451876.1,2248451876.1
sz000551,创元科技,2018-09-18,5.62,5.73,5.62,5.73,5.62,1778557.0,10104152.0,2292460720.65,2292460720.65
sz000551,创元科技,2018-09-19,5.71,5.82,5.66,5.77,5.73,3007003.0,17269703.0,2308463936.85,2308463936.85
sz000551,创元科技,2018-09-20,5.9,5.9,5.69,5.74,5.77,2935258.0,17031904.0,2296461524.7,2296461524.7
sz000551,创元科技,2018-09-21,5.75,5.84,5.72,5.84,5.74,2858908.0,16557608.0,2336469565.2,2336469565.2
sz000551,创元科技,2018-09-25,5.8,5.82,5.71,5.76,5.84,2309908.0,13300910.0,2304463132.8,2304463132.8
sz000551,创元科技,2018-09-26,5.77,5.81,5.72,5.75,5.76,1914947.0,11039271.0,2300462328.75,2300462328.75
sz000551,创元科技,2018-09-27,5.75,5.76,5.61,5.63,5.75,1764123.0,10036709.0,2252452680.15,2252452680.15
sz000551,创元科技,2018-09-28,5.62,5.69,5.62,5.63,5.63,1391109.0,7846320.0,2252452680.15,2252452680.15
sz000551,创元科技,2018-10-08,5.59,5.61,5.4,5.43,5.63,1623798.0,8945310.0,2172436599.15,2172436599.15
sz000551,创元科技,2018-10-09,5.43,5.48,5.37,5.45,5.43,1722892.0,9365465.0,2180438207.25,2180438207.25
sz000551,创元科技,2018-10-10,5.47,5.49,5.4,5.45,5.45,1555317.0,8462713.0,2180438207.25,2180438207.25
sz000551,创元科技,2018-10-11,5.3,5.39,4.91,4.95,5.45,3766975.0,19183384.0,1980398004.75,1980398004.75
sz000551,创元科技,2018-10-12,4.97,5.2,4.77,5.15,4.95,3852879.0,19376210.0,2060414085.75,2060414085.75
sz000551,创元科技,2018-10-15,5.11,5.23,4.98,4.99,5.15,2008083.0,10261583.0,1996401220.95,1996401220.95
sz000551,创元科技,2018-10-16,5.04,5.04,4.85,4.88,4.99,1958915.0,9644475.0,1952392376.4,1952392376.4
sz000551,创元科技,2018-10-17,4.98,5.01,4.88,4.98,4.88,1626367.0,8030291.0,1992400416.9,1992400416.9
sz000551,创元科技,2018-10-18,4.96,4.97,4.84,4.89,4.98,1631557.0,8025789.0,1956393180.45,1956393180.45
sz000551,创元科技,2018-10-19,4.71,5.04,4.71,4.99,4.89,2469358.0,12211022.0,1996401220.95,1996401220.95
sz000551,创元科技,2018-10-22,4.98,5.26,4.98,5.17,4.99,2516239.0,12932358.0,2068415693.85,2068415693.85
sz000551,创元科技,2018-10-23,5.16,5.22,5.12,5.13,5.17,2051891.0,10604066.0,2052412477.65,2052412477.65
sz000551,创元科技,2018-10-24,5.14,5.22,5.12,5.17,5.13,1555989.0,8054573.0,2068415693.85,2068415693.85
sz000551,创元科技,2018-10-25,5.08,5.14,5.02,5.12,5.17,1430494.0,7262834.0,2048411673.6,2048411673.6
sz000551,创元科技,2018-10-26,5.14,5.21,5.13,5.16,5.12,1233700.0,6380153.0,2064414889.8,2064414889.8
sz000551,创元科技,2018-10-29,5.17,5.17,5.06,5.07,5.16,1578594.0,8070714.0,2028407653.35,2028407653.35
sz000551,创元科技,2018-10-30,5.06,5.19,5.05,5.17,5.07,1385889.0,7104707.0,2068415693.85,2068415693.85
sz000551,创元科技,2018-10-31,5.2,5.27,5.18,5.23,5.17,1861033.0,9755001.0,2092420518.15,2092420518.15
sz000551,创元科技,2018-11-01,5.29,5.31,5.24,5.25,5.23,2260695.0,11916696.0,2100422126.25,2100422126.25
sz000551,创元科技,2018-11-02,5.28,5.39,5.28,5.36,5.25,2269482.0,12124136.0,2144430970.8,2144430970.8
sz000551,创元科技,2018-11-05,5.36,5.41,5.3,5.41,5.36,2568458.0,13769499.0,2164434991.05,2164434991.05
sz000551,创元科技,2018-11-06,5.4,5.49,5.33,5.48,5.41,2666383.0,14378303.0,2192440619.4,2192440619.4
sz000551,创元科技,2018-11-07,5.48,5.52,5.35,5.38,5.48,2994774.0,16311989.0,2152432578.9,2152432578.9
sz000551,创元科技,2018-11-08,5.41,5.46,5.36,5.42,5.38,2118932.0,11490560.0,2168435795.1,2168435795.1
sz000551,创元科技,2018-11-09,5.37,5.46,5.33,5.4,5.42,2142810.0,11572756.0,2160434187.0,2160434187.0
sz000551,创元科技,2018-11-12,5.4,5.72,5.39,5.66,5.4,3946696.0,22024338.0,2264455092.3,2264455092.3
sz000551,创元科技,2018-11-13,5.59,6.17,5.57,5.81,5.66,7758100.0,45791100.0,2324467153.05,2324467153.05
sz000551,创元科技,2018-11-14,5.78,5.96,5.78,5.88,5.81,5086010.0,29894037.0,2352472781.4,2352472781.4
sz000551,创元科技,2018-11-15,5.87,5.96,5.83,5.94,5.88,4338380.0,25603278.0,2376477605.7,2376477605.7
sz000551,创元科技,2018-11-16,5.91,6.04,5.87,6.03,5.94,5171902.0,30907753.0,2412484842.15,2412484842.15
sz000551,创元科技,2018-11-19,6.06,6.32,6.05,6.18,6.03,7932000.0,49251524.0,2472496902.9,2472496902.9
sz000551,创元科技,2018-11-20,6.1,6.18,5.87,5.9,6.18,6305447.0,37944841.0,2360474389.5,2360474389.5
sz000551,创元科技,2018-11-21,5.84,6.07,5.82,6.02,5.9,4833014.0,28831321.0,2408484038.1,2408484038.1
sz000551,创元科技,2018-11-22,6.06,6.07,5.88,5.91,6.02,3739302.0,22280948.0,2364475193.55,2364475193.55
sz000551,创元科技,2018-11-23,5.95,5.95,5.58,5.62,5.91,4529353.0,26020955.0,2248451876.1,2248451876.1
sz000551,创元科技,2018-11-26,5.68,5.8,5.63,5.69,5.62,3162704.0,18097779.0,2276457504.45,2276457504.45
sz000551,创元科技,2018-11-27,5.72,5.81,5.7,5.72,5.69,2398000.0,13775999.0,2288459916.6,2288459916.6
sz000551,创元科技,2018-11-28,5.75,5.79,5.62,5.79,5.72,2883468.0,16539976.0,2316465544.95,2316465544.95
sz000551,创元科技,2018-11-29,5.85,5.85,5.6,5.6,5.79,3285610.0,18810813.0,2240450268.0,2240450268.0
sz000551,创元科技,2018-11-30,5.62,5.67,5.51,5.66,5.6,1994359.0,11142759.0,2264455092.3,2264455092.3
sz000551,创元科技,2018-12-03,5.84,6.03,5.83,5.92,5.66,5581736.0,33074634.0,2368475997.6,2368475997.6
sz000551,创元科技,2018-12-04,5.9,5.96,5.82,5.93,5.92,4057519.0,23878778.0,2372476801.65,2372476801.65
sz000551,创元科技,2018-12-05,5.85,5.9,5.8,5.85,5.93,2953462.0,17294792.0,2340470369.25,2340470369.25
sz000551,创元科技,2018-12-06,5.87,5.87,5.72,5.76,5.85,2405196.0,13916955.0,2304463132.8,2304463132.8
sz000551,创元科技,2018-12-07,5.75,5.84,5.67,5.81,5.76,2571048.0,14826549.0,2324467153.05,2324467153.05
sz000551,创元科技,2018-12-10,5.76,5.8,5.65,5.66,5.81,2404455.0,13729949.0,2264455092.3,2264455092.3
sz000551,创元科技,2018-12-11,5.68,5.74,5.68,5.73,5.66,1500347.0,8578837.0,2292460720.65,2292460720.65
sz000551,创元科技,2018-12-12,5.72,5.82,5.72,5.77,5.73,2189600.0,12642621.0,2308463936.85,2308463936.85
sz000551,创元科技,2018-12-13,5.8,5.9,5.76,5.85,5.77,2189616.0,12798581.0,2340470369.25,2340470369.25
sz000551,创元科技,2018-12-14,5.86,5.95,5.74,5.76,5.85,3292096.0,19259372.0,2304463132.8,2304463132.8
sz000551,创元科技,2018-12-17,5.76,5.89,5.61,5.85,5.76,2978901.0,17150741.0,2340470369.25,2340470369.25
sz000551,创元科技,2018-12-18,5.82,5.82,5.59,5.72,5.85,2945214.0,16779920.0,2288459916.6,2288459916.6
sz000551,创元科技,2018-12-19,5.72,5.72,5.55,5.58,5.72,1958000.0,11003993.0,2232448659.9,2232448659.9
sz000551,创元科技,2018-12-20,5.59,5.65,5.55,5.61,5.58,1357696.0,7603197.0,2244451072.05,2244451072.05
sz000551,创元科技,2018-12-21,5.58,5.65,5.52,5.55,5.61,1212849.0,6785438.0,2220446247.75,2220446247.75
sz000551,创元科技,2018-12-24,5.58,5.7,5.58,5.68,5.55,1433949.0,8122325.0,2272456700.4,2272456700.4
sz000551,创元科技,2018-12-25,5.66,5.8,5.48,5.77,5.68,2496803.0,14077048.0,2308463936.85,2308463936.85
sz000551,创元科技,2018-12-26,5.76,5.92,5.7,5.78,5.77,3144239.0,18282290.0,2312464740.9,2312464740.9
sz000551,创元科技,2018-12-27,5.83,5.92,5.79,5.84,5.78,2973094.0,17369195.0,2336469565.2,2336469565.2
sz000551,创元科技,2018-12-28,5.86,5.86,5.71,5.81,5.84,2385857.0,13767553.0,2324467153.05,2324467153.05
sz000551,创元科技,2019-01-02,5.85,5.88,5.6,5.65,5.81,2413851.0,13868586.0,2260454288.25,2260454288.25
sz000551,创元科技,2019-01-03,5.64,5.7,5.51,5.55,5.65,2439984.0,13699513.0,2220446247.75,2220446247.75
sz000551,创元科技,2019-01-04,5.52,5.92,5.45,5.9,5.55,4769060.0,27367848.0,2360474389.5,2360474389.5
sz000551,创元科技,2019-01-07,5.9,6.05,5.86,5.99,5.9,5948196.0,35579939.0,2396481625.95,2396481625.95
sz000551,创元科技,2019-01-08,5.99,6.05,5.94,6.0,5.99,3193874.0,19120612.0,2400482430.0,2400482430.0
sz000551,创元科技,2019-01-09,5.98,6.09,5.95,5.99,6.0,5586279.0,33621626.0,2396481625.95,2396481625.95
sz000551,创元科技,2019-01-10,5.98,6.59,5.96,6.39,5.99,12543716.0,79406710.0,2556513787.95,2556513787.95
sz000551,创元科技,2019-01-11,6.36,6.4,6.15,6.29,6.39,8845553.0,55684503.0,2516505747.45,2516505747.45
sz000551,创元科技,2019-01-14,6.25,6.28,6.12,6.16,6.29,3966435.0,24515933.0,2464495294.8,2464495294.8
sz000551,创元科技,2019-01-15,6.13,6.3,6.12,6.27,6.16,4949188.0,30797052.0,2508504139.35,2508504139.35
sz000551,创元科技,2019-01-16,6.23,6.35,6.17,6.18,6.27,3225565.0,20200776.0,2472496902.9,2472496902.9
sz000551,创元科技,2019-01-17,6.21,6.24,6.13,6.15,6.18,2194201.0,13555448.0,2460494490.75,2460494490.75
sz000551,创元科技,2019-01-18,6.14,6.23,5.96,6.03,6.15,4715858.0,28820155.0,2412484842.15,2412484842.15
sz000551,创元科技,2019-01-21,6.11,6.12,5.99,6.03,6.03,4372506.0,26485308.0,2412484842.15,2412484842.15
sz000551,创元科技,2019-01-22,6.06,6.08,5.96,5.98,6.03,2294253.0,13798433.0,2392480821.9,2392480821.9
sz000551,创元科技,2019-01-23,5.98,6.05,5.94,6.02,5.98,1728181.0,10375263.0,2408484038.1,2408484038.1
sz000551,创元科技,2019-01-24,6.01,6.3,6.01,6.12,6.02,4392600.0,27016872.0,2448492078.6,2448492078.6
sz000551,创元科技,2019-01-25,6.14,6.19,5.96,5.97,6.12,3404900.0,20547936.0,2388480017.85,2388480017.85
sz000551,创元科技,2019-01-28,6.01,6.02,5.84,5.89,5.97,1976867.0,11716810.0,2356473585.45,2356473585.45
sz000551,创元科技,2019-01-29,5.89,5.91,5.68,5.77,5.89,1984701.0,11433034.0,2308463936.85,2308463936.85
sz000551,创元科技,2019-01-30,5.74,5.86,5.7,5.78,5.77,1740433.0,10095866.0,2312464740.9,2312464740.9
sz000551,创元科技,2019-01-31,5.8,6.02,5.7,5.72,5.78,2299225.0,13469764.0,2288459916.6,2288459916.6
sz000551,创元科技,2019-02-01,5.75,5.95,5.73,5.89,5.72,2231429.0,13118591.0,2356473585.45,2356473585.45
sz000551,创元科技,2019-02-11,5.91,6.06,5.89,6.05,5.89,2023174.0,12145815.0,2420486450.25,2420486450.25
sz000551,创元科技,2019-02-12,6.05,6.13,6.02,6.08,6.05,2668079.0,16218950.0,2432488862.4,2432488862.4
sz000551,创元科技,2019-02-13,6.08,6.22,6.08,6.21,6.08,3451461.0,21282463.0,2484499315.05,2484499315.05
sz000551,创元科技,2019-02-14,6.17,6.23,6.15,6.2,6.21,3041138.0,18841193.0,2480498511.0,2480498511.0
sz000551,创元科技,2019-02-15,6.19,6.48,6.16,6.28,6.2,6629128.0,41844891.0,2512504943.4,2512504943.4
sz000551,创元科技,2019-02-18,6.28,6.43,6.24,6.42,6.28,5661547.0,36031838.0,2568516200.1,2568516200.1
sz000551,创元科技,2019-02-19,6.43,6.45,6.31,6.39,6.42,4744844.0,30281081.0,2556513787.95,2556513787.95
sz000551,创元科技,2019-02-20,6.39,6.43,6.33,6.41,6.39,3341136.0,21308546.0,2564515396.05,2564515396.05
sz000551,创元科技,2019-02-21,6.4,6.56,6.36,6.4,6.41,4462002.0,28744586.0,2560514592.0,2560514592.0
sz000551,创元科技,2019-02-22,6.4,6.58,6.33,6.51,6.4,5220178.0,33686356.0,2604523436.55,2604523436.55
sz000551,创元科技,2019-02-25,6.52,6.78,6.52,6.76,6.51,9933650.0,66320813.0,2704543537.8,2704543537.8
sz000551,创元科技,2019-02-26,6.71,6.9,6.68,6.7,6.76,9060923.0,61448281.0,2680538713.5,2680538713.5
sz000551,创元科技,2019-02-27,6.7,6.87,6.65,6.72,6.7,6122450.0,41395266.0,2688540321.6,2688540321.6
sz000551,创元科技,2019-02-28,6.7,6.86,6.7,6.76,6.72,4547651.0,30795795.0,2704543537.8,2704543537.8
sz000551,创元科技,2019-03-01,6.78,6.82,6.7,6.79,6.76,4142255.0,28053881.0,2716545949.95,2716545949.95
sz000551,创元科技,2019-03-04,6.85,6.95,6.82,6.84,6.79,8428374.0,58017716.0,2736549970.2,2736549970.2
sz000551,创元科技,2019-03-05,6.82,7.0,6.81,6.98,6.84,6055015.0,41768993.0,2792561226.9,2792561226.9
sz000551,创元科技,2019-03-06,7.02,7.1,6.94,7.05,6.98,6731211.0,47271586.0,2820566855.25,2820566855.25
sz000551,创元科技,2019-03-07,7.49,7.49,7.12,7.2,7.05,10866763.0,79182173.0,2880578916.0,2880578916.0
sz000551,创元科技,2019-03-08,7.1,7.15,6.85,6.86,7.2,9915682.0,69763255.0,2744551578.3,2744551578.3
sz000551,创元科技,2019-03-11,6.88,7.42,6.88,7.39,6.86,10983503.0,78612165.0,2956594192.95,2956594192.95
sz000551,创元科技,2019-03-12,7.37,7.51,7.22,7.32,7.39,12388661.0,91006406.0,2928588564.6,2928588564.6
sz000551,创元科技,2019-03-13,7.32,7.41,7.12,7.16,7.32,8362400.0,60646491.0,2864575699.8,2864575699.8
sz000551,创元科技,2019-03-14,7.04,7.16,6.76,6.9,7.16,6811274.0,47276033.0,2760554794.5,2760554794.5
sz000551,创元科技,2019-03-15,6.92,7.1,6.9,7.05,6.9,5665387.0,39770117.0,2820566855.25,2820566855.25
sz000551,创元科技,2019-03-18,7.14,7.23,7.07,7.22,7.05,4998633.0,35839025.0,2888580524.1,2888580524.1
sz000551,创元科技,2019-03-19,7.25,7.28,7.15,7.26,7.22,4963751.0,35878096.0,2904583740.3,2904583740.3
sz000551,创元科技,2019-03-20,7.28,7.31,7.09,7.2,7.26,6298230.0,45360574.0,2880578916.0,2880578916.0
sz000551,创元科技,2019-03-21,7.17,7.42,7.17,7.36,7.2,7573777.0,55528796.0,2944591780.8,2944591780.8
sz000551,创元科技,2019-03-22,7.39,7.92,7.3,7.65,7.36,11244201.0,85444404.0,3060615098.25,3060615098.25
sz000551,创元科技,2019-03-25,7.52,7.88,7.48,7.55,7.65,9969391.0,76817026.0,3020607057.75,3020607057.75
sz000551,创元科技,2019-03-26,7.68,7.68,7.29,7.3,7.55,6014788.0,44699259.0,2920586956.5,2920586956.5
sz000551,创元科技,2019-03-27,7.38,7.41,7.15,7.36,7.3,5268487.0,38358517.0,2944591780.8,2944591780.8
sz000551,创元科技,2019-03-28,7.34,7.44,7.24,7.25,7.36,3902314.0,28647719.0,2900582936.25,2900582936.25
sz000551,创元科技,2019-03-29,7.24,7.49,7.15,7.43,7.25,5837927.0,42921090.0,2972597409.15,2972597409.15
sz000551,创元科技,2019-04-01,7.45,7.7,7.4,7.65,7.43,7870356.0,59685057.0,3060615098.25,3060615098.25
sz000551,创元科技,2019-04-02,7.72,7.77,7.62,7.77,7.65,7569285.0,58198031.0,3108624746.85,3108624746.85
sz000551,创元科技,2019-04-03,7.77,7.81,7.6,7.77,7.77,6395158.0,49289228.0,3108624746.85,3108624746.85
sz000551,创元科技,2019-04-04,7.77,7.88,7.73,7.75,7.77,6602580.0,51591406.0,3100623138.75,3100623138.75
sz000551,创元科技,2019-04-08,7.8,7.89,7.5,7.8,7.75,7980726.0,61676295.0,3120627159.0,3120627159.0
sz000551,创元科技,2019-04-09,7.76,8.04,7.66,8.01,7.8,9567540.0,75512378.0,3204644044.05,3204644044.05
sz000551,创元科技,2019-04-10,7.98,8.45,7.87,8.29,8.01,14924246.0,121875481.0,3316666557.45,3316666557.45
sz000551,创元科技,2019-04-11,8.43,8.6,8.08,8.16,8.29,12896067.0,107140796.0,3264656104.8,3264656104.8
sz000551,创元科技,2019-04-12,8.12,8.14,7.83,7.92,8.16,6752011.0,53758023.0,3168636807.6,3168636807.6
sz000551,创元科技,2019-04-15,8.0,8.07,7.82,7.83,7.92,5037950.0,40208958.0,3132629571.15,3132629571.15
sz000551,创元科技,2019-04-16,7.76,7.96,7.7,7.96,7.83,5048764.0,39543936.0,3184640023.8,3184640023.8
sz000551,创元科技,2019-04-17,7.96,8.16,7.9,8.01,7.96,5831507.0,46914142.0,3204644044.05,3204644044.05
sz000551,创元科技,2019-04-18,8.01,8.06,7.85,7.88,8.01,4192194.0,33334686.0,3152633591.4,3152633591.4
sz000551,创元科技,2019-04-19,7.85,8.05,7.78,8.05,7.88,4773147.0,37770800.0,3220647260.25,3220647260.25
sz000551,创元科技,2019-04-22,8.78,8.86,8.78,8.86,8.05,9702828.0,85873360.0,3544712388.3,3544712388.3
sz000551,创元科技,2019-04-23,8.92,9.48,8.51,8.61,8.86,46374476.0,422638193.0,3444692287.05,3444692287.05
sz000551,创元科技,2019-04-24,8.11,9.2,8.01,9.02,8.61,32648486.0,277876545.0,3608725253.1,3608725253.1
sz000551,创元科技,2019-04-25,8.75,8.93,8.12,8.23,9.02,22609661.0,194935808.0,3292661733.15,3292661733.15
sz000551,创元科技,2019-04-26,8.14,8.69,8.1,8.37,8.23,17777089.0,150424449.0,3348672989.85,3348672989.85
sz000551,创元科技,2019-04-29,8.42,8.45,7.53,7.53,8.37,19961109.0,154184221.0,3012605449.65,3012605449.65
sz000551,创元科技,2019-04-30,7.41,7.71,7.33,7.44,7.53,9953275.0,74827905.0,2976598213.2,2976598213.2
sz000551,创元科技,2019-05-06,7.22,7.25,6.7,6.7,7.44,9699400.0,66783553.0,2680538713.5,2680538713.5
sz000551,创元科技,2019-05-07,6.68,6.86,6.5,6.74,6.7,7994599.0,53705254.0,2696541929.7,2696541929.7
sz000551,创元科技,2019-05-08,6.52,6.8,6.45,6.62,6.74,6017921.0,39981572.0,2648532281.1,2648532281.1
sz000551,创元科技,2019-05-09,6.6,6.72,6.46,6.48,6.62,6215800.0,40822553.0,2592521024.4,2592521024.4
sz000551,创元科技,2019-05-10,6.57,6.77,6.35,6.72,6.48,8474673.0,56472632.0,2688540321.6,2688540321.6
sz000551,创元科技,2019-05-13,6.69,6.93,6.65,6.78,6.72,8231777.0,56019082.0,2712545145.9,2712545145.9
sz000551,创元科技,2019-05-14,6.64,6.8,6.53,6.69,6.78,6029003.0,40317313.0,2676537909.45,2676537909.45
sz000551,创元科技,2019-05-15,6.74,6.94,6.73,6.92,6.69,6796141.0,46592072.0,2768556402.6,2768556402.6
sz000551,创元科技,2019-05-16,6.91,7.03,6.84,6.96,6.92,6720646.0,46652724.0,2784559618.8,2784559618.8
sz000551,创元科技,2019-05-17,6.95,7.07,6.71,6.73,6.96,8210632.0,56706368.0,2692541125.65,2692541125.65
sz000551,创元科技,2019-05-20,6.65,6.8,6.46,6.77,6.73,4974568.0,32866072.0,2708544341.85,2708544341.85
sz000551,创元科技,2019-05-21,6.72,7.02,6.71,6.9,6.77,6248057.0,43248215.0,2760554794.5,2760554794.5
sz000551,创元科技,2019-05-22,6.93,6.97,6.75,6.82,6.9,4907637.0,33675456.0,2728548362.1,2728548362.1
sz000551,创元科技,2019-05-23,6.8,6.82,6.65,6.73,6.82,4262926.0,28715189.0,2692541125.65,2692541125.65
sz000551,创元科技,2019-05-24,6.7,6.76,6.58,6.67,6.73,4100458.0,27394142.0,2668536301.35,2668536301.35
sz000551,创元科技,2019-05-27,6.64,6.89,6.64,6.88,6.67,4048407.0,27515355.0,2752553186.4,2752553186.4
sz000551,创元科技,2019-05-28,6.87,7.01,6.82,6.86,6.88,5490123.0,37975681.0,2744551578.3,2744551578.3
sz000551,创元科技,2019-05-29,6.87,6.95,6.83,6.86,6.86,5018419.0,34583019.0,2744551578.3,2744551578.3
sz000551,创元科技,2019-05-30,6.85,6.85,6.63,6.78,6.86,4853301.0,32712385.0,2712545145.9,2712545145.9
sz000551,创元科技,2019-05-31,6.82,6.87,6.7,6.73,6.78,5062631.0,34333266.0,2692541125.65,2692541125.65
sz000551,创元科技,2019-06-03,6.76,6.77,6.43,6.57,6.73,7331496.0,48255508.0,2628528260.85,2628528260.85
sz000551,创元科技,2019-06-04,6.54,6.55,6.26,6.39,6.57,5352500.0,34283127.0,2556513787.95,2556513787.95
sz000551,创元科技,2019-06-05,6.44,6.47,6.29,6.33,6.39,4373311.0,27972384.0,2532508963.65,2532508963.65
sz000551,创元科技,2019-06-06,6.35,6.39,6.2,6.2,6.33,4024922.0,25304212.0,2480498511.0,2480498511.0
sz000551,创元科技,2019-06-10,6.22,6.33,6.07,6.27,6.2,3627401.0,22656320.0,2508504139.35,2508504139.35
sz000551,创元科技,2019-06-11,6.3,6.55,6.3,6.54,6.27,6020022.0,38926693.0,2616525848.7,2616525848.7
sz000551,创元科技,2019-06-12,6.55,6.72,6.48,6.53,6.54,6079522.0,40102734.0,2612525044.65,2612525044.65
sz000551,创元科技,2019-06-13,6.58,6.65,6.45,6.63,6.53,5135164.0,33714036.0,2652533085.15,2652533085.15
sz000551,创元科技,2019-06-14,6.64,6.68,6.4,6.4,6.63,4674501.0,30558553.0,2560514592.0,2560514592.0
sz000551,创元科技,2019-06-17,6.4,6.45,6.34,6.38,6.4,2271430.0,14514126.0,2552512983.9,2552512983.9
sz000551,创元科技,2019-06-18,6.38,6.45,6.3,6.4,6.38,2333924.0,14932695.0,2560514592.0,2560514592.0
sz000551,创元科技,2019-06-19,6.54,6.6,6.5,6.52,6.4,4347979.0,28481289.0,2608524240.6,2608524240.6
sz000551,创元科技,2019-06-20,6.51,6.73,6.51,6.68,6.52,5903419.0,39198126.0,2672537105.4,2672537105.4
sz000551,创元科技,2019-06-21,6.69,6.88,6.68,6.86,6.68,6401200.0,43544918.0,2744551578.3,2744551578.3
sz000551,创元科技,2019-06-24,6.85,6.94,6.79,6.85,6.86,4521047.0,30978870.0,2740550774.25,2740550774.25
sz000551,创元科技,2019-06-25,6.88,6.88,6.68,6.78,6.85,4097746.0,27727614.0,2712545145.9,2712545145.9
sz000551,创元科技,2019-06-26,6.8,6.84,6.71,6.73,6.78,3194301.0,21645295.0,2692541125.65,2692541125.65
sz000551,创元科技,2019-06-27,6.78,6.9,6.72,6.86,6.73,5177692.0,35486052.0,2744551578.3,2744551578.3
sz000551,创元科技,2019-06-28,6.86,6.86,6.65,6.73,6.86,3389991.0,22869977.0,2692541125.65,2692541125.65
sz000551,创元科技,2019-07-01,6.9,7.33,6.85,7.13,6.73,11312360.0,79615120.0,2852573287.65,2852573287.65
sz000551,创元科技,2019-07-02,7.12,7.2,6.91,7.01,7.13,7177269.0,50549561.0,2804563639.05,2804563639.05
sz000551,创元科技,2019-07-03,6.97,7.07,6.86,6.91,7.01,5375214.0,37362902.0,2764555598.55,2764555598.55
sz000551,创元科技,2019-07-04,6.94,6.99,6.84,6.91,6.91,4076951.0,28238830.0,2764555598.55,2764555598.55
sz000551,创元科技,2019-07-05,6.91,6.99,6.87,6.92,6.91,3757233.0,26053563.0,2768556402.6,2768556402.6
sz000551,创元科技,2019-07-08,6.9,6.95,6.55,6.65,6.92,4538320.0,30362603.0,2660534693.25,2660534693.25
sz000551,创元科技,2019-07-09,6.67,6.7,6.56,6.62,6.65,2100175.0,13921846.0,2648532281.1,2648532281.1
sz000551,创元科技,2019-07-10,6.63,6.77,6.58,6.64,6.62,2611742.0,17441265.0,2656533889.2,2656533889.2
sz000551,创元科技,2019-07-11,6.68,6.72,6.55,6.62,6.64,2293037.0,15200785.0,2648532281.1,2648532281.1
sz000551,创元科技,2019-07-12,6.57,6.65,6.55,6.6,6.62,2213312.0,14626104.0,2640530673.0,2640530673.0
sz000551,创元科技,2019-07-15,6.64,6.76,6.56,6.74,6.6,3073569.0,20537654.0,2696541929.7,2696541929.7
sz000551,创元科技,2019-07-16,6.72,6.78,6.68,6.76,6.74,2261248.0,15224443.0,2704543537.8,2704543537.8
sz000551,创元科技,2019-07-17,6.76,6.84,6.74,6.8,6.76,2465458.0,16761783.0,2720546754.0,2720546754.0
sz000551,创元科技,2019-07-18,6.8,6.83,6.62,6.64,6.8,2944145.0,19680936.0,2656533889.2,2656533889.2
sz000551,创元科技,2019-07-19,6.68,6.82,6.62,6.71,6.64,2502668.0,16902776.0,2684539517.55,2684539517.55
sz000551,创元科技,2019-07-22,6.73,6.8,6.44,6.51,6.71,4130029.0,27020864.0,2604523436.55,2604523436.55
sz000551,创元科技,2019-07-23,6.49,6.58,6.47,6.55,6.51,2757258.0,17990454.0,2620526652.75,2620526652.75
sz000551,创元科技,2019-07-24,6.58,6.67,6.56,6.64,6.55,2983909.0,19796194.0,2656533889.2,2656533889.2
sz000551,创元科技,2019-07-25,6.64,6.67,6.55,6.63,6.64,2644599.0,17514899.0,2652533085.15,2652533085.15
sz000551,创元科技,2019-07-26,6.6,6.65,6.51,6.64,6.63,2019099.0,13325040.0,2656533889.2,2656533889.2
sz000551,创元科技,2019-07-29,6.63,6.66,6.54,6.61,6.64,1853905.0,12237545.0,2644531477.05,2644531477.05
sz000551,创元科技,2019-07-30,6.6,6.93,6.58,6.78,6.61,6977242.0,47560317.0,2712545145.9,2712545145.9
sz000551,创元科技,2019-07-31,6.77,6.77,6.66,6.7,6.78,3098858.0,20766842.0,2680538713.5,2680538713.5
sz000551,创元科技,2019-08-01,6.7,6.8,6.62,6.71,6.7,3140429.0,21140400.0,2684539517.55,2684539517.55
sz000551,创元科技,2019-08-02,6.6,6.6,6.4,6.53,6.71,3854316.0,25150380.0,2612525044.65,2612525044.65
sz000551,创元科技,2019-08-05,6.55,6.59,6.45,6.48,6.53,2315760.0,15088369.0,2592521024.4,2592521024.4
sz000551,创元科技,2019-08-06,6.38,6.38,6.05,6.2,6.48,4379600.0,27119198.0,2480498511.0,2480498511.0
sz000551,创元科技,2019-08-07,6.21,6.26,6.11,6.17,6.2,2438845.0,15096430.0,2468496098.85,2468496098.85
sz000551,创元科技,2019-08-08,6.23,6.24,6.13,6.17,6.17,2368887.0,14639305.0,2468496098.85,2468496098.85
sz000551,创元科技,2019-08-09,6.2,6.21,5.91,5.98,6.17,2819153.0,17104562.0,2392480821.9,2392480821.9
sz000551,创元科技,2019-08-12,5.98,6.14,5.98,6.12,5.98,2630655.0,15940670.0,2448492078.6,2448492078.6
sz000551,创元科技,2019-08-13,6.06,6.16,6.03,6.12,6.12,2002302.0,12221197.0,2448492078.6,2448492078.6
sz000551,创元科技,2019-08-14,6.18,6.21,6.15,6.18,6.12,2028500.0,12528513.0,2472496902.9,2472496902.9
sz000551,创元科技,2019-08-15,6.01,6.18,6.0,6.17,6.18,2414690.0,14673875.0,2468496098.85,2468496098.85
sz000551,创元科技,2019-08-16,6.19,6.24,6.14,6.18,6.17,2267587.0,14061608.0,2472496902.9,2472496902.9
sz000551,创元科技,2019-08-19,6.21,6.37,6.21,6.35,6.18,2974702.0,18759255.0,2540510571.75,2540510571.75
sz000551,创元科技,2019-08-20,6.35,6.45,6.35,6.39,6.35,3150802.0,20166936.0,2556513787.95,2556513787.95
sz000551,创元科技,2019-08-21,6.42,6.47,6.37,6.4,6.39,2386800.0,15322543.0,2560514592.0,2560514592.0
sz000551,创元科技,2019-08-22,6.41,6.51,6.4,6.48,6.4,2953340.0,19048275.0,2592521024.4,2592521024.4
sz000551,创元科技,2019-08-23,6.51,6.51,6.4,6.43,6.48,2318853.0,14932782.0,2572517004.15,2572517004.15
sz000551,创元科技,2019-08-26,6.35,6.42,6.27,6.39,6.43,2545133.0,16186388.0,2556513787.95,2556513787.95
sz000551,创元科技,2019-08-27,6.47,6.54,6.41,6.54,6.39,3177502.0,20659270.0,2616525848.7,2616525848.7
sz000551,创元科技,2019-08-28,6.52,6.6,6.47,6.47,6.54,2521272.0,16396557.0,2588520220.35,2588520220.35
sz000551,创元科技,2019-08-29,6.47,6.56,6.45,6.48,6.47,2100773.0,13667953.0,2592521024.4,2592521024.4
sz000551,创元科技,2019-08-30,6.56,6.56,6.28,6.36,6.48,3377073.0,21700394.0,2544511375.8,2544511375.8
sz000551,创元科技,2019-09-02,6.37,6.55,6.34,6.55,6.36,3574371.0,23157725.0,2620526652.75,2620526652.75
sz000551,创元科技,2019-09-03,6.55,6.63,6.52,6.61,6.55,3147198.0,20723104.0,2644531477.05,2644531477.05
sz000551,创元科技,2019-09-04,6.58,6.75,6.58,6.72,6.61,3464506.0,23059342.0,2688540321.6,2688540321.6
sz000551,创元科技,2019-09-05,6.75,6.83,6.68,6.73,6.72,4548701.0,30798086.0,2692541125.65,2692541125.65
sz000551,创元科技,2019-09-06,6.76,6.78,6.7,6.76,6.73,2743938.0,18497736.0,2704543537.8,2704543537.8
sz000551,创元科技,2019-09-09,6.81,6.93,6.78,6.91,6.76,3882463.0,26601806.0,2764555598.55,2764555598.55
sz000551,创元科技,2019-09-10,6.87,6.93,6.8,6.89,6.91,3733273.0,25630538.0,2756553990.45,2756553990.45
sz000551,创元科技,2019-09-11,6.9,6.97,6.75,6.83,6.89,3139050.0,21646361.0,2732549166.15,2732549166.15
sz000551,创元科技,2019-09-12,6.85,6.96,6.85,6.88,6.83,3000032.0,20694353.0,2752553186.4,2752553186.4
sz000551,创元科技,2019-09-16,6.91,6.99,6.83,6.94,6.88,2817584.0,19544335.0,2776558010.7,2776558010.7
sz000551,创元科技,2019-09-17,6.93,6.94,6.64,6.76,6.94,4071738.0,27573444.0,2704543537.8,2704543537.8
sz000551,创元科技,2019-09-18,6.74,6.87,6.74,6.86,6.76,2036090.0,13861398.0,2744551578.3,2744551578.3
sz000551,创元科技,2019-09-19,6.9,6.97,6.76,6.97,6.86,4004316.0,27611920.0,2788560422.85,2788560422.85
sz000551,创元科技,2019-09-20,7.0,7.15,6.93,6.98,6.97,4547972.0,31946170.0,2792561226.9,2792561226.9
sz000551,创元科技,2019-09-23,6.91,6.93,6.68,6.78,6.98,3856028.0,26112857.0,2712545145.9,2712545145.9
sz000551,创元科技,2019-09-24,6.78,6.94,6.77,6.88,6.78,3501185.0,24039965.0,2752553186.4,2752553186.4
sz000551,创元科技,2019-09-25,6.92,6.92,6.77,6.78,6.88,2325588.0,15840571.0,2712545145.9,2712545145.9
sz000551,创元科技,2019-09-26,6.78,6.83,6.54,6.58,6.78,2404974.0,15980186.0,2632529064.9,2632529064.9
sz000551,创元科技,2019-09-27,6.58,6.68,6.52,6.63,6.58,2074561.0,13731264.0,2652533085.15,2652533085.15
sz000551,创元科技,2019-09-30,6.63,6.66,6.31,6.47,6.63,2316500.0,15162238.0,2588520220.35,2588520220.35
sz000551,创元科技,2019-10-08,6.5,6.63,6.46,6.56,6.47,2318000.0,15243799.0,2624527456.8,2624527456.8
sz000551,创元科技,2019-10-09,6.51,6.56,6.46,6.56,6.56,1830440.0,11922104.0,2624527456.8,2624527456.8
sz000551,创元科技,2019-10-10,6.57,6.66,6.53,6.64,6.56,1797764.0,11882222.0,2656533889.2,2656533889.2
sz000551,创元科技,2019-10-11,6.66,6.71,6.6,6.68,6.64,1876808.0,12503631.0,2672537105.4,2672537105.4
sz000551,创元科技,2019-10-14,6.71,6.83,6.71,6.82,6.68,3052273.0,20681146.0,2728548362.1,2728548362.1
sz000551,创元科技,2019-10-15,6.81,6.85,6.67,6.73,6.82,2737551.0,18421861.0,2692541125.65,2692541125.65
sz000551,创元科技,2019-10-16,6.71,6.82,6.7,6.72,6.73,2033311.0,13740423.0,2688540321.6,2688540321.6
sz000551,创元科技,2019-10-17,6.72,6.73,6.65,6.69,6.72,1695379.0,11322059.0,2676537909.45,2676537909.45
sz000551,创元科技,2019-10-18,6.72,6.78,6.52,6.6,6.69,2402689.0,15994665.0,2640530673.0,2640530673.0
sz000551,创元科技,2019-10-21,6.59,6.59,6.35,6.41,6.6,3139600.0,20199710.0,2564515396.05,2564515396.05
sz000551,创元科技,2019-10-22,6.48,6.65,6.4,6.61,6.41,3802237.0,24745226.0,2644531477.05,2644531477.05
sz000551,创元科技,2019-10-23,6.6,6.65,6.55,6.6,6.61,2300492.0,15205890.0,2640530673.0,2640530673.0
sz000551,创元科技,2019-10-24,6.57,6.67,6.48,6.61,6.6,2278725.0,15034716.0,2644531477.05,2644531477.05
sz000551,创元科技,2019-10-25,6.61,6.71,6.54,6.71,6.61,2542957.0,16901397.0,2684539517.55,2684539517.55
sz000551,创元科技,2019-10-28,6.74,6.88,6.71,6.86,6.71,3603336.0,24503226.0,2744551578.3,2744551578.3
sz000551,创元科技,2019-10-29,6.83,6.87,6.55,6.75,6.86,3003306.0,20410328.0,2700542733.75,2700542733.75
sz000551,创元科技,2019-10-30,6.72,6.82,6.65,6.73,6.75,2692166.0,18126929.0,2692541125.65,2692541125.65
sz000551,创元科技,2019-10-31,6.72,6.75,6.49,6.52,6.73,2834174.0,18685086.0,2608524240.6,2608524240.6
sz000551,创元科技,2019-11-01,6.52,6.64,6.45,6.61,6.52,2098901.0,13771958.0,2644531477.05,2644531477.05
sz000551,创元科技,2019-11-04,6.6,6.68,6.57,6.63,6.61,2071231.0,13716027.0,2652533085.15,2652533085.15
sz000551,创元科技,2019-11-05,6.64,6.66,6.5,6.61,6.63,2636792.0,17373025.0,2644531477.05,2644531477.05
sz000551,创元科技,2019-11-06,6.63,6.63,6.45,6.51,6.61,2003704.0,13103413.0,2604523436.55,2604523436.55
sz000551,创元科技,2019-11-07,6.5,6.55,6.46,6.5,6.51,1415900.0,9199768.0,2600522632.5,2600522632.5
sz000551,创元科技,2019-11-08,6.54,6.72,6.5,6.72,6.5,3545553.0,23335119.0,2688540321.6,2688540321.6
sz000551,创元科技,2019-11-11,6.66,6.66,6.38,6.42,6.72,4359013.0,28211888.0,2568516200.1,2568516200.1
sz000551,创元科技,2019-11-12,6.41,6.44,6.25,6.28,6.42,2610737.0,16469168.0,2512504943.4,2512504943.4
sz000551,创元科技,2019-11-13,6.29,6.3,6.16,6.19,6.28,2917150.0,18126108.0,2476497706.95,2476497706.95
sz000551,创元科技,2019-11-14,6.19,6.26,6.17,6.21,6.19,1734891.0,10780139.0,2484499315.05,2484499315.05
sz000551,创元科技,2019-11-15,6.18,6.23,6.08,6.12,6.21,1570534.0,9670644.0,2448492078.6,2448492078.6
sz000551,创元科技,2019-11-18,6.12,6.17,6.11,6.15,6.12,1376784.0,8459253.0,2460494490.75,2460494490.75
sz000551,创元科技,2019-11-19,6.15,6.24,6.13,6.23,6.15,2006300.0,12454153.0,2492500923.15,2492500923.15
sz000551,创元科技,2019-11-20,6.23,6.25,6.14,6.15,6.23,1624400.0,10061080.0,2460494490.75,2460494490.75
sz000551,创元科技,2019-11-21,6.15,6.19,6.09,6.15,6.15,1176203.0,7218134.0,2460494490.75,2460494490.75
sz000551,创元科技,2019-11-22,6.15,6.21,6.08,6.11,6.15,2066100.0,12684223.0,2444491274.55,2444491274.55
sz000551,创元科技,2019-11-25,6.1,6.13,6.06,6.12,6.11,1108450.0,6761056.0,2448492078.6,2448492078.6
sz000551,创元科技,2019-11-26,6.12,6.15,6.09,6.12,6.12,1118703.0,6847461.0,2448492078.6,2448492078.6
sz000551,创元科技,2019-11-27,6.1,6.16,6.1,6.13,6.12,1256100.0,7701119.0,2452492882.65,2452492882.65
sz000551,创元科技,2019-11-28,6.15,6.17,6.07,6.11,6.13,1174354.0,7183858.0,2444491274.55,2444491274.55
sz000551,创元科技,2019-11-29,6.12,6.12,6.01,6.11,6.11,1324125.0,8038361.0,2444491274.55,2444491274.55
sz000551,创元科技,2019-12-02,6.09,6.14,6.05,6.09,6.11,1205348.0,7354342.0,2436489666.45,2436489666.45
sz000551,创元科技,2019-12-03,6.05,6.14,6.03,6.13,6.09,1332800.0,8120153.0,2452492882.65,2452492882.65
sz000551,创元科技,2019-12-04,6.1,6.15,6.1,6.13,6.13,1325350.0,8121779.0,2452492882.65,2452492882.65
sz000551,创元科技,2019-12-05,6.13,6.18,6.13,6.17,6.13,1555623.0,9587128.0,2468496098.85,2468496098.85
sz000551,创元科技,2019-12-06,6.18,6.2,6.15,6.2,6.17,1317901.0,8142287.0,2480498511.0,2480498511.0
sz000551,创元科技,2019-12-09,6.2,6.24,6.16,6.2,6.2,1130300.0,7002595.0,2480498511.0,2480498511.0
sz000551,创元科技,2019-12-10,6.17,6.77,6.16,6.58,6.2,8950870.0,57754893.0,2632529064.9,2632529064.9
sz000551,创元科技,2019-12-11,6.49,6.5,6.36,6.4,6.58,5962450.0,38276460.0,2560514592.0,2560514592.0
sz000551,创元科技,2019-12-12,6.37,6.51,6.36,6.4,6.4,4664601.0,30017264.0,2560514592.0,2560514592.0
sz000551,创元科技,2019-12-13,6.44,6.47,6.41,6.46,6.4,2462397.0,15863815.0,2584519416.3,2584519416.3
sz000551,创元科技,2019-12-16,6.46,6.62,6.41,6.58,6.46,3884616.0,25414447.0,2632529064.9,2632529064.9
sz000551,创元科技,2019-12-17,6.61,6.88,6.59,6.8,6.58,7374045.0,49766907.0,2720546754.0,2720546754.0
sz000551,创元科技,2019-12-18,6.81,6.9,6.74,6.78,6.8,5061169.0,34498694.0,2712545145.9,2712545145.9
sz000551,创元科技,2019-12-19,6.8,6.82,6.74,6.8,6.78,2895671.0,19658625.0,2720546754.0,2720546754.0
sz000551,创元科技,2019-12-20,6.8,6.84,6.68,6.68,6.8,2541301.0,17176051.0,2672537105.4,2672537105.4
sz000551,创元科技,2019-12-23,6.68,6.7,6.49,6.5,6.68,3217002.0,21212383.0,2600522632.5,2600522632.5
sz000551,创元科技,2019-12-24,6.52,6.64,6.51,6.62,6.5,1441078.0,9489450.0,2648532281.1,2648532281.1
sz000551,创元科技,2019-12-25,6.6,6.67,6.55,6.61,6.62,1752100.0,11578835.0,2644531477.05,2644531477.05
sz000551,创元科技,2019-12-26,6.64,6.68,6.59,6.67,6.61,2098219.0,13914170.0,2668536301.35,2668536301.35
sz000551,创元科技,2019-12-27,6.67,6.7,6.58,6.58,6.67,2272723.0,15093472.0,2632529064.9,2632529064.9
sz000551,创元科技,2019-12-30,6.63,6.66,6.49,6.65,6.58,2196867.0,14478771.0,2660534693.25,2660534693.25
sz000551,创元科技,2019-12-31,6.65,6.68,6.62,6.68,6.65,2171950.0,14459117.0,2672537105.4,2672537105.4
sz000551,创元科技,2020-01-02,6.71,6.8,6.71,6.78,6.68,3760775.0,25407493.0,2712545145.9,2712545145.9
sz000551,创元科技,2020-01-03,6.99,7.07,6.81,6.85,6.78,5878112.0,40521623.0,2740550774.25,2740550774.25
sz000551,创元科技,2020-01-06,6.85,7.1,6.8,7.0,6.85,7244130.0,50672262.0,2800562835.0,2800562835.0
sz000551,创元科技,2020-01-07,6.99,7.1,6.95,7.03,7.0,5328424.0,37439597.0,2812565247.15,2812565247.15
sz000551,创元科技,2020-01-08,7.02,7.02,6.83,6.9,7.03,5081886.0,35203357.0,2760554794.5,2760554794.5
sz000551,创元科技,2020-01-09,6.93,7.0,6.9,6.94,6.9,4141168.0,28721650.0,2776558010.7,2776558010.7
sz000551,创元科技,2020-01-10,6.95,6.98,6.85,6.9,6.94,2825150.0,19503549.0,2760554794.5,2760554794.5
sz000551,创元科技,2020-01-13,6.9,6.95,6.85,6.95,6.9,2638501.0,18231927.0,2780558814.75,2780558814.75
sz000551,创元科技,2020-01-14,6.95,7.07,6.92,7.03,6.95,5114501.0,35797387.0,2812565247.15,2812565247.15
sz000551,创元科技,2020-01-15,6.99,7.02,6.93,7.01,7.03,3402675.0,23700218.0,2804563639.05,2804563639.05
sz000551,创元科技,2020-01-16,7.0,7.12,6.95,7.04,7.01,4163100.0,29249752.0,2816566051.2,2816566051.2
sz000551,创元科技,2020-01-17,7.04,7.12,6.97,6.99,7.04,3492536.0,24608109.0,2796562030.95,2796562030.95
sz000551,创元科技,2020-01-20,6.98,7.23,6.81,7.21,6.99,5631744.0,40055776.0,2884579720.05,2884579720.05
sz000551,创元科技,2020-01-21,7.17,7.46,7.15,7.28,7.21,8800649.0,64457202.0,2912585348.4,2912585348.4
sz000551,创元科技,2020-01-22,7.33,7.48,7.22,7.48,7.28,6244165.0,45855418.0,2992601429.4,2992601429.4
sz000551,创元科技,2020-01-23,7.45,7.45,7.04,7.18,7.48,8435842.0,61071908.0,2872577307.9,2872577307.9
sz000551,创元科技,2020-02-03,6.49,6.6,6.46,6.46,7.18,2954300.0,19114811.0,2584519416.3,2584519416.3
sz000551,创元科技,2020-02-04,6.3,7.11,6.26,6.86,6.46,9033268.0,60741966.0,2744551578.3,2744551578.3
sz000551,创元科技,2020-02-05,7.0,7.38,6.83,7.26,6.86,11476698.0,82021645.0,2904583740.3,2904583740.3
sz000551,创元科技,2020-02-06,7.16,7.78,7.09,7.57,7.26,15017224.0,112536734.0,3028608665.85,3028608665.85
sz000551,创元科技,2020-02-07,7.56,8.11,7.51,8.11,7.57,17935618.0,140116730.0,3244652084.55,3244652084.55
sz000551,创元科技,2020-02-10,8.14,8.58,7.8,7.98,8.11,18897231.0,153657619.0,3192641631.9,3192641631.9
sz000551,创元科技,2020-02-11,8.0,8.0,7.56,7.62,7.98,10650735.0,82085736.0,3048612686.1,3048612686.1
sz000551,创元科技,2020-02-12,7.6,7.78,7.58,7.68,7.62,8520658.0,65517444.0,3072617510.4,3072617510.4
sz000551,创元科技,2020-02-13,7.68,7.71,7.39,7.43,7.68,10420642.0,78110793.0,2972597409.15,2972597409.15
sz000551,创元科技,2020-02-14,7.46,7.57,7.36,7.57,7.43,7509024.0,56064685.0,3028608665.85,3028608665.85
sz000551,创元科技,2020-02-17,7.82,7.87,7.61,7.77,7.57,8768496.0,67858804.0,3108624746.85,3108624746.85
sz000551,创元科技,2020-02-18,7.75,8.27,7.7,8.23,7.77,13864226.0,110785141.0,3292661733.15,3292661733.15
sz000551,创元科技,2020-02-19,8.1,8.22,7.9,7.98,8.23,12949773.0,104207821.0,3192641631.9,3192641631.9
sz000551,创元科技,2020-02-20,8.01,8.45,7.96,8.29,7.98,14214876.0,117081967.0,3316666557.45,3316666557.45
sz000551,创元科技,2020-02-21,8.29,8.38,8.15,8.28,8.29,11921622.0,98337188.0,3312665753.4,3312665753.4
sz000551,创元科技,2020-02-24,8.19,8.26,7.95,8.22,8.28,10788765.0,87994750.0,3288660929.1,3288660929.1
sz000551,创元科技,2020-02-25,8.0,8.14,7.71,8.02,8.22,11145211.0,88787225.0,3208644848.1,3208644848.1
sz000551,创元科技,2020-02-26,7.9,8.25,7.78,8.25,8.02,13006851.0,104922477.0,3300663341.25,3300663341.25
sz000551,创元科技,2020-02-27,8.3,8.33,7.95,8.14,8.25,9227599.0,75020787.0,3256654496.7,3256654496.7
sz000551,创元科技,2020-02-28,7.68,7.91,7.45,7.5,8.14,10109116.0,77723020.0,3000603037.5,3000603037.5
sz000551,创元科技,2020-03-02,7.57,7.79,7.49,7.72,7.5,7206974.0,55199796.0,3088620726.6,3088620726.6
sz000551,创元科技,2020-03-03,7.82,8.03,7.72,7.85,7.72,8184994.0,64560499.0,3140631179.25,3140631179.25
sz000551,创元科技,2020-03-04,7.85,8.09,7.74,7.91,7.85,6481486.0,51312386.0,3164636003.55,3164636003.55
sz000551,创元科技,2020-03-05,7.91,8.3,7.9,8.21,7.91,12437448.0,101319041.0,3284660125.05,3284660125.05
sz000551,创元科技,2020-03-06,8.11,8.4,8.1,8.29,8.21,11309922.0,93612730.0,3316666557.45,3316666557.45
sz000551,创元科技,2020-03-09,8.63,8.63,7.97,8.01,8.29,15192678.0,126127633.0,3204644044.05,3204644044.05
sz000551,创元科技,2020-03-10,7.75,8.17,7.65,8.16,8.01,11773906.0,93531557.0,3264656104.8,3264656104.8
sz000551,创元科技,2020-03-11,8.13,8.56,8.13,8.19,8.16,12110417.0,100737524.0,3276658516.95,3276658516.95
sz000551,创元科技,2020-03-12,8.21,8.21,7.84,7.95,8.19,8410687.0,67696143.0,3180639219.75,3180639219.75
sz000551,创元科技,2020-03-13,7.5,7.93,7.37,7.87,7.95,8900482.0,68094827.0,3148632787.35,3148632787.35
sz000551,创元科技,2020-03-16,7.95,8.34,7.65,7.67,7.87,12627608.0,101519155.0,3068616706.35,3068616706.35
sz000551,创元科技,2020-03-17,7.77,8.22,7.63,8.07,7.67,14119631.0,112290547.0,3228648868.35,3228648868.35
sz000551,创元科技,2020-03-18,8.15,8.46,7.96,8.0,8.07,15495452.0,127518211.0,3200643240.0,3200643240.0
sz000551,创元科技,2020-03-19,7.94,8.02,7.37,7.79,8.0,15011764.0,115608356.0,3116626354.95,3116626354.95
sz000551,创元科技,2020-03-20,7.89,8.27,7.82,8.26,7.79,14411138.0,117038340.0,3304664145.3,3304664145.3
sz000551,创元科技,2020-03-23,8.05,8.2,7.8,7.8,8.26,12851077.0,103362211.0,3120627159.0,3120627159.0
sz000551,创元科技,2020-03-24,8.06,8.5,7.91,8.27,7.8,16708252.0,136966891.0,3308664949.35,3308664949.35
sz000551,创元科技,2020-03-25,8.39,8.82,8.31,8.6,8.27,23029210.0,197232860.0,3440691483.0,3440691483.0
sz000551,创元科技,2020-03-26,8.43,8.46,8.08,8.12,8.6,16110574.0,133133127.0,3248652888.6,3248652888.6
sz000551,创元科技,2020-03-27,8.19,8.25,7.86,7.87,8.12,12886153.0,103717421.0,3148632787.35,3148632787.35
sz000551,创元科技,2020-03-30,7.77,7.77,7.45,7.62,7.87,11176825.0,85069613.0,3048612686.1,3048612686.1
sz000551,创元科技,2020-03-31,7.74,7.77,7.32,7.34,7.62,8859914.0,66787870.0,2936590172.7,2936590172.7
sz000551,创元科技,2020-04-01,7.35,7.46,7.08,7.15,7.34,7176899.0,52301025.0,2860574895.75,2860574895.75
sz000551,创元科技,2020-04-02,7.1,7.33,7.05,7.29,7.15,6503598.0,46596561.0,2916586152.45,2916586152.45
sz000551,创元科技,2020-04-03,7.27,7.28,7.03,7.08,7.29,5936324.0,42350656.0,2832569267.4,2832569267.4
sz000551,创元科技,2020-04-07,7.19,7.42,7.18,7.39,7.08,6501218.0,47426404.0,2956594192.95,2956594192.95
sz000551,创元科技,2020-04-08,7.33,7.5,7.31,7.36,7.39,5139500.0,37959548.0,2944591780.8,2944591780.8
sz000551,创元科技,2020-04-09,7.4,7.52,7.4,7.44,7.36,5283737.0,39380130.0,2976598213.2,2976598213.2
sz000551,创元科技,2020-04-10,7.42,7.45,7.18,7.21,7.44,4750887.0,34572748.0,2884579720.05,2884579720.05
sz000551,创元科技,2020-04-13,7.16,7.2,7.07,7.13,7.21,2797956.0,19942024.0,2852573287.65,2852573287.65
sz000551,创元科技,2020-04-14,7.15,7.29,7.15,7.28,7.13,3004601.0,21776479.0,2912585348.4,2912585348.4
sz000551,创元科技,2020-04-15,7.32,7.32,7.12,7.16,7.28,3512900.0,25390746.0,2864575699.8,2864575699.8
sz000551,创元科技,2020-04-16,7.19,7.32,7.1,7.28,7.16,4147701.0,30043418.0,2912585348.4,2912585348.4
sz000551,创元科技,2020-04-17,7.3,7.43,7.23,7.23,7.28,4470963.0,32769488.0,2892581328.15,2892581328.15
sz000551,创元科技,2020-04-20,7.27,7.41,7.23,7.35,7.23,4180620.0,30687292.0,2940590976.75,2940590976.75
sz000551,创元科技,2020-04-21,7.28,7.42,7.24,7.38,7.35,5522113.0,40512113.0,2952593388.9,2952593388.9
sz000551,创元科技,2020-04-22,7.33,7.6,7.28,7.56,7.38,7568584.0,56570313.0,3024607861.8,3024607861.8
sz000551,创元科技,2020-04-23,7.55,7.67,7.48,7.55,7.56,6102073.0,46227157.0,3020607057.75,3020607057.75
sz000551,创元科技,2020-04-24,7.54,7.64,7.42,7.55,7.55,5587577.0,42080856.0,3020607057.75,3020607057.75
sz000551,创元科技,2020-04-27,7.81,8.31,7.64,7.76,7.55,15911225.0,124933511.0,3104623942.8,3104623942.8
sz000551,创元科技,2020-04-28,7.79,8.08,7.4,7.8,7.76,15854501.0,123397191.0,3120627159.0,3120627159.0
sz000551,创元科技,2020-04-29,7.69,8.17,7.6,7.98,7.8,15784586.0,124172982.0,3192641631.9,3192641631.9
sz000551,创元科技,2020-04-30,7.95,8.09,7.86,7.9,7.98,11479423.0,91321801.0,3160635199.5,3160635199.5
sz000551,创元科技,2020-05-06,7.73,8.03,7.72,7.99,7.9,9829052.0,77689966.0,3196642435.95,3196642435.95
sz000551,创元科技,2020-05-07,8.0,8.0,7.69,7.76,7.99,8808982.0,68965204.0,3104623942.8,3104623942.8
sz000551,创元科技,2020-05-08,7.88,8.15,7.82,7.94,7.76,12740354.0,101832431.0,3176638415.7,3176638415.7
sz000551,创元科技,2020-05-11,7.92,7.96,7.56,7.71,7.94,15032167.0,115973977.0,3084619922.55,3084619922.55
sz000551,创元科技,2020-05-12,7.69,7.71,7.39,7.52,7.71,7279736.0,54741094.0,3008604645.6,3008604645.6
sz000551,创元科技,2020-05-13,7.48,7.57,7.37,7.55,7.52,3668559.0,27556233.0,3020607057.75,3020607057.75
sz000551,创元科技,2020-05-14,7.49,7.52,7.36,7.39,7.55,4366642.0,32415416.0,2956594192.95,2956594192.95
sz000551,创元科技,2020-05-15,7.41,7.55,7.36,7.49,7.39,4491370.0,33494225.0,2996602233.45,2996602233.45
sz000551,创元科技,2020-05-18,7.53,7.55,7.4,7.4,7.49,2821716.0,21115575.0,2960594997.0,2960594997.0
sz000551,创元科技,2020-05-19,7.46,7.55,7.43,7.5,7.4,3454827.0,25859020.0,3000603037.5,3000603037.5
sz000551,创元科技,2020-05-20,7.48,8.25,7.41,8.25,7.5,21870714.0,175478591.0,3300663341.25,3300663341.25
sz000551,创元科技,2020-05-21,9.08,9.08,9.08,9.08,8.25,4331837.0,39333079.0,3632730077.4,3632730077.4
sz000551,创元科技,2020-05-22,9.99,9.99,9.55,9.99,9.08,80189879.0,798286386.0,3996803245.95,3996803245.95
sz000551,创元科技,2020-05-25,10.5,10.99,10.2,10.99,9.99,59464817.0,641025585.0,4396883650.95,4396883650.95
sz000551,创元科技,2020-05-26,11.42,12.09,11.3,12.09,10.99,67791847.0,798777699.0,4836972096.45,4836972096.45
sz000551,创元科技,2020-05-27,13.2,13.3,12.41,13.11,12.09,96701656.0,1255580648.0,5245054109.55,5245054109.55
sz000551,创元科技,2020-05-28,12.99,13.89,12.53,12.95,13.11,111030105.0,1456799684.0,5181041244.75,5181041244.75
sz000551,创元科技,2020-05-29,11.66,12.35,11.66,11.66,12.95,90544089.0,1070481018.0,4664937522.3,4664937522.3
sz000551,创元科技,2020-06-01,11.7,12.21,11.34,11.88,11.66,81243003.0,955669644.0,4752955211.4,4752955211.4
sz000551,创元科技,2020-06-02,11.91,12.2,11.3,11.47,11.88,75151740.0,884446353.0,4588922245.35,4588922245.35
sz000551,创元科技,2020-06-03,11.3,12.06,11.05,11.9,11.47,74745234.0,868434464.0,4760956819.5,4760956819.5
sz000551,创元科技,2020-06-04,12.0,12.11,10.71,11.05,11.9,66215682.0,753299975.0,4420888475.25,4420888475.25
sz000551,创元科技,2020-06-05,11.0,11.28,10.59,10.79,11.05,40260217.0,437554140.0,4316867569.95,4316867569.95
sz000551,创元科技,2020-06-08,10.9,11.14,10.7,11.0,10.79,33057689.0,361526113.0,4400884455.0,4400884455.0
sz000551,创元科技,2020-06-09,11.01,11.08,10.59,11.07,11.0,30103674.0,327085203.0,4428890083.35,4428890083.35
sz000551,创元科技,2020-06-10,10.95,11.0,10.61,10.73,11.07,21365412.0,229874829.0,4292862745.65,4292862745.65
sz000551,创元科技,2020-06-11,10.86,11.07,10.69,10.83,10.73,31312240.0,340408498.0,4332870786.15,4332870786.15
sz000551,创元科技,2020-06-12,10.34,10.45,10.07,10.24,10.83,34726546.0,356814052.0,4096823347.2,4096823347.2
sz000551,创元科技,2020-06-15,10.33,10.57,10.08,10.2,10.24,23053297.0,237320595.0,4080820131.0,4080820131.0
sz000551,创元科技,2020-06-16,10.33,10.45,10.15,10.27,10.2,23277975.0,239462008.0,4108825759.35,4108825759.35
sz000551,创元科技,2020-06-17,10.22,10.72,10.04,10.61,10.27,34246493.0,356534597.0,4244853097.05,4244853097.05
sz000551,创元科技,2020-06-18,10.51,10.51,9.88,9.89,10.61,34580797.0,349586619.0,3956795205.45,3956795205.45
sz000551,创元科技,2020-06-19,9.98,10.27,9.79,9.96,9.89,23028733.0,231941563.0,3984800833.8,3984800833.8
sz000551,创元科技,2020-06-22,9.98,10.16,9.9,10.06,9.96,17238395.0,173007479.0,4024808874.3,4024808874.3
sz000551,创元科技,2020-06-23,10.05,10.06,9.87,9.96,10.06,14461762.0,143888596.0,3984800833.8,3984800833.8
sz000551,创元科技,2020-06-24,10.0,10.02,9.64,9.7,9.96,21041413.0,205369163.0,3880779928.5,3880779928.5
sz000551,创元科技,2020-06-29,9.79,9.89,9.58,9.65,9.7,15254444.0,148291257.0,3860775908.25,3860775908.25
sz000551,创元科技,2020-06-30,9.69,9.83,9.65,9.82,9.65,15584677.0,151898774.0,3928789577.1,3928789577.1
sz000551,创元科技,2020-07-01,9.88,9.93,9.67,9.82,9.82,17152457.0,167845155.0,3928789577.1,3928789577.1
sz000551,创元科技,2020-07-02,9.81,9.93,9.78,9.86,9.82,16288847.0,160396289.0,3944792793.3,3944792793.3
sz000551,创元科技,2020-07-03,9.91,10.04,9.77,9.92,9.86,19683095.0,195023235.0,3968797617.6,3968797617.6
sz000551,创元科技,2020-07-06,10.11,10.35,9.99,10.34,9.92,29849968.0,304334784.0,4136831387.7,4136831387.7
sz000551,创元科技,2020-07-07,10.4,10.65,10.11,10.44,10.34,37517568.0,390805283.0,4176839428.2,4176839428.2
sz000551,创元科技,2020-07-08,10.38,10.58,10.26,10.57,10.44,26313470.0,274895806.0,4228849880.85,4228849880.85
sz000551,创元科技,2020-07-09,10.65,10.88,10.53,10.87,10.57,31654159.0,338082270.0,4348874002.35,4348874002.35
sz000551,创元科技,2020-07-10,10.95,11.3,10.71,10.76,10.87,33934001.0,372350294.0,4304865157.8,4304865157.8
sz000551,创元科技,2020-07-13,10.7,10.93,10.66,10.89,10.76,23919338.0,259145375.0,4356875610.45,4356875610.45
sz000551,创元科技,2020-07-14,10.94,10.94,10.29,10.55,10.89,23135645.0,245300566.0,4220848272.75,4220848272.75
sz000551,创元科技,2020-07-15,10.57,11.48,10.3,11.18,10.55,45825995.0,503839433.0,4472898927.900001,4472898927.900001
sz000551,创元科技,2020-07-16,11.06,11.06,10.23,10.23,11.18,27285514.0,291192656.0,4092822543.15,4092822543.15
sz000551,创元科技,2020-07-17,10.01,10.12,9.21,9.21,10.23,23808967.0,229830980.0,3684740530.05,3684740530.05
sz000551,创元科技,2020-07-20,9.42,9.42,9.09,9.38,9.21,13435942.0,124737086.0,3752754198.9,3752754198.9
sz000551,创元科技,2020-07-21,9.38,9.68,9.34,9.68,9.38,12579012.0,119334682.0,3872778320.4,3872778320.4
sz000551,创元科技,2020-07-22,9.57,9.77,9.53,9.59,9.68,11003169.0,106054977.0,3836771083.95,3836771083.95
sz000551,创元科技,2020-07-23,9.87,10.55,9.86,10.55,9.59,9601173.0,98834982.0,4220848272.75,4220848272.75
sz000551,创元科技,2020-07-24,11.15,11.41,10.35,10.41,10.55,48666100.0,530751817.0,4164837016.05,4164837016.05
sz000551,创元科技,2020-07-27,10.11,10.39,9.37,9.42,10.41,27713551.0,268035309.0,3768757415.1,3768757415.1
sz000551,创元科技,2020-07-28,9.4,9.4,9.01,9.29,9.42,17126960.0,156987696.0,3716746962.45,3716746962.45
sz000551,创元科技,2020-07-29,9.23,9.57,9.05,9.51,9.29,12593476.0,117857067.0,3804764651.55,3804764651.55
sz000551,创元科技,2020-07-30,9.66,9.68,9.22,9.23,9.51,12624073.0,118718910.0,3692742138.15,3692742138.15
sz000551,创元科技,2020-07-31,9.29,9.63,9.12,9.49,9.23,14849688.0,139183305.0,3796763043.45,3796763043.45
sz000551,创元科技,2020-08-03,9.55,9.81,9.45,9.81,9.49,16441934.0,159065599.0,3924788773.05,3924788773.05
sz000551,创元科技,2020-08-04,9.8,9.81,9.48,9.48,9.81,13490561.0,129352742.0,3792762239.4,3792762239.4
sz000551,创元科技,2020-08-05,9.54,9.62,9.33,9.6,9.48,10171025.0,96498743.0,3840771888.0,3840771888.0
sz000551,创元科技,2020-08-06,9.75,10.56,9.72,10.35,9.6,34639306.0,356643205.0,4140832191.75,4140832191.75
sz000551,创元科技,2020-08-07,10.01,10.06,9.53,9.8,10.35,24544816.0,240033816.0,3920787969.0,3920787969.0
sz000551,创元科技,2020-08-10,9.63,9.8,9.49,9.67,9.8,11565424.0,111366704.0,3868777516.35,3868777516.35
sz000551,创元科技,2020-08-11,9.67,9.78,9.39,9.46,9.67,8857722.0,85333276.0,3784760631.3,3784760631.3
sz000551,创元科技,2020-08-12,9.39,9.56,9.11,9.55,9.46,8643822.0,80344736.0,3820767867.75,3820767867.75
sz000551,创元科技,2020-08-13,9.61,9.67,9.46,9.53,9.55,5556422.0,53202596.0,3812766259.65,3812766259.65
sz000551,创元科技,2020-08-14,9.49,9.59,9.37,9.55,9.53,4610950.0,43701237.0,3820767867.75,3820767867.75
sz000551,创元科技,2020-08-17,9.64,9.8,9.51,9.7,9.55,8360383.0,80705359.0,3880779928.5,3880779928.5
sz000551,创元科技,2020-08-18,9.69,9.8,9.65,9.79,9.7,7894328.0,76831189.0,3916787164.95,3916787164.95
sz000551,创元科技,2020-08-19,9.8,9.86,9.53,9.54,9.79,8013239.0,77257101.0,3816767063.7,3816767063.7
sz000551,创元科技,2020-08-20,9.5,9.59,9.33,9.35,9.54,5022910.0,47428236.0,3740751786.75,3740751786.75
sz000551,创元科技,2020-08-21,9.39,9.51,9.39,9.47,9.35,4028450.0,38110064.0,3788761435.35,3788761435.35
sz000551,创元科技,2020-08-24,9.41,9.53,9.38,9.46,9.47,3651809.0,34507898.0,3784760631.3,3784760631.3
sz000551,创元科技,2020-08-25,9.49,9.56,9.31,9.34,9.46,4904779.0,46177634.0,3736750982.7,3736750982.7
sz000551,创元科技,2020-08-26,9.34,9.43,9.1,9.11,9.34,6232825.0,57612754.0,3644732489.55,3644732489.55
sz000551,创元科技,2020-08-27,9.15,9.46,9.11,9.4,9.11,5587110.0,52154352.0,3760755807.0,3760755807.0
sz000551,创元科技,2020-08-28,9.32,9.45,9.25,9.44,9.4,4410876.0,41328693.0,3776759023.2,3776759023.2
sz000551,创元科技,2020-08-31,9.5,9.64,9.41,9.47,9.44,5585150.0,53185974.0,3788761435.35,3788761435.35
sz000551,创元科技,2020-09-01,9.46,9.7,9.42,9.64,9.47,5982314.0,57459345.0,3856775104.2,3856775104.2
sz000551,创元科技,2020-09-02,9.55,9.67,9.45,9.66,9.64,6352197.0,60711179.0,3864776712.3,3864776712.3
sz000551,创元科技,2020-09-03,9.65,9.65,9.47,9.49,9.66,4738300.0,45262493.0,3796763043.45,3796763043.45
sz000551,创元科技,2020-09-04,9.38,9.48,9.22,9.47,9.49,4464669.0,41821909.0,3788761435.35,3788761435.35
sz000551,创元科技,2020-09-07,9.5,9.65,9.25,9.31,9.47,5262044.0,49769992.0,3724748570.55,3724748570.55
sz000551,创元科技,2020-09-08,9.31,9.37,9.16,9.28,9.31,5345619.0,49504231.0,3712746158.4,3712746158.4
sz000551,创元科技,2020-09-09,9.17,9.35,9.1,9.12,9.28,6646018.0,61318498.0,3648733293.6,3648733293.6
sz000551,创元科技,2020-09-10,9.18,9.22,8.68,8.68,9.12,7482773.0,66974408.0,3472697915.4,3472697915.4
sz000551,创元科技,2020-09-11,8.67,8.82,8.61,8.76,8.68,3121000.0,27149696.0,3504704347.8,3504704347.8
sz000551,创元科技,2020-09-14,8.81,9.05,8.8,8.93,8.76,3245750.0,28891983.0,3572718016.65,3572718016.65
sz000551,创元科技,2020-09-15,8.94,9.27,8.76,9.12,8.93,5026383.0,45451219.0,3648733293.6,3648733293.6
sz000551,创元科技,2020-09-16,9.15,9.17,8.91,8.92,9.12,2613120.0,23537399.0,3568717212.6000004,3568717212.6000004
sz000551,创元科技,2020-09-17,8.99,9.02,8.87,8.96,8.92,2251763.0,20135643.0,3584720428.8,3584720428.8
sz000551,创元科技,2020-09-18,8.98,9.16,8.92,9.11,8.96,3084067.0,27907395.0,3644732489.55,3644732489.55
sz000551,创元科技,2020-09-21,9.11,9.16,9.05,9.12,9.11,2227450.0,20310822.0,3648733293.6,3648733293.6
sz000551,创元科技,2020-09-22,9.07,9.15,8.99,9.02,9.12,1938290.0,17557809.0,3608725253.1,3608725253.1
sz000551,创元科技,2020-09-23,9.06,9.15,9.01,9.08,9.02,2022362.0,18364734.0,3632730077.4,3632730077.4
sz000551,创元科技,2020-09-24,8.94,9.08,8.74,8.77,9.08,2597894.0,23053125.0,3508705151.8500004,3508705151.8500004
sz000551,创元科技,2020-09-25,8.85,8.85,8.61,8.66,8.77,2160600.0,18822686.0,3464696307.3,3464696307.3
sz000551,创元科技,2020-09-28,8.7,8.95,8.55,8.86,8.66,3276736.0,28653507.0,3544712388.3,3544712388.3
sz000551,创元科技,2020-09-29,8.88,8.88,8.72,8.83,8.86,2128413.0,18773713.0,3532709976.15,3532709976.15
sz000551,创元科技,2020-09-30,8.8,8.87,8.68,8.68,8.83,1797570.0,15768434.0,3472697915.4,3472697915.4
sz000551,创元科技,2020-10-09,8.7,8.92,8.7,8.9,8.68,2050561.0,18170714.0,3560715604.5,3560715604.5
sz000551,创元科技,2020-10-12,8.87,9.21,8.87,9.19,8.9,4443515.0,40455412.0,3676738921.95,3676738921.95
sz000551,创元科技,2020-10-13,9.19,9.27,9.11,9.18,9.19,3740415.0,34363517.0,3672738117.9,3672738117.9
sz000551,创元科技,2020-10-14,9.21,9.26,9.09,9.11,9.18,2806475.0,25723439.0,3644732489.55,3644732489.55
sz000551,创元科技,2020-10-15,9.09,9.16,8.97,8.97,9.11,2518000.0,22809473.0,3588721232.85,3588721232.85
sz000551,创元科技,2020-10-16,8.95,9.01,8.75,8.84,8.97,3035105.0,26882634.0,3536710780.2000003,3536710780.2000003
sz000551,创元科技,2020-10-19,8.82,8.96,8.82,8.84,8.84,2082500.0,18518860.0,3536710780.2000003,3536710780.2000003
sz000551,创元科技,2020-10-20,8.81,8.89,8.67,8.85,8.84,2048301.0,17931998.0,3540711584.2499995,3540711584.2499995
sz000551,创元科技,2020-10-21,8.88,8.88,8.65,8.68,8.85,2073975.0,18082462.0,3472697915.4,3472697915.4
sz000551,创元科技,2020-10-22,8.66,8.74,8.54,8.7,8.68,2098748.0,18123691.0,3480699523.5,3480699523.5
sz000551,创元科技,2020-10-23,8.65,8.78,8.48,8.5,8.7,2212561.0,19004393.0,3400683442.5,3400683442.5
sz000551,创元科技,2020-10-26,8.52,8.56,8.35,8.49,8.5,1441200.0,12208399.0,3396682638.4500003,3396682638.4500003
sz000551,创元科技,2020-10-27,8.41,8.78,8.41,8.74,8.49,3281318.0,28371203.0,3496702739.7,3496702739.7
sz000551,创元科技,2020-10-28,8.75,8.83,8.63,8.75,8.74,3336148.0,29113656.0,3500703543.75,3500703543.75
sz000551,创元科技,2020-10-29,8.58,8.7,8.57,8.58,8.75,2626403.0,22637540.0,3432689874.9,3432689874.9
sz000551,创元科技,2020-10-30,8.58,8.64,8.1,8.16,8.58,4982580.0,41540109.0,3264656104.8,3264656104.8
sz000551,创元科技,2020-11-02,8.19,8.2,7.88,7.91,8.16,4102450.0,32718542.0,3164636003.55,3164636003.55
sz000551,创元科技,2020-11-03,7.98,8.7,7.89,8.7,7.91,7670108.0,63906399.0,3480699523.5,3480699523.5
sz000551,创元科技,2020-11-04,8.71,8.82,8.48,8.79,8.7,6396286.0,55254241.0,3516706759.95,3516706759.95
sz000551,创元科技,2020-11-05,8.73,8.92,8.69,8.8,8.79,4558130.0,40093030.0,3520707564.0,3520707564.0
sz000551,创元科技,2020-11-06,8.94,8.95,8.6,8.66,8.8,3015677.0,26224391.0,3464696307.3,3464696307.3
sz000551,创元科技,2020-11-09,8.7,8.87,8.64,8.84,8.66,4833550.0,42496877.0,3536710780.2000003,3536710780.2000003
sz000551,创元科技,2020-11-10,8.84,8.86,8.69,8.78,8.84,2671880.0,23441562.0,3512705955.9,3512705955.9
sz000551,创元科技,2020-11-11,8.76,8.76,8.61,8.65,8.78,2148888.0,18630030.0,3460695503.25,3460695503.25
sz000551,创元科技,2020-11-12,8.65,8.74,8.63,8.67,8.65,1758901.0,15247930.0,3468697111.35,3468697111.35
sz000551,创元科技,2020-11-13,8.64,8.8,8.43,8.49,8.67,2388150.0,20399846.0,3396682638.4500003,3396682638.4500003
sz000551,创元科技,2020-11-16,8.53,9.0,8.51,8.87,8.49,5441557.0,48048341.0,3548713192.35,3548713192.35
sz000551,创元科技,2020-11-17,8.86,8.96,8.79,8.91,8.87,3008287.0,26726909.0,3564716408.55,3564716408.55
sz000551,创元科技,2020-11-18,8.86,8.99,8.81,8.88,8.91,2233019.0,19855522.0,3552713996.4,3552713996.4
sz000551,创元科技,2020-11-19,8.84,8.93,8.79,8.9,8.88,2776128.0,24578394.0,3560715604.5,3560715604.5
sz000551,创元科技,2020-11-20,8.9,9.16,8.85,9.1,8.9,5379278.0,48701988.0,3640731685.5,3640731685.5
sz000551,创元科技,2020-11-23,9.08,9.13,8.95,9.11,9.1,3894832.0,35268690.0,3644732489.55,3644732489.55
sz000551,创元科技,2020-11-24,9.11,9.11,8.98,9.0,9.11,2992800.0,27022685.0,3600723645.0000005,3600723645.0000005
sz000551,创元科技,2020-11-25,9.03,9.16,8.96,8.98,9.0,3982366.0,36114896.0,3592722036.9,3592722036.9
sz000551,创元科技,2020-11-26,8.96,9.03,8.82,8.89,8.98,2988601.0,26564577.0,3556714800.45,3556714800.45
sz000551,创元科技,2020-11-27,8.88,8.97,8.71,8.96,8.89,2447608.0,21645400.0,3584720428.8,3584720428.8
sz000551,创元科技,2020-11-30,9.07,9.22,8.9,8.91,8.96,4867454.0,44174526.0,3564716408.55,3564716408.55
sz000551,创元科技,2020-12-01,8.91,9.0,8.8,8.96,8.91,2787247.0,24836745.0,3584720428.8,3584720428.8
sz000551,创元科技,2020-12-02,9.01,9.07,8.92,9.0,8.96,2180390.0,19627517.0,3600723645.0000005,3600723645.0000005
sz000551,创元科技,2020-12-03,9.06,9.25,8.92,9.06,9.0,4950538.0,45100639.0,3624728469.3,3624728469.3
sz000551,创元科技,2020-12-04,9.03,9.45,8.99,9.4,9.06,8891858.0,82583131.0,3760755807.0,3760755807.0
sz000551,创元科技,2020-12-07,9.35,9.35,9.1,9.22,9.4,6325525.0,58418353.0,3688741334.1,3688741334.1
sz000551,创元科技,2020-12-08,9.22,9.3,9.05,9.09,9.22,3800301.0,34845982.0,3636730881.45,3636730881.45
sz000551,创元科技,2020-12-09,9.07,9.07,8.66,8.68,9.09,5052045.0,44847348.0,3472697915.4,3472697915.4
sz000551,创元科技,2020-12-10,8.63,8.76,8.5,8.53,8.68,3231300.0,27733569.0,3412685854.65,3412685854.65
sz000551,创元科技,2020-12-11,8.61,8.61,8.23,8.4,8.53,3204252.0,26868715.0,3360675402.0,3360675402.0
sz000551,创元科技,2020-12-14,8.46,8.51,8.28,8.47,8.4,2210901.0,18595203.0,3388681030.35,3388681030.35
sz000551,创元科技,2020-12-15,8.48,8.51,8.33,8.36,8.47,2150315.0,18059370.0,3344672185.8,3344672185.8
sz000551,创元科技,2020-12-16,8.34,8.41,8.14,8.15,8.36,2606785.0,21483315.0,3260655300.75,3260655300.75
sz000551,创元科技,2020-12-17,8.14,8.38,8.06,8.35,8.15,2868201.0,23630925.0,3340671381.7499995,3340671381.7499995
sz000551,创元科技,2020-12-18,8.4,8.48,8.34,8.39,8.35,2389985.0,20076084.0,3356674597.95,3356674597.95
sz000551,创元科技,2020-12-21,8.36,8.6,8.3,8.55,8.39,3446772.0,29363990.0,3420687462.75,3420687462.75
sz000551,创元科技,2020-12-22,8.52,8.55,8.14,8.14,8.55,3939937.0,32832935.0,3256654496.7,3256654496.7
sz000551,创元科技,2020-12-23,8.14,8.38,8.12,8.25,8.14,2420545.0,19978102.0,3300663341.25,3300663341.25
sz000551,创元科技,2020-12-24,8.26,8.29,7.97,8.02,8.25,3136519.0,25379500.0,3208644848.1,3208644848.1
sz000551,创元科技,2020-12-25,8.07,8.26,7.93,8.24,8.02,2572225.0,20980361.0,3296662537.2,3296662537.2
sz000551,创元科技,2020-12-28,8.23,8.27,8.06,8.09,8.24,2529275.0,20568079.0,3236650476.45,3236650476.45
sz000551,创元科技,2020-12-29,8.09,8.25,7.99,8.02,8.09,2617039.0,21155463.0,3208644848.1,3208644848.1
sz000551,创元科技,2020-12-30,8.02,8.13,7.88,8.07,8.02,3031906.0,24241179.0,3228648868.35,3228648868.35
sz000551,创元科技,2020-12-31,8.17,8.23,8.07,8.17,8.07,2399910.0,19585316.0,3268656908.85,3268656908.85
sz000551,创元科技,2021-01-04,8.18,8.29,8.12,8.25,8.17,2517500.0,20695214.0,3300663341.25,3300663341.25
sz000551,创元科技,2021-01-05,8.22,8.33,8.2,8.25,8.25,2650534.0,21908898.0,3300663341.25,3300663341.25
sz000551,创元科技,2021-01-06,8.26,8.26,8.03,8.09,8.25,2950178.0,23916010.0,3236650476.45,3236650476.45
sz000551,创元科技,2021-01-07,8.04,8.11,7.73,7.76,8.09,4709381.0,37198239.0,3104623942.8,3104623942.8
sz000551,创元科技,2021-01-08,7.75,8.54,7.5,8.21,7.76,8032762.0,65022569.0,3284660125.05,3284660125.05
sz000551,创元科技,2021-01-11,8.13,8.13,7.88,8.05,8.21,4095441.0,32791823.0,3220647260.25,3220647260.25
sz000551,创元科技,2021-01-12,8.1,8.36,8.06,8.25,8.05,3350231.0,27561473.0,3300663341.25,3300663341.25
sz000551,创元科技,2021-01-13,8.19,8.22,8.04,8.05,8.25,2571253.0,20858812.0,3220647260.25,3220647260.25
sz000551,创元科技,2021-01-14,8.06,8.24,8.03,8.18,8.05,2029478.0,16538277.0,3272657712.9,3272657712.9
sz000551,创元科技,2021-01-15,8.23,8.28,8.05,8.15,8.18,1743907.0,14252117.0,3260655300.75,3260655300.75
sz000551,创元科技,2021-01-18,8.19,8.33,8.17,8.26,8.15,2345128.0,19385608.0,3304664145.3,3304664145.3
sz000551,创元科技,2021-01-19,8.29,8.3,8.17,8.21,8.26,2001149.0,16469638.0,3284660125.05,3284660125.05
sz000551,创元科技,2021-01-20,8.22,8.24,8.01,8.08,8.21,1963500.0,15913969.0,3232649672.4,3232649672.4
sz000551,创元科技,2021-01-21,8.07,8.12,7.97,8.08,8.08,1806649.0,14545092.0,3232649672.4,3232649672.4
sz000551,创元科技,2021-01-22,8.06,8.07,7.8,7.84,8.08,2590846.0,20443660.0,3136630375.2000003,3136630375.2000003
sz000551,创元科技,2021-01-25,7.84,7.9,7.74,7.75,7.84,2026871.0,15825062.0,3100623138.75,3100623138.75
sz000551,创元科技,2021-01-26,7.75,7.87,7.7,7.78,7.75,1106985.0,8621946.0,3112625550.9,3112625550.9
sz000551,创元科技,2021-01-27,7.78,7.8,7.67,7.69,7.78,1519300.0,11731552.0,3076618314.4500003,3076618314.4500003
sz000551,创元科技,2021-01-28,7.66,7.69,7.54,7.58,7.69,1654177.0,12585622.0,3032609469.9,3032609469.9
sz000551,创元科技,2021-01-29,7.62,7.67,7.41,7.66,7.58,2575502.0,19423591.0,3064615902.3,3064615902.3
sz000551,创元科技,2021-02-01,7.66,7.81,7.6,7.79,7.66,1343230.0,10326316.0,3116626354.95,3116626354.95
sz000551,创元科技,2021-02-02,7.87,7.87,7.73,7.81,7.79,1255300.0,9789072.0,3124627963.05,3124627963.05
sz000551,创元科技,2021-02-03,7.75,7.81,7.58,7.62,7.81,1312200.0,10083927.0,3048612686.1000004,3048612686.1000004
sz000551,创元科技,2021-02-04,7.62,7.78,7.46,7.58,7.62,1481576.0,11207550.0,3032609469.9,3032609469.9
sz000551,创元科技,2021-02-05,7.57,7.64,7.46,7.46,7.58,946900.0,7155176.0,2984599821.3,2984599821.3
sz000551,创元科技,2021-02-08,7.58,7.76,7.53,7.55,7.46,1297193.0,9896885.0,3020607057.75,3020607057.75
sz000551,创元科技,2021-02-09,7.64,7.66,7.53,7.6,7.55,1388090.0,10545145.0,3040611078.0,3040611078.0
sz000551,创元科技,2021-02-10,7.61,7.68,7.55,7.6,7.6,1386700.0,10565581.0,3040611078.0,3040611078.0
sz000551,创元科技,2021-02-18,7.65,7.78,7.63,7.75,7.6,1832544.0,14168899.0,3100623138.75,3100623138.75
sz000551,创元科技,2021-02-19,7.76,7.95,7.69,7.93,7.75,1959932.0,15401464.0,3172637611.65,3172637611.65
sz000551,创元科技,2021-02-22,7.9,8.12,7.9,7.96,7.93,3042446.0,24414641.0,3184640023.8,3184640023.8
sz000551,创元科技,2021-02-23,7.98,8.06,7.95,7.95,7.96,1630165.0,13024323.0,3180639219.75,3180639219.75
sz000551,创元科技,2021-02-24,8.02,8.06,7.81,7.88,7.95,1974515.0,15656958.0,3152633591.4,3152633591.4
sz000551,创元科技,2021-02-25,7.87,7.93,7.77,7.77,7.88,1567917.0,12279332.0,3108624746.8500004,3108624746.8500004
sz000551,创元科技,2021-02-26,7.76,7.87,7.66,7.81,7.77,1354635.0,10531041.0,3124627963.05,3124627963.05
sz000551,创元科技,2021-03-01,7.88,8.59,7.87,8.42,7.81,9907230.0,82847041.0,3368677010.1000004,3368677010.1000004
sz000551,创元科技,2021-03-02,8.47,8.79,8.37,8.6,8.42,11698921.0,100403015.0,3440691483.0,3440691483.0
sz000551,创元科技,2021-03-03,8.43,8.73,8.21,8.57,8.6,8735325.0,73977509.0,3428689070.85,3428689070.85
sz000551,创元科技,2021-03-04,8.51,8.92,8.45,8.68,8.57,8991103.0,78625277.0,3472697915.4,3472697915.4
sz000551,创元科技,2021-03-05,8.67,8.84,8.45,8.5,8.68,7293490.0,62721571.0,3400683442.5,3400683442.5
sz000551,创元科技,2021-03-08,8.51,8.6,8.33,8.36,8.5,5408357.0,45902750.0,3344672185.8,3344672185.8
sz000551,创元科技,2021-03-09,8.37,8.37,8.0,8.06,8.36,4500369.0,36596705.0,3224648064.3,3224648064.3
sz000551,创元科技,2021-03-10,8.12,8.19,8.04,8.15,8.06,2159650.0,17528612.0,3260655300.75,3260655300.75
sz000551,创元科技,2021-03-11,8.1,8.3,8.0,8.25,8.15,3497259.0,28568131.0,3300663341.25,3300663341.25
sz000551,创元科技,2021-03-12,8.23,8.65,8.13,8.4,8.25,4773376.0,40007716.0,3360675402.0,3360675402.0
sz000551,创元科技,2021-03-15,8.44,9.24,8.38,8.88,8.4,9792842.0,86071582.0,3552713996.4,3552713996.4
sz000551,创元科技,2021-03-16,8.75,9.6,8.75,9.25,8.88,13871498.0,128169415.0,3700743746.25,3700743746.25
sz000551,创元科技,2021-03-17,9.16,9.21,8.83,8.85,9.25,7948134.0,70952969.0,3540711584.2499995,3540711584.2499995
sz000551,创元科技,2021-03-18,8.86,8.94,8.69,8.72,8.85,5208705.0,45781427.0,3488701131.6,3488701131.6
sz000551,创元科技,2021-03-19,8.64,8.9,8.61,8.75,8.72,4552494.0,40006221.0,3500703543.75,3500703543.75
sz000551,创元科技,2021-03-22,8.84,9.15,8.76,9.15,8.75,6579213.0,59159059.0,3660735705.75,3660735705.75
sz000551,创元科技,2021-03-23,9.03,9.08,8.74,8.86,9.15,5518391.0,48908153.0,3544712388.3,3544712388.3
sz000551,创元科技,2021-03-24,8.78,9.03,8.75,8.82,8.86,4122509.0,36596921.0,3528709172.1,3528709172.1
sz000551,创元科技,2021-03-25,8.8,8.82,8.3,8.38,8.82,5859970.0,49621062.0,3352673793.9,3352673793.9
sz000551,创元科技,2021-03-26,8.39,8.99,8.36,8.85,8.38,6285156.0,54812522.0,3540711584.2499995,3540711584.2499995
sz000551,创元科技,2021-03-29,8.8,9.12,8.69,9.12,8.85,7645064.0,68285012.0,3648733293.6,3648733293.6
sz000551,创元科技,2021-03-30,8.92,9.01,8.64,8.68,9.12,5529240.0,48432384.0,3472697915.4,3472697915.4
sz000551,创元科技,2021-03-31,8.59,9.09,8.53,8.84,8.68,4811800.0,42478852.0,3536710780.2000003,3536710780.2000003
sz000551,创元科技,2021-04-01,8.82,8.85,8.56,8.69,8.84,3521039.0,30489193.0,3476698719.4500003,3476698719.4500003
sz000551,创元科技,2021-04-02,8.72,8.84,8.45,8.46,8.69,3748773.0,32273968.0,3384680226.3,3384680226.3
sz000551,创元科技,2021-04-06,8.55,8.76,8.5,8.62,8.46,3115910.0,26871937.0,3448693091.1,3448693091.1
sz000551,创元科技,2021-04-07,8.6,8.73,8.48,8.57,8.62,2766105.0,23675757.0,3428689070.85,3428689070.85
sz000551,创元科技,2021-04-08,8.57,8.57,8.35,8.39,8.57,3464300.0,29127408.0,3356674597.95,3356674597.95
sz000551,创元科技,2021-04-09,8.38,8.65,8.36,8.54,8.39,3404236.0,29038925.0,3416686658.7000003,3416686658.7000003
sz000551,创元科技,2021-04-12,8.55,8.55,8.32,8.36,8.54,2233597.0,18769613.0,3344672185.8,3344672185.8
sz000551,创元科技,2021-04-13,8.36,8.42,8.24,8.38,8.36,1808077.0,15054672.0,3352673793.9,3352673793.9
sz000551,创元科技,2021-04-14,8.45,9.2,8.42,8.68,8.38,4212770.0,36416504.0,3472697915.4,3472697915.4
sz000551,创元科技,2021-04-15,8.6,8.73,8.56,8.7,8.68,2274379.0,19697910.0,3480699523.5,3480699523.5
sz000551,创元科技,2021-04-16,8.75,8.8,8.65,8.74,8.7,3457800.0,30140486.0,3496702739.7,3496702739.7
sz000551,创元科技,2021-04-19,8.7,8.86,8.7,8.82,8.74,2906000.0,25548338.0,3528709172.1,3528709172.1
sz000551,创元科技,2021-04-20,8.76,8.84,8.67,8.68,8.82,2560180.0,22430171.0,3472697915.4,3472697915.4
sz000551,创元科技,2021-04-21,8.64,8.72,8.61,8.69,8.68,1536588.0,13321684.0,3476698719.4500003,3476698719.4500003
sz000551,创元科技,2021-04-22,8.69,8.82,8.65,8.74,8.69,2138777.0,18711806.0,3496702739.7,3496702739.7
sz000551,创元科技,2021-04-23,8.79,8.79,8.47,8.52,8.74,2190908.0,18812940.0,3408685050.6,3408685050.6
sz000551,创元科技,2021-04-26,8.52,8.63,8.48,8.53,8.52,1354776.0,11584225.0,3412685854.65,3412685854.65
sz000551,创元科技,2021-04-27,8.52,8.52,8.28,8.4,8.53,1621018.0,13582631.0,3360675402.0,3360675402.0
sz000551,创元科技,2021-04-28,8.45,8.45,8.34,8.4,8.4,1318401.0,11061282.0,3360675402.0,3360675402.0
sz000551,创元科技,2021-04-29,8.4,8.53,8.39,8.51,8.4,1381991.0,11688646.0,3404684246.55,3404684246.55
sz000551,创元科技,2021-04-30,8.5,8.55,8.35,8.41,8.51,1216017.0,10250487.0,3364676206.05,3364676206.05
sz000551,创元科技,2021-05-06,8.42,8.52,8.41,8.47,8.41,1038177.0,8780816.0,3388681030.35,3388681030.35
sz000551,创元科技,2021-05-07,8.49,8.56,8.45,8.5,8.47,1311100.0,11159778.0,3400683442.5,3400683442.5
sz000551,创元科技,2021-05-10,8.55,8.58,8.47,8.52,8.5,1531702.0,13041970.0,3408685050.6,3408685050.6
sz000551,创元科技,2021-05-11,8.52,8.52,8.3,8.36,8.52,1534210.0,12850265.0,3344672185.8,3344672185.8
sz000551,创元科技,2021-05-12,8.34,8.4,8.27,8.4,8.36,1534720.0,12784442.0,3360675402.0,3360675402.0
sz000551,创元科技,2021-05-13,8.32,8.42,8.29,8.29,8.4,1838498.0,15378540.0,3316666557.45,3316666557.45
sz000551,创元科技,2021-05-14,8.34,8.47,8.34,8.44,8.29,1832954.0,15450807.0,3376678618.2,3376678618.2
sz000551,创元科技,2021-05-17,8.51,8.51,8.39,8.42,8.44,1348111.0,11367524.0,3368677010.1000004,3368677010.1000004
sz000551,创元科技,2021-05-18,8.38,8.4,8.3,8.37,8.42,1383914.0,11546551.0,3348672989.85,3348672989.85
sz000551,创元科技,2021-05-19,8.36,8.42,8.18,8.19,8.37,2873400.0,23748428.0,3276658516.9500003,3276658516.9500003
sz000551,创元科技,2021-05-20,8.17,8.2,8.06,8.09,8.19,1879213.0,15250707.0,3236650476.45,3236650476.45
sz000551,创元科技,2021-05-21,8.07,8.16,8.07,8.09,8.09,1215300.0,9864127.0,3236650476.45,3236650476.45
sz000551,创元科技,2021-05-24,8.1,8.25,8.1,8.2,8.09,1320665.0,10837177.0,3280659321.0,3280659321.0
sz000551,创元科技,2021-05-25,8.27,8.27,8.19,8.23,8.2,1008593.0,8296765.0,3292661733.15,3292661733.15
sz000551,创元科技,2021-05-26,8.24,8.27,8.2,8.24,8.23,1409400.0,11603551.0,3296662537.2,3296662537.2
sz000551,创元科技,2021-05-27,8.25,8.35,8.17,8.21,8.24,2320291.0,19117644.0,3284660125.05,3284660125.05
sz000551,创元科技,2021-05-28,8.21,8.33,8.17,8.29,8.21,2293454.0,18980733.0,3316666557.45,3316666557.45
sz000551,创元科技,2021-05-31,8.28,8.34,8.23,8.33,8.29,2175685.0,18050284.0,3332669773.65,3332669773.65
sz000551,创元科技,2021-06-01,8.33,8.35,8.21,8.31,8.33,1919887.0,15875938.0,3324668165.55,3324668165.55
sz000551,创元科技,2021-06-02,8.31,8.32,8.21,8.22,8.31,1866776.0,15419300.0,3288660929.1,3288660929.1
sz000551,创元科技,2021-06-03,8.27,8.32,8.22,8.27,8.22,1590538.0,13154324.0,3308664949.3500004,3308664949.3500004
sz000551,创元科技,2021-06-04,8.27,8.34,8.25,8.31,8.27,1245800.0,10328254.0,3324668165.55,3324668165.55
sz000551,创元科技,2021-06-07,8.34,8.44,8.33,8.44,8.31,2578474.0,21605817.0,3376678618.2,3376678618.2
sz000551,创元科技,2021-06-08,8.45,8.49,8.31,8.38,8.44,1945703.0,16292909.0,3352673793.9,3352673793.9
sz000551,创元科技,2021-06-09,8.39,8.46,8.38,8.43,8.38,1615977.0,13612889.0,3372677814.15,3372677814.15
sz000551,创元科技,2021-06-10,8.4,8.65,8.35,8.59,8.43,3532016.0,30131887.0,3436690678.95,3436690678.95
sz000551,创元科技,2021-06-11,8.63,8.64,8.45,8.47,8.59,2101434.0,17896670.0,3388681030.35,3388681030.35
sz000551,创元科技,2021-06-15,8.38,8.4,8.2,8.25,8.37,1794218.0,14889247.0,3300663341.25,3300663341.25
sz000551,创元科技,2021-06-16,8.25,8.4,8.13,8.17,8.25,1806397.0,14829257.0,3268656908.85,3268656908.85
sz000551,创元科技,2021-06-17,8.18,8.27,8.11,8.22,8.17,1359072.0,11124308.0,3288660929.1,3288660929.1
sz000551,创元科技,2021-06-18,8.18,8.25,8.14,8.23,8.22,1282119.0,10509436.0,3292661733.15,3292661733.15
sz000551,创元科技,2021-06-21,8.2,8.29,8.19,8.26,8.23,1766264.0,14549306.0,3304664145.3,3304664145.3
sz000551,创元科技,2021-06-22,8.26,8.44,8.22,8.42,8.26,2477788.0,20725058.0,3368677010.1000004,3368677010.1000004
sz000551,创元科技,2021-06-23,8.41,8.48,8.35,8.39,8.42,1536991.0,12910784.0,3356674597.95,3356674597.95
sz000551,创元科技,2021-06-24,8.41,8.44,8.34,8.4,8.39,1539801.0,12916788.0,3360675402.0,3360675402.0
sz000551,创元科技,2021-06-25,8.4,8.46,8.35,8.42,8.4,1380073.0,11584581.0,3368677010.1000004,3368677010.1000004
sz000551,创元科技,2021-06-28,8.41,8.49,8.41,8.45,8.42,1981837.0,16747749.0,3380679422.25,3380679422.25
sz000551,创元科技,2021-06-29,8.47,8.47,8.36,8.43,8.45,1602499.0,13475622.0,3372677814.15,3372677814.15
sz000551,创元科技,2021-06-30,8.4,8.47,8.34,8.38,8.43,1399257.0,11733020.0,3352673793.9,3352673793.9
sz000551,创元科技,2021-07-01,8.47,8.47,8.18,8.19,8.38,2058250.0,17025742.0,3276658516.9500003,3276658516.9500003
sz000551,创元科技,2021-07-02,8.15,8.25,8.12,8.19,8.19,1146523.0,9400816.0,3276658516.9500003,3276658516.9500003
sz000551,创元科技,2021-07-05,8.19,8.29,8.16,8.28,8.19,1188626.0,9782341.0,3312665753.4,3312665753.4
sz000551,创元科技,2021-07-06,8.28,8.3,8.16,8.24,8.28,1228488.0,10118367.0,3296662537.2,3296662537.2
sz000551,创元科技,2021-07-07,8.21,8.68,8.21,8.64,8.24,7207467.0,61660409.0,3456694699.2,3456694699.2
sz000551,创元科技,2021-07-08,8.68,9.5,8.55,9.5,8.64,40695672.0,382557059.0,3800763847.500001,3800763847.500001
sz000551,创元科技,2021-07-09,9.19,10.45,9.19,10.45,9.5,32743723.0,326341301.0,4180840232.25,4180840232.25
sz000551,创元科技,2021-07-12,11.5,11.5,10.0,10.62,10.45,49849213.0,539878557.0,4248853901.1,4248853901.1
sz000551,创元科技,2021-07-13,10.26,10.57,10.04,10.18,10.62,24573197.0,251846656.0,4072818522.9,4072818522.9
sz000551,创元科技,2021-07-14,10.27,11.2,10.19,11.18,10.18,33456175.0,363362920.0,4472898927.900001,4472898927.900001
sz000551,创元科技,2021-07-15,10.98,10.98,10.06,10.06,11.18,14338693.0,147873649.0,4024808874.3,4024808874.3
sz000551,创元科技,2021-07-16,9.85,10.39,9.5,10.28,10.06,24623083.0,244091985.0,4112826563.4,4112826563.4
sz000551,创元科技,2021-07-19,10.2,11.31,10.02,11.31,10.28,29589155.0,326953996.0,4524909380.55,4524909380.55
sz000551,创元科技,2021-07-20,11.35,12.0,10.79,12.0,11.31,33844818.0,379190597.0,4800964860.0,4800964860.0
sz000551,创元科技,2021-07-21,11.5,11.78,11.19,11.31,12.0,28877319.0,332175665.0,4524909380.55,4524909380.55
sz000551,创元科技,2021-07-22,11.36,11.99,11.26,11.7,11.31,24198019.0,279979901.0,4680940738.5,4680940738.5
sz000551,创元科技,2021-07-23,11.7,11.81,11.07,11.34,11.7,18290104.0,208303752.0,4536911792.7,4536911792.7
sz000551,创元科技,2021-07-26,11.05,11.24,10.77,10.88,11.34,13785855.0,151310633.0,4352874806.400001,4352874806.400001
sz000551,创元科技,2021-07-27,10.88,11.33,10.5,10.75,10.88,17450743.0,189693912.0,4300864353.75,4300864353.75
sz000551,创元科技,2021-07-28,10.35,10.75,10.01,10.16,10.75,12755939.0,131070939.0,4064816914.8,4064816914.8
sz000551,创元科技,2021-07-29,10.24,10.87,10.21,10.77,10.16,11728228.0,124210545.0,4308865961.849999,4308865961.849999
sz000551,创元科技,2021-07-30,10.74,10.92,10.5,10.75,10.77,8225268.0,88030818.0,4300864353.75,4300864353.75
sz000551,创元科技,2021-08-02,10.8,11.8,10.51,11.55,10.75,22932334.0,260620861.0,4620928677.75,4620928677.75
sz000551,创元科技,2021-08-03,11.44,11.59,11.1,11.22,11.55,13142969.0,148779742.0,4488902144.1,4488902144.1
sz000551,创元科技,2021-08-04,11.24,11.41,10.88,11.15,11.22,11488181.0,127064062.0,4460896515.75,4460896515.75
sz000551,创元科技,2021-08-05,11.06,11.3,10.97,11.18,11.15,9695777.0,107677708.0,4472898927.900001,4472898927.900001
sz000551,创元科技,2021-08-06,11.3,12.3,11.25,12.3,11.18,26355134.0,314248053.0,4920988981.5,4920988981.5
sz000551,创元科技,2021-08-09,12.17,13.53,12.17,13.1,12.3,48332818.0,628412564.0,5241053305.5,5241053305.5
sz000551,创元科技,2021-08-10,12.88,13.88,12.1,12.39,13.1,48788117.0,635569189.0,4956996217.95,4956996217.95
sz000551,创元科技,2021-08-11,12.88,13.63,11.7,12.51,12.39,30280092.0,372679978.0,5005005866.55,5005005866.55
sz000551,创元科技,2021-08-12,12.25,12.37,11.37,11.65,12.51,30505691.0,359599549.0,4660936718.25,4660936718.25
sz000551,创元科技,2021-08-13,11.6,11.61,11.01,11.38,11.65,21211586.0,238910183.0,4552915008.900001,4552915008.900001
sz000551,创元科技,2021-08-16,11.35,12.08,11.18,12.0,11.38,26277335.0,305744740.0,4800964860.0,4800964860.0
sz000551,创元科技,2021-08-17,12.02,12.18,11.0,11.18,12.0,19432480.0,224928036.0,4472898927.900001,4472898927.900001
sz000551,创元科技,2021-08-18,11.05,11.4,10.5,10.75,11.18,16361325.0,179097183.0,4300864353.75,4300864353.75
sz000551,创元科技,2021-08-19,10.64,10.7,10.23,10.51,10.75,13644165.0,142053488.0,4204845056.55,4204845056.55
sz000551,创元科技,2021-08-20,10.5,10.63,10.11,10.6,10.51,8547315.0,89114904.0,4240852293.0,4240852293.0
sz000551,创元科技,2021-08-23,10.6,10.95,10.55,10.81,10.6,9388122.0,100974141.0,4324869178.05,4324869178.05
sz000551,创元科技,2021-08-24,10.8,10.98,10.57,10.63,10.81,10201680.0,109260961.0,4252854705.15,4252854705.15
sz000551,创元科技,2021-08-25,10.68,10.95,10.46,10.85,10.63,9952692.0,106058424.0,4340872394.25,4340872394.25
sz000551,创元科技,2021-08-26,10.73,10.8,10.49,10.49,10.85,9360508.0,99112909.0,4196843448.45,4196843448.45
sz000551,创元科技,2021-08-27,10.46,10.81,10.33,10.61,10.49,7896167.0,83515109.0,4244853097.05,4244853097.05
sz000551,创元科技,2021-08-30,10.6,10.93,10.49,10.59,10.61,10806132.0,115659400.0,4236851488.95,4236851488.95
sz000551,创元科技,2021-08-31,10.58,10.65,10.27,10.37,10.59,7061051.0,73356524.0,4148833799.85,4148833799.85
sz000551,创元科技,2021-09-01,10.26,10.43,9.81,9.86,10.37,11500761.0,115388695.0,3944792793.3,3944792793.3
sz000551,创元科技,2021-09-02,9.84,10.1,9.81,10.07,9.86,7638468.0,76438442.0,4028809678.35,4028809678.35
sz000551,创元科技,2021-09-03,11.08,11.08,11.08,11.08,10.07,10183390.0,112831961.0,4432890887.4,4432890887.4
sz000551,创元科技,2021-09-06,11.7,12.19,11.59,12.19,11.08,16916923.0,201754343.0,4876980136.95,4876980136.95
sz000551,创元科技,2021-09-07,12.83,13.4,12.2,12.27,12.19,46141310.0,582187399.0,4908986569.349999,4908986569.349999
sz000551,创元科技,2021-09-08,12.59,12.88,11.75,11.83,12.27,35548518.0,437067201.0,4732951191.15,4732951191.15
sz000551,创元科技,2021-09-09,11.98,12.34,11.8,11.8,11.83,23033043.0,276532885.0,4720948779.0,4720948779.0
sz000551,创元科技,2021-09-10,11.55,11.88,11.34,11.45,11.8,19118200.0,221487848.0,4580920637.25,4580920637.25
sz000551,创元科技,2021-09-13,11.47,11.77,11.34,11.5,11.45,13274182.0,152839104.0,4600924657.5,4600924657.5
sz000551,创元科技,2021-09-14,11.5,11.58,11.11,11.12,11.5,12573859.0,142077001.0,4448894103.599999,4448894103.599999
sz000551,创元科技,2021-09-15,11.18,11.45,11.17,11.32,11.12,9096588.0,102633969.0,4528910184.6,4528910184.6
sz000551,创元科技,2021-09-16,11.4,12.19,11.32,11.91,11.32,24789412.0,291550964.0,4764957623.55,4764957623.55
sz000551,创元科技,2021-09-17,11.77,12.18,11.53,11.91,11.91,18551502.0,220149187.0,4764957623.55,4764957623.55
sz000551,创元科技,2021-09-22,12.1,12.37,11.5,12.36,11.91,21782216.0,263078760.0,4944993805.8,4944993805.8
sz000551,创元科技,2021-09-23,12.2,12.34,11.84,12.0,12.36,14914589.0,179749079.0,4800964860.0,4800964860.0
sz000551,创元科技,2021-09-24,12.0,12.76,11.8,12.36,12.0,21058746.0,258646800.0,4944993805.8,4944993805.8
sz000551,创元科技,2021-09-27,12.22,12.38,11.12,11.12,12.36,16589191.0,191667696.0,4448894103.599999,4448894103.599999
sz000551,创元科技,2021-09-28,11.04,11.91,10.86,11.66,11.12,14457406.0,166858561.0,4664937522.3,4664937522.3
sz000551,创元科技,2021-09-29,11.66,11.74,10.98,11.2,11.66,10605291.0,119313741.0,4480900536.0,4480900536.0
sz000551,创元科技,2021-09-30,11.45,11.47,10.7,11.14,11.2,12248075.0,134892777.0,4456895711.7,4456895711.7
sz000551,创元科技,2021-10-08,11.21,11.4,10.87,10.87,11.14,9271926.0,102439168.0,4348874002.35,4348874002.35
sz000551,创元科技,2021-10-11,10.9,10.9,10.21,10.47,10.87,8840063.0,92353985.0,4188841840.35,4188841840.35
sz000551,创元科技,2021-10-12,10.31,10.51,10.02,10.14,10.47,6811300.0,69395015.0,4056815306.7,4056815306.7
sz000551,创元科技,2021-10-13,10.09,10.44,9.96,10.31,10.14,5371027.0,54790641.0,4124828975.55,4124828975.55
sz000551,创元科技,2021-10-14,10.31,10.41,10.14,10.24,10.31,4103800.0,42155759.0,4096823347.2,4096823347.2
sz000551,创元科技,2021-10-15,10.27,10.31,10.09,10.22,10.24,3521900.0,35968346.0,4088821739.1,4088821739.1
sz000551,创元科技,2021-10-18,10.19,10.38,10.07,10.33,10.22,3870444.0,39842348.0,4132830583.65,4132830583.65
sz000551,创元科技,2021-10-19,10.33,10.41,10.26,10.37,10.33,3905862.0,40335958.0,4148833799.85,4148833799.85
sz000551,创元科技,2021-10-20,10.29,10.4,10.13,10.29,10.37,3216990.0,33071252.0,4116827367.45,4116827367.45
sz000551,创元科技,2021-10-21,10.31,10.65,10.15,10.52,10.29,6317239.0,65987073.0,4208845860.6,4208845860.6
sz000551,创元科技,2021-10-22,10.43,10.52,10.06,10.07,10.52,5955321.0,60940766.0,4028809678.35,4028809678.35
sz000551,创元科技,2021-10-25,10.22,10.22,10.04,10.09,10.07,3560578.0,36005830.0,4036811286.45,4036811286.45
sz000551,创元科技,2021-10-26,10.11,10.14,9.85,9.9,10.09,4300472.0,42970257.0,3960796009.5,3960796009.5
sz000551,创元科技,2021-10-27,9.95,9.98,9.3,9.45,9.9,7065489.0,67261461.0,3780759827.25,3780759827.25
sz000551,创元科技,2021-10-28,9.42,9.69,9.2,9.25,9.45,3593092.0,33752770.0,3700743746.25,3700743746.25
sz000551,创元科技,2021-10-29,9.25,9.52,9.1,9.5,9.25,3471863.0,32430257.0,3800763847.500001,3800763847.500001
sz000551,创元科技,2021-11-01,9.8,10.28,9.66,10.09,9.5,9427968.0,94417276.0,4036811286.45,4036811286.45
sz000551,创元科技,2021-11-02,10.05,10.28,9.8,9.88,10.09,8051037.0,80882410.0,3952794401.4,3952794401.4
sz000551,创元科技,2021-11-03,9.9,10.2,9.75,9.98,9.88,5784801.0,57311506.0,3992802441.9,3992802441.9
sz000551,创元科技,2021-11-04,9.96,10.4,9.88,10.36,9.98,8685234.0,87992164.0,4144832995.8,4144832995.8
sz000551,创元科技,2021-11-05,10.37,10.88,10.22,10.67,10.36,11926998.0,126165552.0,4268857921.35,4268857921.35
sz000551,创元科技,2021-11-08,10.68,11.09,10.63,10.79,10.67,10524347.0,114435309.0,4316867569.95,4316867569.95
sz000551,创元科技,2021-11-09,10.77,10.91,10.61,10.66,10.79,7221217.0,77311701.0,4264857117.3,4264857117.3
sz000551,创元科技,2021-11-10,10.62,10.83,10.57,10.83,10.66,7611282.0,81511286.0,4332870786.15,4332870786.15
sz000551,创元科技,2021-11-11,10.8,11.3,10.75,10.89,10.83,11237178.0,124470132.0,4356875610.45,4356875610.45
sz000551,创元科技,2021-11-12,10.88,11.2,10.88,11.15,10.89,9864538.0,109339262.0,4460896515.75,4460896515.75
sz000551,创元科技,2021-11-15,11.14,11.35,10.67,10.74,11.15,11743802.0,128218870.0,4296863549.7,4296863549.7
sz000551,创元科技,2021-11-16,10.9,10.9,10.18,10.25,10.74,10148557.0,105438138.0,4100824151.25,4100824151.25
sz000551,创元科技,2021-11-17,10.27,10.38,10.1,10.38,10.25,5909975.0,60550021.0,4152834603.9,4152834603.9
sz000551,创元科技,2021-11-18,10.41,10.55,10.18,10.18,10.38,5637598.0,58191911.0,4072818522.9,4072818522.9
sz000551,创元科技,2021-11-19,10.18,10.5,10.12,10.5,10.18,7132325.0,73852892.0,4200844252.5,4200844252.5
sz000551,创元科技,2021-11-22,10.6,10.67,10.42,10.51,10.5,6423764.0,67765681.0,4204845056.5499997,4204845056.5499997
sz000551,创元科技,2021-11-23,10.48,11.09,10.35,11.06,10.51,14634355.0,157259739.0,4424889279.3,4424889279.3
sz000551,创元科技,2021-11-24,10.93,10.93,10.6,10.65,11.06,12543963.0,134265049.0,4260856313.2500005,4260856313.2500005
sz000551,创元科技,2021-11-25,10.71,10.8,10.5,10.55,10.65,7699177.0,81951475.0,4220848272.75,4220848272.75
sz000551,创元科技,2021-11-26,10.54,10.66,10.35,10.41,10.55,6643516.0,69661649.0,4164837016.05,4164837016.05
sz000551,创元科技,2021-11-29,10.25,10.53,10.17,10.43,10.41,6146519.0,63750431.0,4172838624.1499996,4172838624.1499996
sz000551,创元科技,2021-11-30,10.43,10.57,10.28,10.4,10.43,6355030.0,66366106.0,4160836212.0,4160836212.0
sz000551,创元科技,2021-12-01,10.38,11.05,10.33,10.9,10.4,12895413.0,138463578.0,4360876414.5,4360876414.5
sz000551,创元科技,2021-12-02,11.04,11.1,10.7,10.89,10.9,13355781.0,145237082.0,4356875610.45,4356875610.45
sz000551,创元科技,2021-12-03,10.87,11.11,10.6,10.9,10.89,12757837.0,138156913.0,4360876414.5,4360876414.5
sz000551,创元科技,2021-12-06,10.95,11.04,10.55,10.55,10.9,9882506.0,106437174.0,4220848272.75,4220848272.75
sz000551,创元科技,2021-12-07,10.53,10.62,10.02,10.15,10.55,9022821.0,92348263.0,4060816110.75,4060816110.75
sz000551,创元科技,2021-12-08,10.19,10.65,10.16,10.48,10.15,9168767.0,96051733.0,4192842644.4,4192842644.4
sz000551,创元科技,2021-12-09,10.55,10.56,10.31,10.36,10.48,5338615.0,55402546.0,4144832995.7999997,4144832995.7999997
sz000551,创元科技,2021-12-10,10.35,10.4,10.2,10.23,10.36,4557459.0,46741222.0,4092822543.15,4092822543.15
sz000551,创元科技,2021-12-13,10.23,10.32,10.15,10.25,10.23,4440354.0,45438279.0,4100824151.25,4100824151.25
sz000551,创元科技,2021-12-14,10.18,10.3,10.11,10.29,10.25,3287642.0,33692658.0,4116827367.45,4116827367.45
sz000551,创元科技,2021-12-15,10.27,10.44,10.19,10.41,10.29,6117522.0,63355122.0,4164837016.05,4164837016.05
sz000551,创元科技,2021-12-16,10.41,10.56,10.32,10.55,10.41,6116700.0,63836599.0,4220848272.75,4220848272.75
sz000551,创元科技,2021-12-17,10.53,10.97,10.44,10.78,10.55,14154825.0,152978666.0,4312866765.9,4312866765.9
sz000551,创元科技,2021-12-20,10.87,11.05,10.67,10.72,10.78,10081731.0,109333749.0,4288861941.6,4288861941.6
sz000551,创元科技,2021-12-21,10.67,11.4,10.63,11.2,10.72,19922514.0,221866495.0,4480900536.0,4480900536.0
sz000551,创元科技,2021-12-22,11.12,11.18,10.9,11.04,11.2,11308404.0,124599297.0,4416887671.2,4416887671.2
sz000551,创元科技,2021-12-23,11.0,11.04,10.85,10.9,11.04,8915087.0,97517199.0,4360876414.5,4360876414.5
sz000551,创元科技,2021-12-24,10.98,11.0,10.53,10.58,10.9,8140527.0,87143630.0,4232850684.8999996,4232850684.8999996
sz000551,创元科技,2021-12-27,10.65,10.81,10.44,10.55,10.58,6102854.0,64869679.0,4220848272.75,4220848272.75
sz000551,创元科技,2021-12-28,10.55,10.99,10.49,10.84,10.55,7704073.0,82378212.0,4336871590.2,4336871590.2
sz000551,创元科技,2021-12-29,10.73,10.8,10.46,10.46,10.84,6675899.0,70458574.0,4184841036.3,4184841036.3
sz000551,创元科技,2021-12-30,10.51,10.56,10.35,10.5,10.46,4977090.0,52184868.0,4200844252.4999995,4200844252.4999995
sz000551,创元科技,2021-12-31,10.51,10.85,10.45,10.56,10.5,5397302.0,57341114.0,4224849076.8,4224849076.8
sz000551,创元科技,2022-01-04,10.54,10.72,10.52,10.65,10.56,5280463.0,56088904.0,4260856313.2500005,4260856313.2500005
sz000551,创元科技,2022-01-05,10.64,10.65,10.1,10.19,10.65,8115500.0,83662722.0,4076819326.9500003,4076819326.9500003
sz000551,创元科技,2022-01-06,10.15,10.65,10.14,10.48,10.19,7511732.0,78352573.0,4192842644.4,4192842644.4
sz000551,创元科技,2022-01-07,10.45,10.53,10.11,10.17,10.48,6053494.0,62156094.0,4068817718.85,4068817718.85
sz000551,创元科技,2022-01-10,10.19,10.3,10.08,10.23,10.17,2850307.0,29110708.0,4092822543.15,4092822543.15
sz000551,创元科技,2022-01-11,10.18,10.32,10.07,10.11,10.23,3778209.0,38383439.0,4044812894.55,4044812894.55
sz000551,创元科技,2022-01-12,10.18,10.87,10.13,10.79,10.11,14874143.0,157633422.0,4316867569.95,4316867569.95
sz000551,创元科技,2022-01-13,10.73,10.86,10.56,10.7,10.79,8659454.0,92586881.0,4280860333.5,4280860333.5
sz000551,创元科技,2022-01-14,10.64,10.72,10.3,10.31,10.7,6435800.0,67523805.0,4124828975.5499997,4124828975.5499997
